0	0.607547	0.607547	1
0.00999	0.605832	0.605832	0.997178
0.01998	0.600696	0.600696	0.988723
0.02997	0.592166	0.592166	0.974683
0.03996	0.58029	0.58029	0.955137
0.04995	0.565137	0.565137	0.930196
0.05994	0.546792	0.546792	0.9
0.06993	0.525358	0.525358	0.86472
0.07992	0.500956	0.500956	0.824555
0.08991	0.473725	0.473725	0.779734
0.0999	0.443818	0.443818	0.730508
0.10989	0.411404	0.411404	0.677156
0.11988	0.376667	0.376667	0.61998
0.12987	0.339802	0.339802	0.559302
0.13986	0.301019	0.301019	0.495466
0.14985	0.260535	0.260535	0.428832
0.15984	0.218581	0.218581	0.359776
0.16983	0.175392	0.175392	0.288689
0.17982	0.131213	0.131213	0.215972
0.18981	0.0862934	0.0862934	0.142036
0.1998	0.0408866	0.0408866	0.0672978
0.20979	-0.00475104	-0.00475104	-0.00782005
0.21978	-0.0503619	-0.0503619	-0.0828938
0.22977	-0.0956885	-0.0956885	-0.1575
0.23976	-0.140475	-0.140475	-0.231217
0.24975	-0.184469	-0.184469	-0.30363
0.25974	-0.227422	-0.227422	-0.374329
0.26973	-0.269093	-0.269093	-0.442917
0.27972	-0.309246	-0.309246	-0.509007
0.28971	-0.347654	-0.347654	-0.572227
0.2997	-0.384103	-0.384103	-0.632219
0.30969	-0.418386	-0.418386	-0.688648
0.31968	-0.450311	-0.450311	-0.741195
0.32967	-0.479697	-0.479697	-0.789565
0.33966	-0.506381	-0.506381	-0.833485
0.34965	-0.530212	-0.530212	-0.872711
0.35964	-0.551057	-0.551057	-0.90702
0.36963	-0.568799	-0.568799	-0.936223
0.37962	-0.583339	-0.583339	-0.960154
0.38961	-0.594595	-0.594595	-0.978681
0.3996	-0.602505	-0.602505	-0.991702
0.40959	-0.607026	-0.607026	-0.999143
0.41958	-0.608133	-0.608133	-1.00097
0.42957	-0.605821	-0.605821	-0.99716
0.43956	-0.600104	-0.600104	-0.98775
0.44955	-0.591016	-0.591016	-0.97279
0.45954	-0.578607	-0.578607	-0.952367
0.46953	-0.56295	-0.56295	-0.926596
0.47952	-0.544134	-0.544134	-0.895625
0.48951	-0.522264	-0.522264	-0.859628
0.4995	-0.497466	-0.497466	-0.818812
0.50949	-0.46988	-0.46988	-0.773405
0.51948	-0.43966	-0.43966	-0.723665
0.52947	-0.406978	-0.406978	-0.669871
0.53946	-0.372018	-0.372018	-0.612329
0.54945	-0.334977	-0.334977	-0.55136
0.55944	-0.296063	-0.296063	-0.487308
0.56943	-0.255494	-0.255494	-0.420533
0.57942	-0.213498	-0.213498	-0.35141
0.58941	-0.17031	-0.17031	-0.280324
0.5994	-0.126172	-0.126172	-0.207675
0.60939	-0.081331	-0.081331	-0.133868
0.61938	-0.0360368	-0.0360368	-0.0593152
0.62937	0.00945816	0.00945816	0.0155678
0.63936	0.0549005	0.0549005	0.0903643
0.64935	0.100038	0.100038	0.164658
0.65934	0.144619	0.144619	0.238038
0.66933	0.188399	0.188399	0.310097
0.67932	0.231133	0.231133	0.380437
0.68931	0.272588	0.272588	0.448669
0.6993	0.312533	0.312533	0.514419
0.70929	0.350751	0.350751	0.577324
0.71928	0.387032	0.387032	0.637041
0.72927	0.421178	0.421178	0.693243
0.73926	0.453002	0.453002	0.745625
0.74925	0.482332	0.482332	0.793901
0.75924	0.50901	0.50901	0.837812
0.76923	0.532893	0.532893	0.877122
0.77922	0.553852	0.553852	0.911621
0.78921	0.571777	0.571777	0.941125
0.7992	0.586575	0.586575	0.965481
0.80919	0.598167	0.598167	0.984562
0.81918	0.606497	0.606497	0.998272
0.82917	0.611522	0.611522	1.00654
0.83916	0.613222	0.613222	1.00934
0.84915	0.611591	0.611591	1.00666
0.85914	0.606644	0.606644	0.998514
0.86913	0.598414	0.598414	0.984968
0.87912	0.586951	0.586951	0.9661
0.88911	0.572322	0.572322	0.942021
0.8991	0.554612	0.554612	0.912871
0.90909	0.533922	0.533922	0.878817
0.91908	0.510369	0.510369	0.840049
0.92907	0.484085	0.484085	0.796786
0.93906	0.455216	0.455216	0.749269
0.94905	0.423921	0.423921	0.697758
0.95904	0.390372	0.390372	0.642538
0.96903	0.354752	0.354752	0.583909
0.97902	0.317255	0.317255	0.522191
0.98901	0.278084	0.278084	0.457716
0.999	0.237448	0.237448	0.39083
1.00899	0.195565	0.195565	0.321892
1.01898	0.152657	0.152657	0.251268
1.02897	0.108952	0.108952	0.179332
1.03896	0.0646801	0.0646801	0.106461
1.04895	0.0200718	0.0200718	0.0330374
1.05894	-0.0246406	-0.0246406	-0.0405576
1.06893	-0.069226	-0.069226	-0.113943
1.07892	-0.113455	-0.113455	-0.186743
1.08891	-0.157103	-0.157103	-0.258586
1.0989	-0.199948	-0.199948	-0.329107
1.10889	-0.241775	-0.241775	-0.397953
1.11888	-0.282375	-0.282375	-0.464779
1.12887	-0.321548	-0.321548	-0.529256
1.13886	-0.359102	-0.359102	-0.591068
1.14885	-0.394854	-0.394854	-0.649915
1.15884	-0.428633	-0.428633	-0.705515
1.16883	-0.46028	-0.46028	-0.757605
1.17882	-0.489647	-0.489647	-0.805941
1.18881	-0.516598	-0.516598	-0.850302
1.1988	-0.541013	-0.541013	-0.890488
1.20879	-0.562783	-0.562783	-0.926321
1.21878	-0.581816	-0.581816	-0.957648
1.22877	-0.598032	-0.598032	-0.98434
1.23876	-0.611368	-0.611368	-1.00629
1.24875	-0.621775	-0.621775	-1.02342
1.25874	-0.629218	-0.629218	-1.03567
1.26873	-0.633678	-0.633678	-1.04301
1.27872	-0.635152	-0.635152	-1.04544
1.28871	-0.633649	-0.633649	-1.04296
1.2987	-0.629195	-0.629195	-1.03563
1.30869	-0.621827	-0.621827	-1.02351
1.31868	-0.611599	-0.611599	-1.00667
1.32867	-0.598575	-0.598575	-0.985233
1.33866	-0.582833	-0.582833	-0.959322
1.34865	-0.564462	-0.564462	-0.929084
1.35864	-0.543564	-0.543564	-0.894686
1.36863	-0.520249	-0.520249	-0.85631
1.37862	-0.494638	-0.494638	-0.814156
1.38861	-0.466861	-0.466861	-0.768436
1.3986	-0.437055	-0.437055	-0.719378
1.40859	-0.405367	-0.405367	-0.667219
1.41858	-0.371945	-0.371945	-0.612208
1.42857	-0.336948	-0.336948	-0.554604
1.43856	-0.300535	-0.300535	-0.494669
1.44855	-0.262871	-0.262871	-0.432676
1.45854	-0.224123	-0.224123	-0.368899
1.46853	-0.18446	-0.18446	-0.303615
1.47852	-0.144051	-0.144051	-0.237103
1.48851	-0.103066	-0.103066	-0.169642
1.4985	-0.0616715	-0.0616715	-0.101509
1.50849	-0.0200356	-0.0200356	-0.0329779
1.51848	0.0216782	0.0216782	0.0356815
1.52847	0.0633093	0.0633093	0.104205
1.53846	0.104701	0.104701	0.172335
1.54845	0.145702	0.145702	0.239821
1.55844	0.186166	0.186166	0.306422
1.56843	0.225952	0.225952	0.371909
1.57842	0.264926	0.264926	0.436059
1.58841	0.302962	0.302962	0.498665
1.5984	0.33994	0.33994	0.559529
1.60839	0.375749	0.375749	0.618469
1.61838	0.410284	0.410284	0.675313
1.62837	0.443451	0.443451	0.729905
1.63836	0.475164	0.475164	0.782103
1.64835	0.505344	0.505344	0.831778
1.65834	0.533923	0.533923	0.878818
1.66833	0.56084	0.56084	0.923123
1.67832	0.586045	0.586045	0.964609
1.68831	0.609496	0.609496	1.00321
1.6983	0.631158	0.631158	1.03886
1.70829	0.651008	0.651008	1.07154
1.71828	0.669029	0.669029	1.1012
1.72827	0.685212	0.685212	1.12783
1.73826	0.699558	0.699558	1.15145
1.74825	0.712074	0.712074	1.17205
1.75824	0.722775	0.722775	1.18966
1.76823	0.731683	0.731683	1.20432
1.77822	0.738825	0.738825	1.21608
1.78821	0.744238	0.744238	1.22499
1.7982	0.74796	0.74796	1.23112
1.80819	0.750039	0.750039	1.23454
1.81818	0.750524	0.750524	1.23534
1.82817	0.749471	0.749471	1.2336
1.83816	0.746939	0.746939	1.22944
1.84815	0.742991	0.742991	1.22294
1.85814	0.737692	0.737692	1.21422
1.86813	0.731112	0.731112	1.20338
1.87812	0.72332	0.72332	1.19056
1.88811	0.71439	0.71439	1.17586
1.8981	0.704394	0.704394	1.15941
1.90809	0.693408	0.693408	1.14132
1.91808	0.681507	0.681507	1.12174
1.92807	0.668767	0.668767	1.10077
1.93806	0.655261	0.655261	1.07854
1.94805	0.641066	0.641066	1.05517
1.95804	0.626255	0.626255	1.03079
1.96803	0.610899	0.610899	1.00552
1.97802	0.595071	0.595071	0.979466
1.98801	0.578839	0.578839	0.952748
1.998	0.562271	0.562271	0.925478
2.00799	0.545431	0.545431	0.897761
2.01798	0.528383	0.528383	0.8697
2.02797	0.511187	0.511187	0.841396
2.03796	0.4939	0.4939	0.812941
2.04795	0.476577	0.476577	0.784428
2.05794	0.459269	0.459269	0.75594
2.06793	0.442026	0.442026	0.727559
2.07792	0.424893	0.424893	0.699359
2.08791	0.407913	0.407913	0.671411
2.0979	0.391127	0.391127	0.64378
2.10789	0.374569	0.374569	0.616527
2.11788	0.358274	0.358274	0.589706
2.12787	0.342273	0.342273	0.563369
2.13786	0.326592	0.326592	0.537559
2.14785	0.311257	0.311257	0.512318
2.15784	0.29629	0.29629	0.487682
2.16783	0.281708	0.281708	0.463681
2.17782	0.267529	0.267529	0.440343
2.18781	0.253766	0.253766	0.41769
2.1978	0.240431	0.240431	0.395741
2.20779	0.227532	0.227532	0.37451
2.21778	0.215076	0.215076	0.354008
2.22777	0.203068	0.203068	0.334243
2.23776	0.19151	0.19151	0.315219
2.24775	0.180404	0.180404	0.296938
2.25774	0.169747	0.169747	0.279397
2.26773	0.159537	0.159537	0.262593
2.27772	0.149771	0.149771	0.246518
2.28771	0.140443	0.140443	0.231164
2.2977	0.131546	0.131546	0.21652
2.30769	0.123073	0.123073	0.202573
2.31768	0.115014	0.115014	0.189309
2.32767	0.107361	0.107361	0.176712
2.33766	0.100102	0.100102	0.164764
2.34765	0.093227	0.093227	0.153448
2.35764	0.0867244	0.0867244	0.142745
2.36763	0.0805819	0.0805819	0.132635
2.37762	0.0747872	0.0747872	0.123097
2.38761	0.0693276	0.0693276	0.114111
2.3976	0.0641901	0.0641901	0.105655
2.40759	0.0593617	0.0593617	0.0977072
2.41758	0.0548293	0.0548293	0.0902471
2.42757	0.0505798	0.0505798	0.0832526
2.43756	0.0466002	0.0466002	0.0767022
2.44755	0.0428773	0.0428773	0.0705745
2.45754	0.0393985	0.0393985	0.0648484
2.46753	0.036151	0.036151	0.0595032
2.47752	0.0331224	0.0331224	0.0545183
2.48751	0.0303006	0.0303006	0.0498737
2.4975	0.0276736	0.0276736	0.0455497
2.50749	0.0252298	0.0252298	0.0415274
2.51748	0.0229579	0.0229579	0.0377879
2.52747	0.0208469	0.0208469	0.0343133
2.53746	0.0188861	0.0188861	0.0310859
2.54745	0.0170652	0.0170652	0.0280886
2.55744	0.015374	0.015374	0.025305
2.56743	0.0138029	0.0138029	0.0227191
2.57742	0.0123425	0.0123425	0.0203153
2.58741	0.0109836	0.0109836	0.0180786
2.5974	0.00971735	0.00971735	0.0159944
2.60739	0.00853518	0.00853518	0.0140486
2.61738	0.0074287	0.0074287	0.0122274
2.62737	0.0063897	0.0063897	0.0105172
2.63736	0.00541016	0.00541016	0.00890493
2.64735	0.00448218	0.00448218	0.00737751
2.65734	0.00359792	0.00359792	0.00592204
2.66733	0.00274957	0.00274957	0.00452569
2.67732	0.00192929	0.00192929	0.00317555
2.68731	0.00112916	0.00112916	0.00185856
2.6973	0.000341073	0.000341073	0.000561394
2.70729	-0.000443319	0	-0.000729688
2.71728	-0.0012327	0	-0.00202898
2.72727	-0.00203618	0	-0.00335149
2.73726	-0.00286346	0	-0.00471315
2.74725	-0.00372489	0	-0.00613103
2.75724	-0.00463168	0	-0.00762359
2.76723	-0.00559607	0	-0.00921092
2.77722	-0.00663146	0	-0.0109151
2.78721	-0.00775274	0	-0.0127607
2.7972	-0.00897645	0	-0.0147749
2.80719	-0.0103212	0	-0.0169883
2.81718	-0.0118078	0	-0.0194352
2.82717	-0.01346	0	-0.0221547
2.83716	-0.0153046	0	-0.0251909
2.84715	-0.0173723	0	-0.0285942
2.85714	-0.0196981	0	-0.0324224
2.86713	-0.0223221	0	-0.0367414
2.87712	-0.0252905	0	-0.0416272
2.88711	-0.0286563	0	-0.0471672
2.8971	-0.0324809	0	-0.0534624
2.90709	-0.0368352	0	-0.0606294
2.91708	-0.0418011	0	-0.0688031
2.92707	-0.0474737	0	-0.0781401
2.93706	-0.0539635	0	-0.088822
2.94705	-0.0613988	0	-0.10106
2.95704	-0.069929	0	-0.115101
2.96703	-0.0797282	0	-0.13123
2.97702	-0.0909996	0	-0.149782
2.98701	-0.10398	0	-0.171148
2.997	-0.118949	0	-0.195785
3.00699	-0.136229	0	-0.224228
3.01698	-0.156202	0	-0.257103
3.02697	-0.179316	0	-0.295147
3.03696	-0.206095	0	-0.339224
3.04695	-0.237156	0	-0.390351
3.05694	-0.273228	0	-0.449724
3.06693	-0.315168	0	-0.518754
3.07692	-0.363985	0	-0.599106
3.08691	-0.420875	0	-0.692745
3.0969	-0.48725	0	-0.801997
3.10689	-0.564783	0	-0.929612
3.11688	-0.655453	0	-1.07885
3.12687	-0.761613	0	-1.25359
3.13686	-0.886054	0	-1.45841
3.14685	-1.0321	0	-1.69879
3.15684	-1.20369	0	-1.98123
3.16683	-1.40554	0	-2.31347
3.17682	-1.64328	0	-2.70477
3.18681	-1.9236	0	-3.16617
3.1968	-2.25452	0	-3.71087
3.20679	-2.64567	0	-4.35467
3.21678	-3.10853	0	-5.11652
3.22677	-3.65691	0	-6.01915
3.23676	-4.30741	0	-7.08984
3.24675	-5.07995	0	-8.36141
3.25674	-5.99854	0	-9.87338
3.26673	-7.09211	0	-11.6734
3.27672	-8.39556	0	-13.8188
3.28671	-9.95107	0	-16.3791
3.2967	-11.8096	0	-19.4382
3.30669	-14.033	0	-23.0978
3.31668	-16.696	0	-27.481
3.32667	-19.8894	0	-32.7373
3.33666	-23.7238	0	-39.0484
3.34665	-28.3332	0	-46.6354
3.35664	-33.8812	0	-55.7673
3.36663	-40.5673	0	-66.7723
3.37662	-48.6347	0	-80.051
3.38661	-58.3811	0	-96.0932
3.3966	-70.1703	0	-115.498
3.40659	-84.4484	0	-138.999
3.41658	-101.762	0	-167.497
3.42657	-122.784	0	-202.098
3.43656	-148.34	0	-244.162
3.44655	-179.445	0	-295.361
3.45654	-217.355	0	-357.759
3.46653	-263.615	0	-433.901
3.47652	-320.136	0	-526.933
3.48651	-389.282	0	-640.744
3.4965	-473.98	0	-780.154
3.50649	-577.86	0	-951.137
3.51648	-705.43	0	-1161.11
3.52647	-862.292	0	-1419.3
3.53646	-1055.42	0	-1737.18
3.54645	-1293.5	0	-2129.06
3.55644	-1587.39	0	-2612.78
3.56643	-1950.62	0	-3210.64
3.57642	-2400.13	0	-3950.54
3.58641	-2957.16	0	-4867.39
3.5964	-3648.31	0	-6004.99
3.60639	-4507	0	-7418.36
3.61638	-5575.22	0	-9176.61
3.62637	-6905.85	0	-11366.8
3.63636	-8565.52	0	-14098.5
3.64635	-10638.3	0	-17510.3
3.65634	-13230.5	0	-21777
3.66633	-16476.5	0	-27119.8
3.67632	-20546.6	0	-33819
3.68631	-25656.8	0	-42230.2
3.6963	-32081.5	0	-52804.9
3.70629	-40169.4	0	-66117.4
3.71628	-50364.8	0	-82898.7
3.72627	-63234.1	0	-104081
3.73626	-79500.4	0	-130855
3.74625	-100088	0	-164741
3.75624	-126180	0	-207687
3.76623	-159292	0	-262189
3.77622	-201371	0	-331450
3.78621	-254918	0	-419585
3.7962	-323149	0	-531892
3.80619	-410212	0	-675194
3.81618	-521455	0	-858296
3.82617	-663787	0	-1.09257e+006
3.83616	-846149	0	-1.39273e+006
3.84615	-1.08012e+006	0	-1.77784e+006
3.85614	-1.38072e+006	0	-2.27261e+006
3.86613	-1.76745e+006	0	-2.90916e+006
3.87612	-2.26568e+006	0	-3.72923e+006
3.88611	-2.90846e+006	0	-4.78722e+006
3.8961	-3.73887e+006	0	-6.15405e+006
3.90609	-4.81318e+006	0	-7.92232e+006
3.91608	-6.20496e+006	0	-1.02131e+007
3.92607	-8.01056e+006	0	-1.31851e+007
3.93606	-1.03563e+007	0	-1.70461e+007
3.94605	-1.34081e+007	0	-2.20692e+007
3.95604	-1.73839e+007	0	-2.86133e+007
3.96603	-2.2571e+007	0	-3.7151e+007
3.97602	-2.93479e+007	0	-4.83056e+007
3.98601	-3.82145e+007	0	-6.28997e+007
3.996	-4.98316e+007	0	-8.2021e+007
4.00599	-6.50741e+007	0	-1.0711e+008
4.01598	-8.5102e+007	0	-1.40075e+008
4.02597	-1.11455e+008	0	-1.83451e+008
4.03596	-1.46182e+008	0	-2.4061e+008
4.04595	-1.92007e+008	0	-3.16036e+008
4.05594	-2.52566e+008	0	-4.15714e+008
4.06593	-3.3271e+008	0	-5.47629e+008
4.07592	-4.38929e+008	0	-7.22461e+008
4.08591	-5.79908e+008	0	-9.54508e+008
4.0959	-7.67297e+008	0	-1.26294e+009
4.10589	-1.01673e+009	0	-1.67351e+009
4.11588	-1.34925e+009	0	-2.22081e+009
4.12587	-1.79316e+009	0	-2.95148e+009
4.13586	-2.38666e+009	0	-3.92836e+009
4.14585	-3.18132e+009	0	-5.23633e+009
4.15584	-4.24687e+009	0	-6.9902e+009
4.16583	-5.6778e+009	0	-9.34545e+009
4.17582	-7.6022e+009	0	-1.2513e+010
4.18581	-1.01941e+010	0	-1.67791e+010
4.1958	-1.36902e+010	0	-2.25336e+010
4.20579	-1.8413e+010	0	-3.03072e+010
4.21578	-2.48025e+010	0	-4.0824e+010
4.22577	-3.34595e+010	0	-5.50731e+010
4.23576	-4.52065e+010	0	-7.44083e+010
4.24575	-6.11704e+010	0	-1.00684e+011
4.25574	-8.28975e+010	0	-1.36446e+011
4.26573	-1.12513e+011	0	-1.85192e+011
4.27572	-1.52942e+011	0	-2.51736e+011
4.28571	-2.08215e+011	0	-3.42715e+011
4.2957	-2.83899e+011	0	-4.67288e+011
4.30569	-3.87688e+011	0	-6.38121e+011
4.31568	-5.30235e+011	0	-8.72748e+011
4.32567	-7.26313e+011	0	-1.19549e+012
4.33566	-9.96436e+011	0	-1.6401e+012
4.34565	-1.36914e+012	0	-2.25355e+012
4.35564	-1.88416e+012	0	-3.10126e+012
4.36563	-2.59694e+012	0	-4.27448e+012
4.37562	-3.58495e+012	0	-5.9007e+012
4.38561	-4.95657e+012	0	-8.15834e+012
4.3956	-6.8637e+012	0	-1.12974e+013
4.40559	-9.51951e+012	0	-1.56688e+013
4.41558	-1.32237e+013	0	-2.17657e+013
4.42557	-1.83981e+013	0	-3.02826e+013
4.43556	-2.56376e+013	0	-4.21986e+013
4.44555	-3.57822e+013	0	-5.88962e+013
4.45554	-5.002e+013	0	-8.23311e+013
4.46553	-7.00339e+013	0	-1.15273e+014
4.47552	-9.82115e+013	0	-1.61653e+014
4.48551	-1.37945e+014	0	-2.27053e+014
4.4955	-1.94064e+014	0	-3.19422e+014
4.50549	-2.73448e+014	0	-4.50086e+014
4.51548	-3.85923e+014	0	-6.35216e+014
4.52547	-5.45535e+014	0	-8.97931e+014
4.53546	-7.724e+014	0	-1.27134e+015
4.54545	-1.09537e+015	0	-1.80294e+015
4.55544	-1.55589e+015	0	-2.56095e+015
4.56543	-2.21361e+015	0	-3.64352e+015
4.57542	-3.15446e+015	0	-5.19213e+015
4.58541	-4.50251e+015	0	-7.41096e+015
4.5954	-6.43708e+015	0	-1.05952e+016
4.60539	-9.21788e+015	0	-1.51723e+016
4.61538	-1.32215e+016	0	-2.17622e+016
4.62537	-1.89952e+016	0	-3.12654e+016
4.63536	-2.73348e+016	0	-4.49921e+016
4.64535	-3.94004e+016	0	-6.48517e+016
4.65534	-5.68854e+016	0	-9.36313e+016
4.66533	-8.22652e+016	0	-1.35406e+017
4.67532	-1.19165e+017	0	-1.96141e+017
4.68531	-1.72902e+017	0	-2.8459e+017
4.6953	-2.51287e+017	0	-4.1361e+017
4.70529	-3.65816e+017	0	-6.02119e+017
4.71528	-5.33429e+017	0	-8.78006e+017
4.72527	-7.7914e+017	0	-1.28244e+018
4.73526	-1.13993e+018	0	-1.87629e+018
4.74525	-1.67059e+018	0	-2.74974e+018
4.75524	-2.45239e+018	0	-4.03655e+018
4.76523	-3.60611e+018	0	-5.93553e+018
4.77522	-5.31152e+018	0	-8.74257e+018
4.78521	-7.83666e+018	0	-1.28989e+019
4.7952	-1.15818e+019	0	-1.90633e+019
4.80519	-1.71458e+019	0	-2.82214e+019
4.81518	-2.54259e+019	0	-4.18502e+019
4.82517	-3.77688e+019	0	-6.21661e+019
4.83516	-5.6199e+019	0	-9.25016e+019
4.84515	-8.37655e+019	0	-1.37875e+020
4.85514	-1.25067e+020	0	-2.05856e+020
4.86513	-1.87054e+020	0	-3.07884e+020
4.87512	-2.80242e+020	0	-4.61269e+020
4.88511	-4.20579e+020	0	-6.92258e+020
4.8951	-6.32281e+020	0	-1.04071e+021
4.90509	-9.52184e+020	0	-1.56726e+021
4.91508	-1.43643e+021	0	-2.3643e+021
4.92507	-2.17069e+021	0	-3.57287e+021
4.93506	-3.28598e+021	0	-5.4086e+021
4.94505	-4.98296e+021	0	-8.20177e+021
4.95504	-7.56949e+021	0	-1.24591e+022
4.96503	-1.15187e+022	0	-1.89594e+022
4.97502	-1.7559e+022	0	-2.89015e+022
4.98501	-2.68137e+022	0	-4.41343e+022
4.995	-4.1018e+022	0	-6.75142e+022
5.00499	-6.28575e+022	0	-1.03461e+023
5.01498	-9.64949e+022	0	-1.58827e+023
5.02497	-1.48395e+023	0	-2.44252e+023
5.03496	-2.28612e+023	0	-3.76287e+023
5.04495	-3.52817e+023	0	-5.80724e+023
5.05494	-5.45469e+023	0	-8.97823e+023
5.06493	-8.44818e+023	0	-1.39054e+024
5.07492	-1.31078e+024	0	-2.1575e+024
5.08491	-2.03737e+024	0	-3.35344e+024
5.0949	-3.1724e+024	0	-5.22166e+024
5.10489	-4.94861e+024	0	-8.14524e+024
5.11488	-7.73317e+024	0	-1.27285e+025
5.12487	-1.21063e+025	0	-1.99266e+025
5.13486	-1.89867e+025	0	-3.12514e+025
5.14485	-2.98311e+025	0	-4.9101e+025
5.15484	-4.69542e+025	0	-7.7285e+025
5.16483	-7.404e+025	0	-1.21867e+026
5.17482	-1.16962e+026	0	-1.92515e+026
5.18481	-1.85103e+026	0	-3.04673e+026
5.1948	-2.93476e+026	0	-4.8305e+026
5.20479	-4.66147e+026	0	-7.67261e+026
5.21478	-7.41766e+026	0	-1.22092e+027
5.22477	-1.18251e+027	0	-1.94637e+027
5.23476	-1.8886e+027	0	-3.10857e+027
5.24475	-3.02186e+027	0	-4.97387e+027
5.25474	-4.84402e+027	0	-7.97308e+027
5.26473	-7.77926e+027	0	-1.28044e+028
5.27472	-1.25162e+028	0	-2.06012e+028
5.28471	-2.01749e+028	0	-3.32072e+028
5.2947	-3.25802e+028	0	-5.36259e+028
5.30469	-5.27113e+028	0	-8.67609e+028
5.31468	-8.54399e+028	0	-1.40631e+029
5.32467	-1.38748e+029	0	-2.28374e+029
5.33466	-2.25738e+029	0	-3.71556e+029
5.34465	-3.67953e+029	0	-6.05638e+029
5.35464	-6.0089e+029	0	-9.89044e+029
5.36463	-9.83134e+029	0	-1.6182e+030
5.37462	-1.61156e+030	0	-2.65257e+030
5.38461	-2.64666e+030	0	-4.35631e+030
5.3946	-4.35481e+030	0	-7.16786e+030
5.40459	-7.17895e+030	0	-1.18163e+031
5.41458	-1.1857e+031	0	-1.95162e+031
5.42457	-1.96206e+031	0	-3.22948e+031
5.43456	-3.25293e+031	0	-5.3542e+031
5.44455	-5.40335e+031	0	-8.89372e+031
5.45454	-8.99249e+031	0	-1.48013e+032
5.46453	-1.49943e+032	0	-2.46801e+032
5.47452	-2.50497e+032	0	-4.1231e+032
5.48451	-4.19288e+032	0	-6.90133e+032
5.4945	-7.03162e+032	0	-1.15738e+033
5.50449	-1.1815e+033	0	-1.94471e+033
5.51448	-1.98906e+033	0	-3.27392e+033
5.52447	-3.35506e+033	0	-5.52231e+033
5.53446	-5.67013e+033	0	-9.33283e+033
5.54445	-9.60121e+033	0	-1.58032e+034
5.55444	-1.62893e+034	0	-2.68115e+034
5.56443	-2.76899e+034	0	-4.55765e+034
5.57442	-4.71613e+034	0	-7.76257e+034
5.58441	-8.04816e+034	0	-1.3247e+035
5.5944	-1.37612e+035	0	-2.26504e+035
5.60439	-2.35757e+035	0	-3.88048e+035
5.61438	-4.04693e+035	0	-6.6611e+035
5.62437	-6.96046e+035	0	-1.14567e+036
5.63436	-1.19951e+036	0	-1.97435e+036
5.64435	-2.07122e+036	0	-3.40916e+036
5.65434	-3.58349e+036	0	-5.89829e+036
5.66433	-6.21216e+036	0	-1.0225e+037
5.67432	-1.07905e+037	0	-1.77607e+037
5.68431	-1.87801e+037	0	-3.09114e+037
5.6943	-3.27506e+037	0	-5.39063e+037
5.70429	-5.72274e+037	0	-9.41943e+037
5.71428	-1.00197e+038	0	-1.64921e+038
5.72427	-1.75781e+038	0	-2.89329e+038
5.73426	-3.09e+038	0	-5.08603e+038
5.74425	-5.4427e+038	0	-8.95849e+038
5.75424	-9.60599e+038	0	-1.58111e+039
5.76423	-1.6988e+039	0	-2.79616e+039
5.77422	-3.01035e+039	0	-4.95493e+039
5.78421	-5.34524e+039	0	-8.79808e+039
5.7942	-9.51032e+039	0	-1.56536e+040
5.80419	-1.69551e+040	0	-2.79075e+040
5.81418	-3.02892e+040	0	-4.98549e+040
5.82417	-5.42195e+040	0	-8.92434e+040
5.83416	-9.72539e+040	0	-1.60076e+041
5.84415	-1.748e+041	0	-2.87715e+041
5.85414	-3.14821e+041	0	-5.18184e+041
5.86413	-5.68163e+041	0	-9.35176e+041
5.87412	-1.02747e+042	0	-1.69118e+042
5.88411	-1.86191e+042	0	-3.06464e+042
5.8941	-3.38095e+042	0	-5.56492e+042
5.90409	-6.15194e+042	0	-1.01259e+043
5.91408	-1.12171e+043	0	-1.84629e+043
5.92407	-2.04948e+043	0	-3.37337e+043
5.93406	-3.75237e+043	0	-6.17626e+043
5.94405	-6.8844e+043	0	-1.13315e+044
5.95404	-1.26569e+044	0	-2.08328e+044
5.96403	-2.3318e+044	0	-3.83806e+044
5.97402	-4.30485e+044	0	-7.08562e+044
5.98401	-7.96397e+044	0	-1.31084e+045
5.994	-1.47641e+045	0	-2.43012e+045
6.00399	-2.7428e+045	0	-4.51454e+045
6.01398	-5.10609e+045	0	-8.40445e+045
6.02397	-9.52565e+045	0	-1.56789e+046
6.03396	-1.78079e+046	0	-2.93112e+046
6.04395	-3.33615e+046	0	-5.49118e+046
6.05394	-6.26314e+046	0	-1.03089e+047
6.06393	-1.1783e+047	0	-1.93944e+047
6.07392	-2.22146e+047	0	-3.65644e+047
6.08391	-4.197e+047	0	-6.90812e+047
6.0939	-7.94624e+047	0	-1.30792e+048
6.10389	-1.50767e+048	0	-2.48157e+048
6.11388	-2.86666e+048	0	-4.71841e+048
6.12387	-5.46223e+048	0	-8.99063e+048
6.13386	-1.04302e+049	0	-1.71677e+049
6.14385	-1.99591e+049	0	-3.28519e+049
6.15384	-3.82754e+049	0	-6.3e+049
6.16383	-7.35581e+049	0	-1.21074e+050
6.17382	-1.41669e+050	0	-2.33182e+050
6.18381	-2.73433e+050	0	-4.50061e+050
6.1938	-5.28889e+050	0	-8.70532e+050
6.20379	-1.02522e+051	0	-1.68747e+051
6.21378	-1.99161e+051	0	-3.27812e+051
6.22377	-3.87733e+051	0	-6.38195e+051
6.23376	-7.56491e+051	0	-1.24516e+052
6.24375	-1.47917e+052	0	-2.43465e+052
6.25374	-2.89851e+052	0	-4.77085e+052
6.26373	-5.69219e+052	0	-9.36913e+052
6.27372	-1.12029e+053	0	-1.84396e+053
6.28371	-2.20969e+053	0	-3.63706e+053
6.2937	-4.36799e+053	0	-7.18955e+053
6.30369	-8.65334e+053	0	-1.42431e+054
6.31368	-1.71806e+054	0	-2.82787e+054
6.32367	-3.41861e+054	0	-5.62691e+054
6.33366	-6.81736e+054	0	-1.12211e+055
6.34365	-1.36251e+055	0	-2.24265e+055
6.35364	-2.72913e+055	0	-4.49205e+055
6.36363	-5.47858e+055	0	-9.01755e+055
6.37362	-1.10224e+056	0	-1.81424e+056
6.38361	-2.22251e+056	0	-3.65818e+056
6.3936	-4.49137e+056	0	-7.39264e+056
6.40359	-9.09662e+056	0	-1.49727e+057
6.41358	-1.8465e+057	0	-3.03927e+057
6.42357	-3.75654e+057	0	-6.18313e+057
6.43356	-7.65946e+057	0	-1.26072e+058
6.44355	-1.56524e+058	0	-2.57632e+058
6.45354	-3.2058e+058	0	-5.27662e+058
6.46353	-6.58062e+058	0	-1.08315e+059
6.47352	-1.35386e+059	0	-2.22841e+059
6.48351	-2.79165e+059	0	-4.59496e+059
6.4935	-5.76936e+059	0	-9.49616e+059
6.50349	-1.19502e+060	0	-1.96696e+060
6.51348	-2.48087e+060	0	-4.08343e+060
6.52347	-5.16201e+060	0	-8.49648e+060
6.53346	-1.07651e+061	0	-1.7719e+061
6.54345	-2.25012e+061	0	-3.70361e+061
6.55344	-4.71391e+061	0	-7.75892e+061
6.56343	-9.89798e+061	0	-1.62917e+062
6.57342	-2.08307e+062	0	-3.42865e+062
6.58341	-4.39393e+062	0	-7.23226e+062
6.5934	-9.28962e+062	0	-1.52904e+063
6.60339	-1.96851e+063	0	-3.2401e+063
6.61338	-4.18096e+063	0	-6.88171e+063
6.62337	-8.90047e+063	0	-1.46499e+064
6.63336	-1.89911e+064	0	-3.12587e+064
6.64335	-4.06153e+064	0	-6.68513e+064
6.65334	-8.70626e+064	0	-1.43302e+065
6.66333	-1.87059e+065	0	-3.07892e+065
6.67332	-4.0284e+065	0	-6.63059e+065
6.68331	-8.69547e+065	0	-1.43124e+066
6.6933	-1.88132e+066	0	-3.09659e+066
6.70329	-4.07985e+066	0	-6.71529e+066
6.71328	-8.86825e+066	0	-1.45968e+067
6.72327	-1.93217e+067	0	-3.18028e+067
6.73326	-4.21956e+067	0	-6.94524e+067
6.74325	-9.23645e+067	0	-1.52029e+068
6.75324	-2.02657e+068	0	-3.33566e+068
6.76323	-4.45695e+068	0	-7.33598e+068
6.77322	-9.82506e+068	0	-1.61717e+069
6.78321	-2.17098e+069	0	-3.57335e+069
6.7932	-4.80838e+069	0	-7.91442e+069
6.80319	-1.0675e+070	0	-1.75707e+070
6.81318	-2.37555e+070	0	-3.91007e+070
6.82317	-5.29893e+070	0	-8.72186e+070
6.83316	-1.18479e+071	0	-1.95013e+071
6.84315	-2.65539e+071	0	-4.37068e+071
6.85314	-5.96551e+071	0	-9.81901e+071
6.86313	-1.34338e+072	0	-2.21116e+072
6.87312	-3.03242e+072	0	-4.99125e+072
6.88311	-6.86143e+072	0	-1.12937e+073
6.8931	-1.55625e+073	0	-2.56153e+073
6.90309	-3.53822e+073	0	-5.82378e+073
6.91308	-8.06364e+073	0	-1.32725e+074
6.92307	-1.84213e+074	0	-3.03209e+074
6.93306	-4.21848e+074	0	-6.94346e+074
6.94305	-9.68359e+074	0	-1.59388e+075
6.95304	-2.22825e+075	0	-3.66763e+075
6.96303	-5.13975e+075	0	-8.45985e+075
6.97302	-1.18842e+076	0	-1.9561e+076
6.98301	-2.75455e+076	0	-4.53388e+076
6.993	-6.40006e+076	0	-1.05343e+077
7.00299	-1.49064e+077	0	-2.45354e+077
7.01298	-3.48031e+077	0	-5.72846e+077
7.02297	-8.14555e+077	0	-1.34073e+078
7.03296	-1.9111e+078	0	-3.1456e+078
7.04295	-4.49476e+078	0	-7.39821e+078
7.05294	-1.05972e+079	0	-1.74427e+079
7.06293	-2.50462e+079	0	-4.12252e+079
7.07292	-5.93413e+079	0	-9.76737e+079
7.08291	-1.40942e+080	0	-2.31985e+080
7.0929	-3.35575e+080	0	-5.52344e+080
7.10289	-8.00958e+080	0	-1.31835e+081
7.11288	-1.91647e+081	0	-3.15443e+081
7.12287	-4.5969e+081	0	-7.56634e+081
7.13286	-1.10536e+082	0	-1.81938e+082
7.14285	-2.66451e+082	0	-4.38569e+082
7.15284	-6.43887e+082	0	-1.05981e+083
7.16283	-1.55984e+083	0	-2.56744e+083
7.17282	-3.78817e+083	0	-6.2352e+083
7.18281	-9.22278e+083	0	-1.51804e+084
7.1928	-2.25101e+084	0	-3.70508e+084
7.20279	-5.50778e+084	0	-9.06561e+084
7.21278	-1.35102e+085	0	-2.22373e+085
7.22277	-3.32228e+085	0	-5.46835e+085
7.23276	-8.19028e+085	0	-1.34809e+086
7.24275	-2.02419e+086	0	-3.33175e+086
7.25274	-5.0153e+086	0	-8.255e+086
7.26273	-1.24576e+087	0	-2.05048e+087
7.27272	-3.10219e+087	0	-5.1061e+087
7.28271	-7.7446e+087	0	-1.27473e+088
7.2927	-1.93833e+088	0	-3.19042e+088
7.30269	-4.86356e+088	0	-8.00525e+088
7.31268	-1.22344e+089	0	-2.01374e+089
7.32267	-3.08542e+089	0	-5.07848e+089
7.33266	-7.80097e+089	0	-1.28401e+090
7.34265	-1.97737e+090	0	-3.25468e+090
7.35264	-5.02499e+090	0	-8.27096e+090
7.36263	-1.28024e+091	0	-2.10723e+091
7.37262	-3.27006e+091	0	-5.3824e+091
7.38261	-8.37399e+091	0	-1.37833e+092
7.3926	-2.14992e+092	0	-3.53868e+092
7.40259	-5.53382e+092	0	-9.10847e+092
7.41258	-1.42805e+093	0	-2.35052e+093
7.42257	-3.69471e+093	0	-6.08136e+093
7.43256	-9.58376e+093	0	-1.57745e+094
7.44255	-2.49236e+094	0	-4.10234e+094
7.45254	-6.49843e+094	0	-1.06962e+095
7.46253	-1.69875e+095	0	-2.79608e+095
7.47252	-4.45219e+095	0	-7.32814e+095
7.48251	-1.16989e+096	0	-1.92559e+096
7.4925	-3.08207e+096	0	-5.07298e+096
7.50249	-8.14087e+096	0	-1.33996e+097
7.51248	-2.1559e+097	0	-3.54854e+097
7.52247	-5.72427e+097	0	-9.42194e+097
7.53246	-1.52386e+098	0	-2.50821e+098
7.54245	-4.06727e+098	0	-6.69458e+098
7.55244	-1.08843e+099	0	-1.79151e+099
7.56243	-2.92033e+099	0	-4.80676e+099
7.57242	-7.85607e+099	0	-1.29308e+100
7.58241	-2.11894e+100	0	-3.48771e+100
7.5924	-5.73028e+100	0	-9.43184e+100
7.60239	-1.55373e+101	0	-2.55739e+101
7.61238	-4.22399e+101	0	-6.95253e+101
7.62237	-1.15137e+102	0	-1.89512e+102
7.63236	-3.14671e+102	0	-5.17937e+102
7.64235	-8.6228e+102	0	-1.41928e+103
7.65234	-2.36914e+103	0	-3.89952e+103
7.66233	-6.52659e+103	0	-1.07425e+104
7.67232	-1.80275e+104	0	-2.96727e+104
7.68231	-4.99277e+104	0	-8.21792e+104
7.6923	-1.38645e+105	0	-2.28205e+105
7.70229	-3.86035e+105	0	-6.35399e+105
7.71228	-1.07773e+106	0	-1.7739e+106
7.72227	-3.01684e+106	0	-4.96561e+106
7.73226	-8.46759e+106	0	-1.39373e+107
7.74225	-2.38304e+107	0	-3.9224e+107
7.75224	-6.72465e+107	0	-1.10685e+108
7.76223	-1.90272e+108	0	-3.13181e+108
7.77222	-5.39822e+108	0	-8.88528e+108
7.78221	-1.53566e+109	0	-2.52765e+109
7.7922	-4.38041e+109	0	-7.20999e+109
7.80219	-1.25287e+110	0	-2.06218e+110
7.81218	-3.59313e+110	0	-5.91416e+110
7.82217	-1.03328e+111	0	-1.70073e+111
7.83216	-2.97946e+111	0	-4.90409e+111
7.84215	-8.61468e+111	0	-1.41794e+112
7.85214	-2.49759e+112	0	-4.11094e+112
7.86213	-7.26083e+112	0	-1.19511e+113
7.87212	-2.11658e+113	0	-3.48382e+113
7.88211	-6.18685e+113	0	-1.01833e+114
7.8921	-1.81339e+114	0	-2.98477e+114
7.90209	-5.32968e+114	0	-8.77247e+114
7.91208	-1.57073e+115	0	-2.58536e+115
7.92207	-4.64187e+115	0	-7.64035e+115
7.93206	-1.37555e+116	0	-2.26411e+116
7.94205	-4.08749e+116	0	-6.72786e+116
7.95204	-1.21796e+117	0	-2.00471e+117
7.96203	-3.63919e+117	0	-5.98997e+117
7.97202	-1.09038e+118	0	-1.79472e+118
7.98201	-3.27603e+118	0	-5.39223e+118
7.992	-9.87011e+118	0	-1.62458e+119
8.00199	-2.98194e+119	0	-4.90817e+119
8.01198	-9.03403e+119	0	-1.48697e+120
8.02197	-2.74454e+120	0	-4.51742e+120
8.03196	-8.36116e+120	0	-1.37622e+121
8.04195	-2.5543e+121	0	-4.20429e+121
8.05194	-7.82508e+121	0	-1.28798e+122
8.06193	-2.40391e+122	0	-3.95675e+122
8.07192	-7.40561e+122	0	-1.21894e+123
8.08191	-2.2878e+123	0	-3.76564e+123
8.0919	-7.08751e+123	0	-1.16658e+124
8.10189	-2.20185e+124	0	-3.62416e+124
8.11188	-6.85962e+124	0	-1.12907e+125
8.12187	-2.14306e+125	0	-3.5274e+125
8.13186	-6.71416e+125	0	-1.10513e+126
8.14185	-2.10947e+126	0	-3.47211e+126
8.15184	-6.6463e+126	0	-1.09396e+127
8.16183	-2.09998e+127	0	-3.45648e+127
8.17182	-6.65391e+127	0	-1.09521e+128
8.18181	-2.11432e+128	0	-3.48009e+128
8.1918	-6.73745e+128	0	-1.10896e+129
8.20179	-2.15305e+129	0	-3.54384e+129
8.21178	-6.89995e+129	0	-1.13571e+130
8.22177	-2.21756e+130	0	-3.65002e+130
8.23176	-7.14729e+130	0	-1.17642e+131
8.24175	-2.31019e+131	0	-3.80248e+131
8.25174	-7.48847e+131	0	-1.23258e+132
8.26173	-2.43434e+132	0	-4.00684e+132
8.27172	-7.93622e+132	0	-1.30627e+133
8.28171	-2.59472e+133	0	-4.27082e+133
8.2917	-8.50774e+133	0	-1.40034e+134
8.30169	-2.7976e+134	0	-4.60475e+134
8.31168	-9.22587e+134	0	-1.51855e+135
8.32167	-3.05126e+135	0	-5.02227e+135
8.33166	-1.01206e+136	0	-1.66581e+136
8.34165	-3.36654e+136	0	-5.5412e+136
8.35164	-1.1231e+137	0	-1.84858e+137
8.36163	-3.75759e+137	0	-6.18486e+137
8.37162	-1.26084e+138	0	-2.07529e+138
8.38161	-4.24296e+138	0	-6.98376e+138
8.3916	-1.43199e+139	0	-2.35701e+139
8.40159	-4.84702e+139	0	-7.97802e+139
8.41158	-1.64541e+140	0	-2.70828e+140
8.42157	-5.60194e+140	0	-9.22059e+140
8.43156	-1.9128e+141	0	-3.14841e+141
8.44155	-6.55046e+141	0	-1.07818e+142
8.45154	-2.2498e+142	0	-3.70308e+142
8.46153	-7.74973e+142	0	-1.27558e+143
8.47152	-2.67734e+143	0	-4.4068e+143
8.48151	-9.27673e+143	0	-1.52692e+144
8.4915	-3.22376e+144	0	-5.3062e+144
8.50149	-1.12359e+145	0	-1.84939e+145
8.51148	-3.92766e+145	0	-6.46479e+145
8.52147	-1.37702e+146	0	-2.26653e+146
8.53146	-4.84205e+146	0	-7.96983e+146
8.54145	-1.70766e+147	0	-2.81075e+147
8.55144	-6.0403e+147	0	-9.94212e+147
8.56143	-2.14291e+148	0	-3.52715e+148
8.57142	-7.62493e+148	0	-1.25504e+149
8.58141	-2.72119e+149	0	-4.47898e+149
8.5914	-9.7403e+149	0	-1.60322e+150
8.60139	-3.49686e+150	0	-5.75571e+150
8.61138	-1.25916e+151	0	-2.07253e+151
8.62137	-4.54754e+151	0	-7.48508e+151
8.63136	-1.64729e+152	0	-2.71138e+152
8.64135	-5.98498e+152	0	-9.85106e+152
8.65134	-2.181e+153	0	-3.58984e+153
8.66133	-7.97168e+153	0	-1.31211e+154
8.67132	-2.92245e+154	0	-4.81025e+154
8.68131	-1.07461e+155	0	-1.76877e+155
8.6913	-3.96331e+155	0	-6.52347e+155
8.70129	-1.46614e+156	0	-2.41321e+156
8.71128	-5.44002e+156	0	-8.95407e+156
8.72127	-2.02459e+157	0	-3.3324e+157
8.73126	-7.55761e+157	0	-1.24396e+158
8.74125	-2.82974e+158	0	-4.65765e+158
8.75124	-1.06273e+159	0	-1.74922e+159
8.76123	-4.00329e+159	0	-6.58927e+159
8.77122	-1.51262e+160	0	-2.48971e+160
8.78121	-5.73271e+160	0	-9.43584e+160
8.7912	-2.17928e+161	0	-3.58701e+161
8.80119	-8.30975e+161	0	-1.36775e+162
8.81118	-3.17824e+162	0	-5.23127e+162
8.82117	-1.2193e+163	0	-2.00693e+163
8.83116	-4.69206e+163	0	-7.72296e+163
8.84115	-1.81111e+164	0	-2.98101e+164
8.85114	-7.0122e+164	0	-1.15418e+165
8.86113	-2.7233e+165	0	-4.48246e+165
8.87112	-1.06089e+166	0	-1.74619e+166
8.88111	-4.14553e+166	0	-6.8234e+166
8.8911	-1.6249e+167	0	-2.67452e+167
8.90109	-6.38865e+167	0	-1.05155e+168
8.91108	-2.5196e+168	0	-4.14717e+168
8.92107	-9.96767e+168	0	-1.64064e+169
8.93106	-3.95547e+169	0	-6.51056e+169
8.94105	-1.57451e+170	0	-2.59159e+170
8.95104	-6.28694e+170	0	-1.03481e+171
8.96103	-2.51813e+171	0	-4.14475e+171
8.97102	-1.01173e+172	0	-1.66528e+172
8.98101	-4.07758e+172	0	-6.71155e+172
8.991	-1.64851e+173	0	-2.71338e+173
9.00099	-6.68545e+173	0	-1.1004e+174
9.01098	-2.71972e+174	0	-4.47657e+174
9.02097	-1.10988e+175	0	-1.82681e+175
9.03096	-4.5434e+175	0	-7.47827e+175
9.04095	-1.86572e+176	0	-3.0709e+176
9.05094	-7.68546e+176	0	-1.265e+177
9.06093	-3.17582e+177	0	-5.22729e+177
9.07092	-1.31645e+178	0	-2.16683e+178
9.08091	-5.47417e+178	0	-9.01029e+178
9.0909	-2.28348e+179	0	-3.75853e+179
9.10089	-9.5553e+179	0	-1.57277e+180
9.11088	-4.01106e+180	0	-6.60207e+180
9.12087	-1.68906e+181	0	-2.78013e+181
9.13086	-7.13515e+181	0	-1.17442e+182
9.14085	-3.02367e+182	0	-4.97685e+182
9.15084	-1.2854e+183	0	-2.11573e+183
9.16083	-5.48178e+183	0	-9.02281e+183
9.17082	-2.34521e+184	0	-3.86013e+184
9.18081	-1.00652e+185	0	-1.65669e+185
9.1908	-4.33352e+185	0	-7.13281e+185
9.20079	-1.87173e+186	0	-3.0808e+186
9.21078	-8.11014e+186	0	-1.3349e+187
9.22077	-3.52533e+187	0	-5.80256e+187
9.23076	-1.5373e+188	0	-2.53033e+188
9.24075	-6.72518e+188	0	-1.10694e+189
9.25074	-2.95148e+189	0	-4.85803e+189
9.26073	-1.29947e+190	0	-2.13888e+190
9.27072	-5.73967e+190	0	-9.44729e+190
9.28071	-2.54332e+191	0	-4.18621e+191
9.2907	-1.13061e+192	0	-1.86094e+192
9.30069	-5.04218e+192	0	-8.29924e+192
9.31068	-2.25592e+193	0	-3.71316e+193
9.32067	-1.01258e+194	0	-1.66667e+194
9.33066	-4.55971e+194	0	-7.50512e+194
9.34065	-2.05991e+195	0	-3.39054e+195
9.35064	-9.33606e+195	0	-1.53668e+196
9.36063	-4.24508e+196	0	-6.98724e+196
9.37062	-1.93649e+197	0	-3.18739e+197
9.38061	-8.86244e+197	0	-1.45873e+198
9.3906	-4.06914e+198	0	-6.69766e+198
9.40059	-1.87441e+199	0	-3.08521e+199
9.41058	-8.66241e+199	0	-1.4258e+200
9.42057	-4.01632e+200	0	-6.61073e+200
9.43056	-1.86825e+201	0	-3.07508e+201
9.44055	-8.71887e+201	0	-1.43509e+202
9.45054	-4.0823e+202	0	-6.71932e+202
9.46053	-1.91765e+203	0	-3.15639e+203
9.47052	-9.03771e+203	0	-1.48757e+204
9.48051	-4.27337e+204	0	-7.03381e+204
9.4905	-2.02725e+205	0	-3.33679e+205
9.50049	-9.6488e+205	0	-1.58816e+206
9.51048	-4.60751e+206	0	-7.5838e+206
9.52047	-2.20745e+207	0	-3.63338e+207
9.53046	-1.06107e+208	0	-1.74649e+208
9.54045	-5.11721e+208	0	-8.42274e+208
9.55044	-2.47603e+209	0	-4.07546e+209
9.56043	-1.20203e+210	0	-1.97849e+210
9.57042	-5.85478e+210	0	-9.63676e+210
9.58041	-2.86119e+211	0	-4.70941e+211
9.5904	-1.40288e+212	0	-2.3091e+212
9.60039	-6.90144e+212	0	-1.13595e+213
9.61038	-3.40644e+213	0	-5.60688e+213
9.62037	-1.68697e+214	0	-2.77669e+214
9.63036	-8.38224e+214	0	-1.37969e+215
9.64035	-4.17889e+215	0	-6.8783e+215
9.65034	-2.09031e+216	0	-3.44058e+216
9.66033	-1.04909e+217	0	-1.72676e+217
9.67032	-5.28282e+217	0	-8.69534e+217
9.68031	-2.66915e+218	0	-4.39333e+218
9.6903	-1.35312e+219	0	-2.22719e+219
9.70029	-6.88267e+219	0	-1.13286e+220
9.71028	-3.51265e+220	0	-5.7817e+220
9.72027	-1.79876e+221	0	-2.9607e+221
9.73026	-9.24217e+221	0	-1.52123e+222
9.74025	-4.76471e+222	0	-7.84255e+222
9.75024	-2.4647e+223	0	-4.05681e+223
9.76023	-1.27926e+224	0	-2.10561e+224
9.77022	-6.6622e+224	0	-1.09657e+225
9.78021	-3.48135e+225	0	-5.73017e+225
9.7902	-1.82536e+226	0	-3.00447e+226
9.80019	-9.60327e+226	0	-1.58066e+227
9.81018	-5.06949e+227	0	-8.3442e+227
9.82017	-2.68525e+228	0	-4.41982e+228
9.83016	-1.42719e+229	0	-2.3491e+229
9.84015	-7.61124e+229	0	-1.25278e+230
9.85014	-4.07295e+230	0	-6.70393e+230
9.86013	-2.18698e+231	0	-3.59968e+231
9.87012	-1.17831e+232	0	-1.93946e+232
9.88011	-6.37033e+232	0	-1.04853e+233
9.8901	-3.45579e+233	0	-5.68811e+233
9.90009	-1.88114e+234	0	-3.09629e+234
9.91008	-1.0275e+235	0	-1.69123e+235
9.92007	-5.63162e+235	0	-9.26944e+235
9.93006	-3.09725e+236	0	-5.09796e+236
9.94005	-1.70927e+237	0	-2.8134e+237
9.95004	-9.46544e+237	0	-1.55798e+238
9.96003	-5.25976e+238	0	-8.65738e+238
9.97002	-2.93284e+239	0	-4.82736e+239
9.98001	-1.64101e+240	0	-2.70104e+240
9.99	-9.21366e+240	0	-1.51654e+241
