0	0	0	0
0.00999	0.0429322	0.0429322	0.00998201
0.01998	0.0856585	0.0856585	0.0199162
0.02997	0.127974	0.127974	0.0297548
0.03996	0.169676	0.169676	0.0394507
0.04995	0.210564	0.210564	0.0489575
0.05994	0.250442	0.250442	0.0582294
0.06993	0.28912	0.28912	0.0672222
0.07992	0.32641	0.32641	0.0758926
0.08991	0.362136	0.362136	0.0841991
0.0999	0.396126	0.396126	0.0921018
0.10989	0.428216	0.428216	0.099563
0.11988	0.458253	0.458253	0.106547
0.12987	0.486093	0.486093	0.11302
0.13986	0.511603	0.511603	0.118951
0.14985	0.53466	0.53466	0.124312
0.15984	0.555154	0.555154	0.129077
0.16983	0.572988	0.572988	0.133223
0.17982	0.588075	0.588075	0.136731
0.18981	0.600345	0.600345	0.139584
0.1998	0.609737	0.609737	0.141768
0.20979	0.616209	0.616209	0.143273
0.21978	0.619728	0.619728	0.144091
0.22977	0.620278	0.620278	0.144219
0.23976	0.617858	0.617858	0.143656
0.24975	0.612478	0.612478	0.142405
0.25974	0.604166	0.604166	0.140473
0.26973	0.592962	0.592962	0.137867
0.27972	0.578918	0.578918	0.134602
0.28971	0.562105	0.562105	0.130693
0.2997	0.542601	0.542601	0.126158
0.30969	0.520501	0.520501	0.12102
0.31968	0.495912	0.495912	0.115303
0.32967	0.468951	0.468951	0.109034
0.33966	0.439747	0.439747	0.102244
0.34965	0.408442	0.408442	0.0949654
0.35964	0.375184	0.375184	0.0872328
0.36963	0.340134	0.340134	0.0790835
0.37962	0.30346	0.30346	0.0705564
0.38961	0.265336	0.265336	0.0616923
0.3996	0.225945	0.225945	0.0525338
0.40959	0.185477	0.185477	0.0431246
0.41958	0.144123	0.144123	0.0335096
0.42957	0.102082	0.102082	0.0237348
0.43956	0.0595549	0.0595549	0.0138469
0.44955	0.0167436	0.0167436	0.003893
0.45954	-0.0261474	-0.0261474	-0.00607945
0.46953	-0.068914	-0.068914	-0.016023
0.47952	-0.111353	-0.111353	-0.0258902
0.48951	-0.153262	-0.153262	-0.0356343
0.4995	-0.194442	-0.194442	-0.045209
0.50949	-0.234698	-0.234698	-0.0545688
0.51948	-0.27384	-0.27384	-0.0636695
0.52947	-0.311681	-0.311681	-0.0724679
0.53946	-0.348044	-0.348044	-0.0809225
0.54945	-0.382757	-0.382757	-0.0889935
0.55944	-0.415656	-0.415656	-0.0966427
0.56943	-0.446587	-0.446587	-0.103834
0.57942	-0.475405	-0.475405	-0.110535
0.58941	-0.501974	-0.501974	-0.116712
0.5994	-0.526172	-0.526172	-0.122339
0.60939	-0.547886	-0.547886	-0.127387
0.61938	-0.567015	-0.567015	-0.131835
0.62937	-0.583472	-0.583472	-0.135661
0.63936	-0.597181	-0.597181	-0.138848
0.64935	-0.60808	-0.60808	-0.141383
0.65934	-0.616121	-0.616121	-0.143252
0.66933	-0.621268	-0.621268	-0.144449
0.67932	-0.623502	-0.623502	-0.144968
0.68931	-0.622813	-0.622813	-0.144808
0.6993	-0.61921	-0.61921	-0.14397
0.70929	-0.612711	-0.612711	-0.142459
0.71928	-0.603351	-0.603351	-0.140283
0.72927	-0.591177	-0.591177	-0.137452
0.73926	-0.576249	-0.576249	-0.133982
0.74925	-0.55864	-0.55864	-0.129888
0.75924	-0.538437	-0.538437	-0.12519
0.76923	-0.515735	-0.515735	-0.119912
0.77922	-0.490645	-0.490645	-0.114078
0.78921	-0.463286	-0.463286	-0.107717
0.7992	-0.433787	-0.433787	-0.100858
0.80919	-0.402288	-0.402288	-0.0935347
0.81918	-0.368938	-0.368938	-0.0857806
0.82917	-0.333893	-0.333893	-0.0776324
0.83916	-0.297317	-0.297317	-0.0691282
0.84915	-0.25938	-0.25938	-0.0603076
0.85914	-0.220258	-0.220258	-0.0512115
0.86913	-0.180132	-0.180132	-0.0418818
0.87912	-0.139186	-0.139186	-0.0323616
0.88911	-0.097608	-0.097608	-0.0226945
0.8991	-0.0555879	-0.0555879	-0.0129246
0.90909	-0.0133165	-0.0133165	-0.00309617
0.91908	0.029015	0.029015	0.00674619
0.92907	0.0712161	0.0712161	0.0165582
0.93906	0.113098	0.113098	0.026296
0.94905	0.154473	0.154473	0.0359161
0.95904	0.19516	0.19516	0.0453759
0.96903	0.234977	0.234977	0.0546338
0.97902	0.273752	0.273752	0.0636492
0.98901	0.311316	0.311316	0.072383
0.999	0.347506	0.347506	0.0807974
1.00899	0.382168	0.382168	0.0888565
1.01898	0.415154	0.415154	0.0965261
1.02897	0.446326	0.446326	0.103774
1.03896	0.475555	0.475555	0.11057
1.04895	0.502721	0.502721	0.116886
1.05894	0.527712	0.527712	0.122697
1.06893	0.550431	0.550431	0.127979
1.07892	0.570787	0.570787	0.132712
1.08891	0.588704	0.588704	0.136878
1.0989	0.604115	0.604115	0.140461
1.10889	0.616966	0.616966	0.143449
1.11888	0.627212	0.627212	0.145831
1.12887	0.634823	0.634823	0.1476
1.13886	0.639778	0.639778	0.148753
1.14885	0.64207	0.64207	0.149285
1.15884	0.641702	0.641702	0.1492
1.16883	0.638689	0.638689	0.148499
1.17882	0.633056	0.633056	0.14719
1.18881	0.624841	0.624841	0.14528
1.1988	0.614091	0.614091	0.14278
1.20879	0.600863	0.600863	0.139705
1.21878	0.585225	0.585225	0.136069
1.22877	0.567253	0.567253	0.13189
1.23876	0.547033	0.547033	0.127189
1.24875	0.524659	0.524659	0.121987
1.25874	0.500232	0.500232	0.116307
1.26873	0.47386	0.47386	0.110176
1.27872	0.44566	0.44566	0.103619
1.28871	0.415751	0.415751	0.0966648
1.2987	0.38426	0.38426	0.089343
1.30869	0.351318	0.351318	0.0816837
1.31868	0.317059	0.317059	0.0737183
1.32867	0.281621	0.281621	0.0654788
1.33866	0.245145	0.245145	0.0569978
1.34865	0.207772	0.207772	0.0483084
1.35864	0.169646	0.169646	0.0394439
1.36863	0.130911	0.130911	0.0304376
1.37862	0.0917088	0.0917088	0.0213229
1.38861	0.0521835	0.0521835	0.012133
1.3986	0.0124758	0.0124758	0.0029007
1.40859	-0.0272753	-0.0272753	-0.00634168
1.41858	-0.0669333	-0.0669333	-0.0155624
1.42857	-0.106365	-0.106365	-0.0247306
1.43856	-0.145441	-0.145441	-0.033816
1.44855	-0.184037	-0.184037	-0.0427897
1.45854	-0.22203	-0.22203	-0.0516235
1.46853	-0.259308	-0.259308	-0.0602907
1.47852	-0.295758	-0.295758	-0.0687657
1.48851	-0.331278	-0.331278	-0.0770242
1.4985	-0.365769	-0.365769	-0.0850436
1.50849	-0.39914	-0.39914	-0.0928026
1.51848	-0.431305	-0.431305	-0.100281
1.52847	-0.462189	-0.462189	-0.107462
1.53846	-0.491718	-0.491718	-0.114328
1.54845	-0.51983	-0.51983	-0.120864
1.55844	-0.546467	-0.546467	-0.127057
1.56843	-0.571581	-0.571581	-0.132896
1.57842	-0.595129	-0.595129	-0.138371
1.58841	-0.617077	-0.617077	-0.143474
1.5984	-0.637396	-0.637396	-0.148199
1.60839	-0.656065	-0.656065	-0.152539
1.61838	-0.673072	-0.673072	-0.156494
1.62837	-0.688408	-0.688408	-0.160059
1.63836	-0.702074	-0.702074	-0.163237
1.64835	-0.714074	-0.714074	-0.166027
1.65834	-0.724421	-0.724421	-0.168433
1.66833	-0.733132	-0.733132	-0.170458
1.67832	-0.74023	-0.74023	-0.172108
1.68831	-0.745743	-0.745743	-0.17339
1.6983	-0.749706	-0.749706	-0.174312
1.70829	-0.752155	-0.752155	-0.174881
1.71828	-0.753132	-0.753132	-0.175108
1.72827	-0.752684	-0.752684	-0.175004
1.73826	-0.750861	-0.750861	-0.17458
1.74825	-0.747713	-0.747713	-0.173848
1.75824	-0.743299	-0.743299	-0.172822
1.76823	-0.737674	-0.737674	-0.171514
1.77822	-0.730899	-0.730899	-0.169939
1.78821	-0.723037	-0.723037	-0.168111
1.7982	-0.714151	-0.714151	-0.166045
1.80819	-0.704304	-0.704304	-0.163755
1.81818	-0.693562	-0.693562	-0.161258
1.82817	-0.681991	-0.681991	-0.158567
1.83816	-0.669656	-0.669656	-0.155699
1.84815	-0.656623	-0.656623	-0.152669
1.85814	-0.642957	-0.642957	-0.149492
1.86813	-0.628723	-0.628723	-0.146182
1.87812	-0.613984	-0.613984	-0.142755
1.88811	-0.598803	-0.598803	-0.139226
1.8981	-0.58324	-0.58324	-0.135607
1.90809	-0.567355	-0.567355	-0.131914
1.91808	-0.551205	-0.551205	-0.128159
1.92807	-0.534848	-0.534848	-0.124356
1.93806	-0.518335	-0.518335	-0.120516
1.94805	-0.501719	-0.501719	-0.116653
1.95804	-0.485049	-0.485049	-0.112777
1.96803	-0.468372	-0.468372	-0.1089
1.97802	-0.451733	-0.451733	-0.105031
1.98801	-0.435172	-0.435172	-0.10118
1.998	-0.418731	-0.418731	-0.0973577
2.00799	-0.402445	-0.402445	-0.0935711
2.01798	-0.386349	-0.386349	-0.0898286
2.02797	-0.370474	-0.370474	-0.0861376
2.03796	-0.35485	-0.35485	-0.0825049
2.04795	-0.339503	-0.339503	-0.0789366
2.05794	-0.324457	-0.324457	-0.0754383
2.06793	-0.309733	-0.309733	-0.072015
2.07792	-0.295352	-0.295352	-0.0686712
2.08791	-0.281329	-0.281329	-0.0654108
2.0979	-0.267679	-0.267679	-0.0622372
2.10789	-0.254415	-0.254415	-0.0591532
2.11788	-0.241547	-0.241547	-0.0561613
2.12787	-0.229083	-0.229083	-0.0532633
2.13786	-0.217029	-0.217029	-0.0504607
2.14785	-0.20539	-0.20539	-0.0477546
2.15784	-0.194169	-0.194169	-0.0451456
2.16783	-0.183367	-0.183367	-0.0426341
2.17782	-0.172984	-0.172984	-0.0402199
2.18781	-0.163017	-0.163017	-0.0379026
2.1978	-0.153465	-0.153465	-0.0356815
2.20779	-0.144322	-0.144322	-0.0335557
2.21778	-0.135583	-0.135583	-0.031524
2.22777	-0.127242	-0.127242	-0.0295847
2.23776	-0.119293	-0.119293	-0.0277363
2.24775	-0.111726	-0.111726	-0.025977
2.25774	-0.104533	-0.104533	-0.0243046
2.26773	-0.0977051	-0.0977051	-0.0227171
2.27772	-0.0912322	-0.0912322	-0.0212121
2.28771	-0.085104	-0.085104	-0.0197872
2.2977	-0.0793098	-0.0793098	-0.01844
2.30769	-0.0738387	-0.0738387	-0.017168
2.31768	-0.0686795	-0.0686795	-0.0159684
2.32767	-0.063821	-0.063821	-0.0148388
2.33766	-0.0592517	-0.0592517	-0.0137764
2.34765	-0.0549603	-0.0549603	-0.0127786
2.35764	-0.0509352	-0.0509352	-0.0118428
2.36763	-0.0471652	-0.0471652	-0.0109662
2.37762	-0.043639	-0.043639	-0.0101464
2.38761	-0.0403457	-0.0403457	-0.00938064
2.3976	-0.0372743	-0.0372743	-0.00866653
2.40759	-0.0344143	-0.0344143	-0.00800156
2.41758	-0.0317553	-0.0317553	-0.00738333
2.42757	-0.0292873	-0.0292873	-0.0068095
2.43756	-0.0270006	-0.0270006	-0.00627781
2.44755	-0.0248857	-0.0248857	-0.0057861
2.45754	-0.0229338	-0.0229338	-0.00533226
2.46753	-0.0211361	-0.0211361	-0.00491429
2.47752	-0.0194845	-0.0194845	-0.00453028
2.48751	-0.0179712	-0.0179712	-0.00417843
2.4975	-0.0165888	-0.0165888	-0.00385701
2.50749	-0.0153305	-0.0153305	-0.00356443
2.51748	-0.0141897	-0.0141897	-0.00329919
2.52747	-0.0131604	-0.0131604	-0.00305989
2.53746	-0.0122373	-0.0122373	-0.00284525
2.54745	-0.0114152	-0.0114152	-0.00265412
2.55744	-0.0106898	-0.0106898	-0.00248544
2.56743	-0.010057	-0.010057	-0.00233831
2.57742	-0.00951342	-0.00951342	-0.00221193
2.58741	-0.00905627	-0.00905627	-0.00210564
2.5974	-0.00868331	-0.00868331	-0.00201893
2.60739	-0.00839292	-0.00839292	-0.00195141
2.61738	-0.00818415	-0.00818415	-0.00190287
2.62737	-0.00805678	-0.00805678	-0.00187325
2.63736	-0.00801132	-0.00801132	-0.00186268
2.64735	-0.0080491	0	-0.00187147
2.65734	-0.00817235	0	-0.00190012
2.66733	-0.00838424	0	-0.00194939
2.67732	-0.00868903	0	-0.00202026
2.68731	-0.00909212	0	-0.00211398
2.6973	-0.00960023	0	-0.00223212
2.70729	-0.0102215	0	-0.00237657
2.71728	-0.0109658	0	-0.00254963
2.72727	-0.0118447	0	-0.00275398
2.73726	-0.012872	0	-0.00299283
2.74725	-0.0140638	0	-0.00326992
2.75724	-0.0154387	0	-0.00358961
2.76723	-0.0170188	0	-0.00395698
2.77722	-0.0188293	0	-0.00437794
2.78721	-0.0208998	0	-0.00485933
2.7972	-0.0232642	0	-0.00540908
2.80719	-0.0259622	0	-0.00603637
2.81718	-0.0290393	0	-0.00675182
2.82717	-0.0325484	0	-0.00756771
2.83716	-0.0365507	0	-0.00849827
2.84715	-0.041117	0	-0.00955997
2.85714	-0.0463293	0	-0.0107719
2.86713	-0.0522827	0	-0.0121561
2.87712	-0.0590874	0	-0.0137382
2.88711	-0.0668713	0	-0.015548
2.8971	-0.0757832	0	-0.0176201
2.90709	-0.0859956	0	-0.0199945
2.91708	-0.0977097	0	-0.0227181
2.92707	-0.111159	0	-0.0258453
2.93706	-0.126618	0	-0.0294395
2.94705	-0.144403	0	-0.0335747
2.95704	-0.164887	0	-0.0383373
2.96703	-0.188505	0	-0.0438286
2.97702	-0.215765	0	-0.0501667
2.98701	-0.247263	0	-0.0574902
2.997	-0.283698	0	-0.0659617
3.00699	-0.325892	0	-0.0757719
3.01698	-0.374807	0	-0.087145
3.02697	-0.431578	0	-0.100345
3.03696	-0.497541	0	-0.115682
3.04695	-0.57427	0	-0.133522
3.05694	-0.663624	0	-0.154297
3.06693	-0.767797	0	-0.178518
3.07692	-0.889384	0	-0.206788
3.08691	-1.03146	0	-0.239821
3.0969	-1.19767	0	-0.278465
3.10689	-1.39232	0	-0.323724
3.11688	-1.62056	0	-0.376792
3.12687	-1.88849	0	-0.439086
3.13686	-2.20336	0	-0.512297
3.14685	-2.57384	0	-0.598436
3.15684	-3.01025	0	-0.699904
3.16683	-3.52492	0	-0.819568
3.17682	-4.13259	0	-0.960855
3.18681	-4.85091	0	-1.12787
3.1968	-5.70102	0	-1.32553
3.20679	-6.70828	0	-1.55972
3.21678	-7.90315	0	-1.83753
3.22677	-9.32224	0	-2.16748
3.23676	-11.0096	0	-2.55981
3.24675	-13.0184	0	-3.02686
3.25674	-15.4126	0	-3.58354
3.26673	-18.2697	0	-4.24782
3.27672	-21.6831	0	-5.04147
3.28671	-25.7661	0	-5.99079
3.2967	-30.6559	0	-7.12771
3.30669	-36.519	0	-8.49091
3.31668	-43.5576	0	-10.1274
3.32667	-52.0175	0	-12.0944
3.33666	-62.1981	0	-14.4615
3.34665	-74.4644	0	-17.3135
3.35664	-89.2614	0	-20.7539
3.36663	-107.133	0	-24.9092
3.37662	-128.745	0	-29.9341
3.38661	-154.912	0	-36.0181
3.3966	-186.633	0	-43.3934
3.40659	-225.134	0	-52.3451
3.41658	-271.922	0	-63.2236
3.42657	-328.851	0	-76.4599
3.43656	-398.205	0	-92.5852
3.44655	-482.801	0	-112.254
3.45654	-586.118	0	-136.276
3.46653	-712.457	0	-165.651
3.47652	-867.14	0	-201.616
3.48651	-1056.76	0	-245.705
3.4965	-1289.52	0	-299.821
3.50649	-1575.57	0	-366.329
3.51648	-1927.56	0	-448.17
3.52647	-2361.25	0	-549.007
3.53646	-2896.29	0	-673.406
3.54645	-3557.18	0	-827.068
3.55644	-4374.58	0	-1017.12
3.56643	-5386.86	0	-1252.48
3.57642	-6642.07	0	-1544.32
3.58641	-8200.52	0	-1906.67
3.5964	-10138	0	-2357.14
3.60639	-12549.7	0	-2917.88
3.61638	-15555.6	0	-3616.79
3.62637	-19307.1	0	-4489.04
3.63636	-23995.2	0	-5579.04
3.64635	-29861.3	0	-6942.95
3.65634	-37211	0	-8651.8
3.66633	-46431.6	0	-10795.6
3.67632	-58014.5	0	-13488.8
3.68631	-72584.2	0	-16876.3
3.6963	-90935	0	-21143
3.70629	-114079	0	-26524.1
3.71628	-143306	0	-33319.6
3.72627	-180265	0	-41912.8
3.73626	-227063	0	-52793.6
3.74625	-286399	0	-66589.6
3.75624	-361732	0	-84105.1
3.76623	-457504	0	-106373
3.77622	-579424	0	-134720
3.78621	-734840	0	-170855
3.7962	-933221	0	-216980
3.80619	-1.18679e+006	0	-275936
3.81618	-1.51134e+006	0	-351396
3.82617	-1.9273e+006	0	-448110
3.83616	-2.46115e+006	0	-572233
3.84615	-3.14723e+006	0	-731751
3.85614	-4.03016e+006	0	-937039
3.86613	-5.16799e+006	0	-1.20159e+006
3.87612	-6.63632e+006	0	-1.54299e+006
3.88611	-8.53375e+006	0	-1.98415e+006
3.8961	-1.09891e+007	0	-2.55504e+006
3.90609	-1.41708e+007	0	-3.2948e+006
3.91608	-1.82994e+007	0	-4.25472e+006
3.92607	-2.36642e+007	0	-5.50208e+006
3.93606	-3.06451e+007	0	-7.12519e+006
3.94605	-3.97416e+007	0	-9.24019e+006
3.95604	-5.16115e+007	0	-1.2e+007
3.96603	-6.71222e+007	0	-1.56063e+007
3.97602	-8.74186e+007	0	-2.03254e+007
3.98601	-1.14015e+008	0	-2.65093e+007
3.996	-1.48917e+008	0	-3.46241e+007
4.00599	-1.94781e+008	0	-4.52878e+007
4.01598	-2.55137e+008	0	-5.93211e+007
4.02597	-3.34678e+008	0	-7.78149e+007
4.03596	-4.39651e+008	0	-1.02222e+008
4.04595	-5.78385e+008	0	-1.34478e+008
4.05594	-7.62002e+008	0	-1.7717e+008
4.06593	-1.00537e+009	0	-2.33755e+008
4.07592	-1.3284e+009	0	-3.08861e+008
4.08591	-1.75777e+009	0	-4.08694e+008
4.0959	-2.32934e+009	0	-5.41588e+008
4.10589	-3.0913e+009	0	-7.18747e+008
4.11588	-4.10852e+009	0	-9.55258e+008
4.12587	-5.46851e+009	0	-1.27147e+009
4.13586	-7.28943e+009	0	-1.69484e+009
4.14585	-9.73104e+009	0	-2.26253e+009
4.15584	-1.30097e+010	0	-3.02485e+009
4.16583	-1.74189e+010	0	-4.05001e+009
4.17582	-2.33572e+010	0	-5.4307e+009
4.18581	-3.13665e+010	0	-7.29292e+009
4.1958	-4.21853e+010	0	-9.80836e+009
4.20579	-5.68205e+010	0	-1.32111e+010
4.21578	-7.6648e+010	0	-1.78212e+010
4.22577	-1.0355e+011	0	-2.4076e+010
4.23576	-1.40104e+011	0	-3.25751e+010
4.24575	-1.89849e+011	0	-4.41411e+010
4.25574	-2.57645e+011	0	-5.99041e+010
4.26573	-3.50181e+011	0	-8.14195e+010
4.27572	-4.76677e+011	0	-1.1083e+011
4.28571	-6.49854e+011	0	-1.51095e+011
4.2957	-8.87298e+011	0	-2.06303e+011
4.30569	-1.21335e+012	0	-2.82112e+011
4.31568	-1.66176e+012	0	-3.8637e+011
4.32567	-2.27938e+012	0	-5.2997e+011
4.33566	-3.13135e+012	0	-7.28059e+011
4.34565	-4.3084e+012	0	-1.00173e+012
4.35564	-5.93705e+012	0	-1.3804e+012
4.36563	-8.19402e+012	0	-1.90516e+012
4.37562	-1.13265e+013	0	-2.63349e+012
4.38561	-1.56809e+013	0	-3.6459e+012
4.3956	-2.1743e+013	0	-5.05539e+012
4.40559	-3.01958e+013	0	-7.02071e+012
4.41558	-4.20002e+013	0	-9.76531e+012
4.42557	-5.85108e+013	0	-1.36041e+013
4.43556	-8.16399e+013	0	-1.89818e+013
4.44555	-1.14091e+014	0	-2.65269e+013
4.45554	-1.59692e+014	0	-3.71295e+013
4.46553	-2.23874e+014	0	-5.20521e+013
4.47552	-3.14346e+014	0	-7.30876e+013
4.48551	-4.42081e+014	0	-1.02787e+014
4.4955	-6.22709e+014	0	-1.44784e+014
4.50549	-8.78536e+014	0	-2.04265e+014
4.51548	-1.24144e+015	0	-2.88643e+014
4.52547	-1.75706e+015	0	-4.08528e+014
4.53546	-2.49082e+015	0	-5.79132e+014
4.54545	-3.53667e+015	0	-8.22298e+014
4.55544	-5.02973e+015	0	-1.16944e+015
4.56543	-7.16463e+015	0	-1.66582e+015
4.57542	-1.02222e+016	0	-2.37673e+015
4.58541	-1.46082e+016	0	-3.3965e+015
4.5954	-2.09099e+016	0	-4.8617e+015
4.60539	-2.99788e+016	0	-6.97026e+015
4.61538	-4.30508e+016	0	-1.00096e+016
4.62537	-6.19237e+016	0	-1.43977e+016
4.63536	-8.92157e+016	0	-2.07432e+016
4.64535	-1.28747e+017	0	-2.99345e+016
4.65534	-1.86099e+017	0	-4.32691e+016
4.66533	-2.69441e+017	0	-6.26468e+016
4.67532	-3.9075e+017	0	-9.08519e+016
4.68531	-5.6761e+017	0	-1.31973e+017
4.6953	-8.25884e+017	0	-1.92023e+017
4.70529	-1.20367e+018	0	-2.79861e+017
4.71528	-1.75718e+018	0	-4.08555e+017
4.72527	-2.56949e+018	0	-5.97422e+017
4.73526	-3.76357e+018	0	-8.75054e+017
4.74525	-5.52177e+018	0	-1.28385e+018
4.75524	-8.11489e+018	0	-1.88676e+018
4.76523	-1.19458e+019	0	-2.77747e+018
4.77522	-1.76147e+019	0	-4.09553e+018
4.78521	-2.60176e+019	0	-6.04925e+018
4.7952	-3.84937e+019	0	-8.95004e+018
4.80519	-5.70487e+019	0	-1.32642e+019
4.81518	-8.46908e+019	0	-1.96912e+019
4.82517	-1.2594e+020	0	-2.92818e+019
4.83516	-1.87598e+020	0	-4.36177e+019
4.84515	-2.79918e+020	0	-6.50827e+019
4.85514	-4.18383e+020	0	-9.72767e+019
4.86513	-6.2641e+020	0	-1.45644e+020
4.87512	-9.39478e+020	0	-2.18435e+020
4.88511	-1.41143e+021	0	-3.28167e+020
4.8951	-2.12411e+021	0	-4.93871e+020
4.90509	-3.20217e+021	0	-7.44525e+020
4.91508	-4.83569e+021	0	-1.12433e+021
4.92507	-7.31516e+021	0	-1.70082e+021
4.93506	-1.10851e+022	0	-2.57736e+021
4.94505	-1.68271e+022	0	-3.91242e+021
4.95504	-2.55879e+022	0	-5.94935e+021
4.96503	-3.89776e+022	0	-9.06254e+021
4.97502	-5.94775e+022	0	-1.38289e+022
4.98501	-9.09178e+022	0	-2.1139e+022
4.995	-1.39221e+023	0	-3.23699e+022
5.00499	-2.13562e+023	0	-4.96546e+022
5.01498	-3.28175e+023	0	-7.63028e+022
5.02497	-5.05186e+023	0	-1.17459e+023
5.03496	-7.79046e+023	0	-1.81133e+023
5.04495	-1.20349e+024	0	-2.79819e+023
5.05494	-1.86248e+024	0	-4.33038e+023
5.06493	-2.88741e+024	0	-6.71343e+023
5.07492	-4.48435e+024	0	-1.04264e+024
5.08491	-6.9769e+024	0	-1.62217e+024
5.0949	-1.08743e+025	0	-2.52834e+024
5.10489	-1.69791e+025	0	-3.94774e+024
5.11488	-2.65586e+025	0	-6.17505e+024
5.12487	-4.16174e+025	0	-9.67632e+024
5.13486	-6.53319e+025	0	-1.51901e+025
5.14485	-1.02744e+026	0	-2.38887e+025
5.15484	-1.61872e+026	0	-3.76364e+025
5.16483	-2.55489e+026	0	-5.94029e+025
5.17482	-4.03979e+026	0	-9.39278e+025
5.18481	-6.3993e+026	0	-1.48788e+026
5.1948	-1.01553e+027	0	-2.36118e+026
5.20479	-1.61453e+027	0	-3.7539e+026
5.21478	-2.57153e+027	0	-5.97898e+026
5.22477	-4.10327e+027	0	-9.54037e+026
5.23476	-6.55938e+027	0	-1.5251e+027
5.24475	-1.05049e+028	0	-2.44245e+027
5.25474	-1.68546e+028	0	-3.9188e+027
5.26473	-2.70921e+028	0	-6.2991e+027
5.27472	-4.36284e+028	0	-1.01439e+028
5.28471	-7.03877e+028	0	-1.63656e+028
5.2947	-1.1377e+029	0	-2.64523e+028
5.30469	-1.84232e+029	0	-4.2835e+028
5.31468	-2.98886e+029	0	-6.94931e+028
5.32467	-4.85798e+029	0	-1.12951e+029
5.33466	-7.91071e+029	0	-1.83929e+029
5.34465	-1.29058e+030	0	-3.00068e+029
5.35464	-2.10944e+030	0	-4.90458e+029
5.36463	-3.45432e+030	0	-8.03151e+029
5.37462	-5.66725e+030	0	-1.31767e+030
5.38461	-9.31534e+030	0	-2.16588e+030
5.3946	-1.53406e+031	0	-3.5668e+030
5.40459	-2.53109e+031	0	-5.88494e+030
5.41458	-4.184e+031	0	-9.72807e+030
5.42457	-6.92944e+031	0	-1.61114e+031
5.43456	-1.14982e+032	0	-2.6734e+031
5.44455	-1.91154e+032	0	-4.44446e+031
5.45454	-3.18395e+032	0	-7.40289e+031
5.46453	-5.31344e+032	0	-1.23541e+032
5.47452	-8.88413e+032	0	-2.06562e+032
5.48451	-1.48828e+033	0	-3.46035e+032
5.4945	-2.49797e+033	0	-5.80796e+032
5.50449	-4.20073e+033	0	-9.76697e+032
5.51448	-7.07777e+033	0	-1.64563e+033
5.52447	-1.19483e+034	0	-2.77805e+033
5.53446	-2.02093e+034	0	-4.69879e+033
5.54445	-3.42482e+034	0	-7.96293e+033
5.55444	-5.8152e+034	0	-1.35207e+034
5.56443	-9.89315e+034	0	-2.30022e+034
5.57442	-1.68635e+035	0	-3.92088e+034
5.58441	-2.8801e+035	0	-6.69642e+034
5.5944	-4.92849e+035	0	-1.14591e+035
5.60439	-8.45022e+035	0	-1.96473e+035
5.61438	-1.45169e+036	0	-3.37526e+035
5.62437	-2.49878e+036	0	-5.80983e+035
5.63436	-4.30959e+036	0	-1.00201e+036
5.64435	-7.4473e+036	0	-1.73155e+036
5.65434	-1.28949e+037	0	-2.99814e+036
5.66433	-2.23713e+037	0	-5.20148e+036
5.67432	-3.88889e+037	0	-9.04193e+036
5.68431	-6.7736e+037	0	-1.57491e+037
5.6943	-1.18216e+038	0	-2.74859e+037
5.70429	-2.06725e+038	0	-4.80649e+037
5.71428	-3.62223e+038	0	-8.42191e+037
5.72427	-6.35951e+038	0	-1.47863e+038
5.73426	-1.11877e+039	0	-2.60121e+038
5.74425	-1.97208e+039	0	-4.58521e+038
5.75424	-3.4832e+039	0	-8.09868e+038
5.76423	-6.16461e+039	0	-1.43331e+039
5.77422	-1.09321e+040	0	-2.54179e+039
5.78421	-1.94258e+040	0	-4.51663e+039
5.7942	-3.45883e+040	0	-8.04201e+039
5.80419	-6.17102e+040	0	-1.4348e+040
5.81418	-1.10322e+041	0	-2.56507e+040
5.82417	-1.97629e+041	0	-4.59501e+040
5.83416	-3.54749e+041	0	-8.24814e+040
5.84415	-6.38077e+041	0	-1.48357e+041
5.85414	-1.15003e+042	0	-2.6739e+041
5.86413	-2.07699e+042	0	-4.82914e+041
5.87412	-3.75877e+042	0	-8.73939e+041
5.88411	-6.81627e+042	0	-1.58483e+042
5.8941	-1.23862e+043	0	-2.87987e+042
5.90409	-2.25539e+043	0	-5.24393e+042
5.91408	-4.11528e+043	0	-9.5683e+042
5.92407	-7.5244e+043	0	-1.74947e+043
5.93406	-1.37861e+044	0	-3.20535e+043
5.94405	-2.53109e+044	0	-5.88495e+043
5.95404	-4.65666e+044	0	-1.0827e+044
5.96403	-8.58503e+044	0	-1.99608e+044
5.97402	-1.58603e+045	0	-3.68763e+044
5.98401	-2.9362e+045	0	-6.82686e+044
5.994	-5.4471e+045	0	-1.26649e+045
6.00399	-1.01263e+046	0	-2.35443e+045
6.01398	-1.88645e+046	0	-4.38612e+045
6.02397	-3.52168e+046	0	-8.18813e+045
6.03396	-6.58817e+046	0	-1.53179e+046
6.04395	-1.23507e+047	0	-2.87163e+046
6.05394	-2.32025e+047	0	-5.39474e+046
6.06393	-4.3681e+047	0	-1.01561e+047
6.07392	-8.24077e+047	0	-1.91603e+047
6.08391	-1.55798e+048	0	-3.6224e+047
6.0939	-2.95172e+048	0	-6.86294e+047
6.10389	-5.60416e+048	0	-1.303e+048
6.11388	-1.06627e+049	0	-2.47915e+048
6.12387	-2.03306e+049	0	-4.72701e+048
6.13386	-3.88472e+049	0	-9.03222e+048
6.14385	-7.43867e+049	0	-1.72954e+049
6.15384	-1.42745e+050	0	-3.31891e+049
6.16383	-2.74508e+050	0	-6.38249e+049
6.17382	-5.29032e+050	0	-1.23003e+050
6.18381	-1.02174e+051	0	-2.37562e+050
6.1938	-1.97759e+051	0	-4.59803e+050
6.20379	-3.83591e+051	0	-8.91874e+050
6.21378	-7.45653e+051	0	-1.73369e+051
6.22377	-1.4526e+052	0	-3.37738e+051
6.23376	-2.83592e+052	0	-6.59369e+051
6.24375	-5.54861e+052	0	-1.29009e+052
6.25374	-1.08797e+053	0	-2.52961e+052
6.26373	-2.13795e+053	0	-4.97087e+052
6.27372	-4.2104e+053	0	-9.78946e+052
6.28371	-8.30993e+053	0	-1.93211e+053
6.2937	-1.64369e+054	0	-3.82169e+053
6.30369	-3.25833e+054	0	-7.57582e+053
6.31368	-6.47323e+054	0	-1.50507e+054
6.32367	-1.28885e+055	0	-2.99666e+054
6.33366	-2.5718e+055	0	-5.97961e+054
6.34365	-5.14316e+055	0	-1.19582e+055
6.35364	-1.03082e+056	0	-2.39671e+055
6.36363	-2.07058e+056	0	-4.81423e+055
6.37362	-4.16835e+056	0	-9.69168e+055
6.38361	-8.41005e+056	0	-1.95539e+056
6.3936	-1.70058e+057	0	-3.95396e+056
6.40359	-3.44637e+057	0	-8.01304e+056
6.41358	-6.99993e+057	0	-1.62753e+057
6.42357	-1.42493e+058	0	-3.31306e+057
6.43356	-2.90713e+058	0	-6.75927e+057
6.44355	-5.94438e+058	0	-1.38211e+058
6.45354	-1.21821e+059	0	-2.83241e+058
6.46353	-2.50214e+059	0	-5.81763e+058
6.47352	-5.15082e+059	0	-1.1976e+059
6.48351	-1.06272e+060	0	-2.4709e+059
6.4935	-2.19756e+060	0	-5.10948e+059
6.50349	-4.55453e+060	0	-1.05896e+060
6.51348	-9.46081e+060	0	-2.1997e+060
6.52347	-1.96968e+061	0	-4.57964e+060
6.53346	-4.11006e+061	0	-9.55617e+060
6.54345	-8.59582e+061	0	-1.99858e+061
6.55344	-1.80183e+062	0	-4.18938e+061
6.56343	-3.78556e+062	0	-8.80167e+061
6.57342	-7.97144e+062	0	-1.85341e+062
6.58341	-1.68242e+063	0	-3.91175e+062
6.5934	-3.559e+063	0	-8.27491e+062
6.60339	-7.54599e+063	0	-1.75449e+063
6.61338	-1.60362e+064	0	-3.72851e+063
6.62337	-3.41573e+064	0	-7.94179e+063
6.63336	-7.29232e+064	0	-1.69551e+064
6.64335	-1.56045e+065	0	-3.62814e+064
6.65334	-3.34684e+065	0	-7.78162e+064
6.66333	-7.1949e+065	0	-1.67286e+065
6.67332	-1.55032e+066	0	-3.60459e+065
6.68331	-3.34829e+066	0	-7.78499e+065
6.6933	-7.24826e+066	0	-1.68527e+066
6.70329	-1.57273e+067	0	-3.65671e+066
6.71328	-3.42048e+067	0	-7.95285e+066
6.72327	-7.45646e+067	0	-1.73368e+067
6.73326	-1.62927e+068	0	-3.78816e+067
6.74325	-3.56836e+068	0	-8.29666e+067
6.75324	-7.8336e+068	0	-1.82136e+068
6.76323	-1.72375e+069	0	-4.00782e+068
6.77322	-3.80194e+069	0	-8.83976e+068
6.78321	-8.40542e+069	0	-1.95432e+069
6.7932	-1.86267e+070	0	-4.33084e+069
6.80319	-4.13751e+070	0	-9.61998e+069
6.81318	-9.21228e+070	0	-2.14192e+070
6.82317	-2.056e+071	0	-4.78033e+070
6.83316	-4.59948e+071	0	-1.06941e+071
6.84315	-1.03139e+072	0	-2.39806e+071
6.85314	-2.31831e+072	0	-5.39023e+071
6.86313	-5.22341e+072	0	-1.21448e+072
6.87312	-1.1797e+073	0	-2.74288e+072
6.88311	-2.6707e+073	0	-6.20954e+072
6.8931	-6.0606e+073	0	-1.40913e+073
6.90309	-1.37863e+074	0	-3.2054e+073
6.91308	-3.14354e+074	0	-7.30894e+073
6.92307	-7.18512e+074	0	-1.67059e+074
6.93306	-1.64624e+075	0	-3.82761e+074
6.94305	-3.78091e+075	0	-8.79087e+074
6.95304	-8.70458e+075	0	-2.02387e+075
6.96303	-2.00885e+076	0	-4.67071e+075
6.97302	-4.64726e+076	0	-1.08052e+076
6.98301	-1.0777e+077	0	-2.50572e+076
6.993	-2.50525e+077	0	-5.82488e+076
7.00299	-5.83795e+077	0	-1.35736e+077
7.01298	-1.36372e+078	0	-3.17073e+077
7.02297	-3.19334e+078	0	-7.42473e+077
7.03296	-7.49594e+078	0	-1.74285e+078
7.04295	-1.76387e+079	0	-4.10111e+078
7.05294	-4.16072e+079	0	-9.67396e+078
7.06293	-9.83863e+079	0	-2.28755e+079
7.07292	-2.3322e+080	0	-5.42251e+079
7.08291	-5.54194e+080	0	-1.28854e+080
7.0929	-1.32016e+081	0	-3.06946e+080
7.10289	-3.15253e+081	0	-7.32985e+080
7.11288	-7.54682e+081	0	-1.75469e+081
7.12287	-1.81109e+082	0	-4.21091e+081
7.13286	-4.35703e+082	0	-1.01304e+082
7.14285	-1.05079e+083	0	-2.44316e+082
7.15284	-2.54049e+083	0	-5.90681e+082
7.16283	-6.15741e+083	0	-1.43164e+083
7.17282	-1.49609e+084	0	-3.47851e+083
7.18281	-3.64417e+084	0	-8.47293e+083
7.1928	-8.89859e+084	0	-2.06898e+084
7.20279	-2.17836e+085	0	-5.06482e+084
7.21278	-5.34591e+085	0	-1.24296e+085
7.22277	-1.31523e+086	0	-3.05799e+085
7.23276	-3.24392e+086	0	-7.54232e+085
7.24275	-8.02099e+086	0	-1.86493e+086
7.25274	-1.98828e+087	0	-4.62288e+086
7.26273	-4.94106e+087	0	-1.14883e+087
7.27272	-1.231e+088	0	-2.86215e+087
7.28271	-3.07461e+088	0	-7.14868e+087
7.2927	-7.69876e+088	0	-1.79001e+088
7.30269	-1.93264e+089	0	-4.49351e+088
7.31268	-4.86385e+089	0	-1.13088e+089
7.32267	-1.22719e+090	0	-2.8533e+089
7.33266	-3.10418e+090	0	-7.21742e+089
7.34265	-7.87202e+090	0	-1.8303e+090
7.35264	-2.00139e+091	0	-4.65337e+090
7.36263	-5.10136e+091	0	-1.1861e+091
7.37262	-1.30361e+092	0	-3.03099e+091
7.38261	-3.33982e+092	0	-7.7653e+091
7.3926	-8.57846e+092	0	-1.99455e+092
7.40259	-2.20907e+093	0	-5.13623e+092
7.41258	-5.70327e+093	0	-1.32605e+093
7.42257	-1.47624e+094	0	-3.43235e+093
7.43256	-3.83094e+094	0	-8.9072e+093
7.44255	-9.96726e+094	0	-2.31745e+094
7.45254	-2.59996e+095	0	-6.04507e+094
7.46253	-6.79955e+095	0	-1.58094e+095
7.47252	-1.78286e+096	0	-4.14527e+095
7.48251	-4.68685e+096	0	-1.08972e+096
7.4925	-1.2353e+097	0	-2.87215e+096
7.50249	-3.2643e+097	0	-7.58971e+096
7.51248	-8.64847e+097	0	-2.01083e+097
7.52247	-2.29731e+098	0	-5.3414e+097
7.53246	-6.11834e+098	0	-1.42255e+098
7.54245	-1.63374e+099	0	-3.79854e+098
7.55244	-4.37387e+099	0	-1.01695e+099
7.56243	-1.17405e+100	0	-2.72975e+099
7.57242	-3.15972e+100	0	-7.34655e+099
7.58241	-8.52609e+100	0	-1.98237e+100
7.5924	-2.30671e+101	0	-5.36325e+100
7.60239	-6.25719e+101	0	-1.45484e+101
7.61238	-1.70181e+102	0	-3.95682e+101
7.62237	-4.64076e+102	0	-1.07901e+102
7.63236	-1.26886e+103	0	-2.95019e+102
7.64235	-3.47849e+103	0	-8.08772e+102
7.65234	-9.5613e+103	0	-2.22307e+103
7.66233	-2.63509e+104	0	-6.12676e+103
7.67232	-7.28162e+104	0	-1.69303e+104
7.68231	-2.01751e+105	0	-4.69085e+104
7.6923	-5.60481e+105	0	-1.30316e+105
7.70229	-1.56122e+106	0	-3.62994e+105
7.71228	-4.36041e+106	0	-1.01382e+106
7.72227	-1.2211e+107	0	-2.83914e+106
7.73226	-3.42877e+107	0	-7.97211e+106
7.74225	-9.65361e+107	0	-2.24453e+107
7.75224	-2.72525e+108	0	-6.33639e+107
7.76223	-7.7142e+108	0	-1.7936e+108
7.77222	-2.1895e+109	0	-5.09072e+108
7.78221	-6.23114e+109	0	-1.44878e+109
7.7922	-1.77813e+110	0	-4.13426e+109
7.80219	-5.08781e+110	0	-1.18295e+110
7.81218	-1.45973e+111	0	-3.39398e+110
7.82217	-4.19946e+111	0	-9.76401e+110
7.83216	-1.21141e+112	0	-2.8166e+111
7.84215	-3.50402e+112	0	-8.14707e+111
7.85214	-1.0163e+113	0	-2.36297e+112
7.86213	-2.95571e+113	0	-6.87222e+112
7.87212	-8.61954e+113	0	-2.0041e+113
7.88211	-2.52053e+114	0	-5.8604e+113
7.8921	-7.39071e+114	0	-1.71839e+114
7.90209	-2.17304e+115	0	-5.05247e+114
7.91208	-6.40678e+115	0	-1.48962e+115
7.92207	-1.8941e+116	0	-4.40391e+115
7.93206	-5.61511e+116	0	-1.30555e+116
7.94205	-1.6692e+117	0	-3.881e+116
7.95204	-4.97569e+117	0	-1.15688e+117
7.96203	-1.48729e+118	0	-3.45805e+117
7.97202	-4.45796e+118	0	-1.03651e+118
7.98201	-1.33991e+119	0	-3.11539e+118
7.992	-4.03849e+119	0	-9.38976e+118
8.00199	-1.22057e+120	0	-2.83792e+119
8.01198	-3.69925e+120	0	-8.601e+119
8.02197	-1.12427e+121	0	-2.614e+120
8.03196	-3.42636e+121	0	-7.96651e+120
8.04195	-1.04714e+122	0	-2.43467e+121
8.05194	-3.20913e+122	0	-7.46144e+121
8.06193	-9.86238e+122	0	-2.29307e+122
8.07192	-3.03941e+123	0	-7.06683e+122
8.08191	-9.39317e+123	0	-2.18397e+123
8.0919	-2.91106e+124	0	-6.76841e+123
8.10189	-9.04708e+124	0	-2.10351e+124
8.11188	-2.81958e+125	0	-6.55571e+124
8.12187	-8.81215e+125	0	-2.04888e+125
8.13186	-2.76186e+126	0	-6.42151e+125
8.14185	-8.68051e+126	0	-2.01827e+126
8.15184	-2.73599e+127	0	-6.36135e+126
8.16183	-8.64788e+127	0	-2.01069e+127
8.17182	-2.74115e+128	0	-6.37336e+127
8.18181	-8.71339e+128	0	-2.02592e+128
8.1918	-2.77762e+129	0	-6.45814e+128
8.20179	-8.87953e+129	0	-2.06455e+129
8.21178	-2.8467e+130	0	-6.61877e+129
8.22177	-9.15229e+130	0	-2.12797e+130
8.23176	-2.9509e+131	0	-6.86105e+130
8.24175	-9.54155e+131	0	-2.21847e+131
8.25174	-3.09402e+132	0	-7.1938e+131
8.26173	-1.00616e+133	0	-2.3394e+132
8.27172	-3.28139e+133	0	-7.62945e+132
8.28171	-1.07323e+134	0	-2.49532e+133
8.2917	-3.52024e+134	0	-8.18478e+133
8.30169	-1.15798e+135	0	-2.69237e+134
8.31168	-3.82011e+135	0	-8.88201e+134
8.32167	-1.26387e+136	0	-2.93859e+135
8.33166	-4.19357e+136	0	-9.75032e+135
8.34165	-1.39546e+137	0	-3.24453e+136
8.35164	-4.65699e+137	0	-1.08278e+137
8.36163	-1.55866e+138	0	-3.62398e+137
8.37162	-5.23183e+138	0	-1.21643e+138
8.38161	-1.76123e+139	0	-4.09498e+138
8.3916	-5.94621e+139	0	-1.38253e+139
8.40159	-2.01339e+140	0	-4.68125e+139
8.41158	-6.83719e+140	0	-1.58969e+140
8.42157	-2.32859e+141	0	-5.41414e+140
8.43156	-7.95385e+141	0	-1.84932e+141
8.44155	-2.72476e+142	0	-6.33526e+141
8.45154	-9.36162e+142	0	-2.17664e+142
8.46153	-3.22585e+143	0	-7.50032e+142
8.47152	-1.11484e+144	0	-2.59207e+143
8.48151	-3.86413e+144	0	-8.98436e+143
8.4915	-1.34329e+145	0	-3.12323e+144
8.50149	-4.68343e+145	0	-1.08893e+145
8.51148	-1.63771e+146	0	-3.80779e+145
8.52147	-5.7437e+146	0	-1.33545e+146
8.53146	-2.02035e+147	0	-4.69746e+146
8.54145	-7.12766e+147	0	-1.65723e+147
8.55144	-2.52204e+148	0	-5.8639e+147
8.56143	-8.9504e+148	0	-2.08103e+148
8.57142	-3.18582e+149	0	-7.40725e+148
8.58141	-1.13734e+150	0	-2.64439e+149
8.5914	-4.07239e+150	0	-9.46857e+149
8.60139	-1.46252e+151	0	-3.40045e+150
8.61138	-5.26801e+151	0	-1.22485e+151
8.62137	-1.90321e+152	0	-4.4251e+151
8.63136	-6.89645e+152	0	-1.60347e+152
8.64135	-2.50647e+153	0	-5.8277e+152
8.65134	-9.13689e+153	0	-2.12439e+153
8.66133	-3.34069e+154	0	-7.76732e+153
8.67132	-1.22511e+155	0	-2.84847e+154
8.68131	-4.50632e+155	0	-1.04775e+155
8.6913	-1.66254e+156	0	-3.86552e+155
8.70129	-6.1522e+156	0	-1.43043e+156
8.71128	-2.28348e+157	0	-5.30925e+156
8.72127	-8.5011e+157	0	-1.97656e+157
8.73126	-3.17442e+158	0	-7.38073e+157
8.74125	-1.18896e+159	0	-2.76441e+158
8.75124	-4.46667e+159	0	-1.03853e+159
8.76123	-1.68313e+160	0	-3.91339e+159
8.77122	-6.36163e+160	0	-1.47912e+160
8.78121	-2.41179e+161	0	-5.60757e+160
8.7912	-9.1713e+161	0	-2.13239e+161
8.80119	-3.4982e+162	0	-8.13354e+161
8.81118	-1.33839e+163	0	-3.11184e+162
8.82117	-5.13623e+163	0	-1.19421e+163
8.83116	-1.97713e+164	0	-4.59695e+163
8.84115	-7.634e+164	0	-1.77496e+164
8.85114	-2.95665e+165	0	-6.8744e+164
8.86113	-1.14863e+166	0	-2.67063e+165
8.87112	-4.476e+166	0	-1.0407e+166
8.88111	-1.74959e+167	0	-4.0679e+166
8.8911	-6.85989e+167	0	-1.59497e+167
8.90109	-2.69796e+168	0	-6.27293e+167
8.91108	-1.06437e+169	0	-2.47473e+168
8.92107	-4.21202e+169	0	-9.79322e+168
8.93106	-1.67197e+170	0	-3.88745e+169
8.94105	-6.65751e+170	0	-1.54791e+170
8.95104	-2.65912e+171	0	-6.18264e+170
8.96103	-1.0654e+172	0	-2.47712e+171
8.97102	-4.28186e+172	0	-9.95561e+171
8.98101	-1.72625e+173	0	-4.01363e+172
8.991	-6.98109e+173	0	-1.62315e+173
9.00099	-2.83202e+174	0	-6.58463e+173
9.01098	-1.15245e+175	0	-2.67952e+174
9.02097	-4.70439e+175	0	-1.0938e+175
9.03096	-1.92638e+176	0	-4.47896e+175
9.04095	-7.91294e+176	0	-1.83981e+176
9.05094	-3.26057e+177	0	-7.58105e+176
9.06093	-1.34775e+178	0	-3.13362e+177
9.07092	-5.58844e+178	0	-1.29935e+178
9.08091	-2.32452e+179	0	-5.40467e+178
9.0909	-9.69936e+179	0	-2.25516e+179
9.10089	-4.05994e+180	0	-9.43962e+179
9.11088	-1.70476e+181	0	-3.96368e+180
9.12087	-7.1809e+181	0	-1.66961e+181
9.13086	-3.03435e+182	0	-7.05505e+181
9.14085	-1.28625e+183	0	-2.99061e+182
9.15084	-5.46964e+183	0	-1.27173e+183
9.16083	-2.33329e+184	0	-5.42505e+183
9.17082	-9.98518e+184	0	-2.32162e+184
9.18081	-4.28669e+185	0	-9.96684e+184
9.1908	-1.84616e+186	0	-4.29244e+185
9.20079	-7.97624e+186	0	-1.85453e+186
9.21078	-3.45709e+187	0	-8.03796e+186
9.22077	-1.50317e+188	0	-3.49497e+187
9.23076	-6.55681e+188	0	-1.5245e+188
9.24075	-2.86922e+189	0	-6.67113e+188
9.25074	-1.25958e+190	0	-2.92861e+189
9.26073	-5.54725e+190	0	-1.28977e+190
9.27072	-2.45089e+191	0	-5.69847e+190
9.28071	-1.08633e+192	0	-2.52579e+191
9.2907	-4.83054e+192	0	-1.12313e+192
9.30069	-2.1549e+193	0	-5.01029e+192
9.31068	-9.64399e+193	0	-2.24229e+193
9.32067	-4.32999e+194	0	-1.00675e+194
9.33066	-1.95037e+195	0	-4.53474e+194
9.34065	-8.81356e+195	0	-2.04921e+195
9.35064	-3.99567e+196	0	-9.2902e+195
9.36063	-1.81733e+197	0	-4.22541e+196
9.37062	-8.2925e+197	0	-1.92806e+197
9.38061	-3.79617e+198	0	-8.82635e+197
9.3906	-1.74348e+199	0	-4.05371e+198
9.40059	-8.03341e+199	0	-1.86782e+199
9.41058	-3.71361e+200	0	-8.63438e+199
9.42057	-1.72229e+201	0	-4.00444e+200
9.43056	-8.01372e+201	0	-1.86324e+201
9.44055	-3.74093e+202	0	-8.69791e+201
9.45054	-1.75204e+203	0	-4.07361e+202
9.46053	-8.23246e+203	0	-1.9141e+203
9.47052	-3.88094e+204	0	-9.02345e+203
9.48051	-1.83556e+205	0	-4.2678e+204
9.4905	-8.71016e+205	0	-2.02517e+205
9.50049	-4.14677e+206	0	-9.64151e+205
9.51048	-1.98072e+207	0	-4.60529e+206
9.52047	-9.49214e+207	0	-2.20698e+207
9.53046	-4.56391e+208	0	-1.06114e+208
9.54045	-2.20162e+209	0	-5.11892e+208
9.55044	-1.06557e+210	0	-2.47753e+209
9.56043	-5.1744e+210	0	-1.20308e+210
9.57042	-2.521e+211	0	-5.8615e+210
9.58041	-1.23233e+212	0	-2.86524e+211
9.5904	-6.04391e+212	0	-1.40525e+212
9.60039	-2.97408e+213	0	-6.91492e+212
9.61038	-1.46835e+214	0	-3.41401e+213
9.62037	-7.27364e+214	0	-1.69117e+214
9.63036	-3.6151e+215	0	-8.40535e+214
9.64035	-1.80276e+216	0	-4.19152e+215
9.65034	-9.01991e+216	0	-2.09719e+216
9.66033	-4.52813e+217	0	-1.05282e+217
9.67032	-2.2808e+218	0	-5.30301e+217
9.68031	-1.15268e+219	0	-2.68006e+218
9.6903	-5.84503e+219	0	-1.35901e+219
9.70029	-2.97386e+220	0	-6.91443e+219
9.71028	-1.51815e+221	0	-3.52979e+220
9.72027	-7.77617e+221	0	-1.80801e+221
9.73026	-3.99649e+222	0	-9.2921e+221
9.74025	-2.06089e+223	0	-4.7917e+222
9.75024	-1.06634e+224	0	-2.47931e+223
9.76023	-5.53606e+224	0	-1.28717e+224
9.77022	-2.88386e+225	0	-6.70516e+224
9.78021	-1.50736e+226	0	-3.5047e+225
9.7902	-7.90547e+226	0	-1.83807e+226
9.80019	-4.16017e+227	0	-9.67267e+226
9.81018	-2.19669e+228	0	-5.10744e+227
9.82017	-1.16386e+229	0	-2.70604e+228
9.83016	-6.18738e+229	0	-1.43861e+229
9.84015	-3.3006e+230	0	-7.6741e+229
9.85014	-1.76667e+231	0	-4.10764e+230
9.86013	-9.48859e+231	0	-2.20616e+231
9.87012	-5.11362e+232	0	-1.18895e+232
9.88011	-2.76528e+233	0	-6.42946e+232
9.8901	-1.5005e+234	0	-3.48876e+233
9.90009	-8.16992e+234	0	-1.89956e+234
9.91008	-4.46363e+235	0	-1.03782e+235
9.92007	-2.44708e+236	0	-5.68963e+235
9.93006	-1.34617e+237	0	-3.12994e+236
9.94005	-7.43095e+237	0	-1.72774e+237
9.95004	-4.11607e+238	0	-9.57012e+237
9.96003	-2.28779e+239	0	-5.31926e+238
9.97002	-1.27599e+240	0	-2.96676e+239
9.98001	-7.14128e+240	0	-1.66039e+240
9.99	-4.01056e+241	0	-9.32482e+240
