0	0	0	0
0.00999	0.0166368	0.0166368	0.00998684
0.01998	0.033242	0.033242	0.0199548
0.02997	0.0497842	0.0497842	0.0298848
0.03996	0.066232	0.066232	0.0397583
0.04995	0.0825543	0.0825543	0.0495563
0.05994	0.0987201	0.0987201	0.0592604
0.06993	0.114699	0.114699	0.0688522
0.07992	0.13046	0.13046	0.0783135
0.08991	0.145974	0.145974	0.0876264
0.0999	0.161211	0.161211	0.0967732
0.10989	0.176143	0.176143	0.105737
0.11988	0.190742	0.190742	0.1145
0.12987	0.204978	0.204978	0.123046
0.13986	0.218827	0.218827	0.131359
0.14985	0.232261	0.232261	0.139424
0.15984	0.245256	0.245256	0.147224
0.16983	0.257786	0.257786	0.154746
0.17982	0.269828	0.269828	0.161974
0.18981	0.281359	0.281359	0.168896
0.1998	0.292358	0.292358	0.175499
0.20979	0.302804	0.302804	0.18177
0.21978	0.312677	0.312677	0.187696
0.22977	0.321959	0.321959	0.193268
0.23976	0.330632	0.330632	0.198475
0.24975	0.338681	0.338681	0.203306
0.25974	0.346089	0.346089	0.207753
0.26973	0.352844	0.352844	0.211808
0.27972	0.358932	0.358932	0.215462
0.28971	0.364342	0.364342	0.21871
0.2997	0.369065	0.369065	0.221545
0.30969	0.373091	0.373091	0.223962
0.31968	0.376414	0.376414	0.225957
0.32967	0.379027	0.379027	0.227525
0.33966	0.380926	0.380926	0.228665
0.34965	0.382106	0.382106	0.229374
0.35964	0.382567	0.382567	0.22965
0.36963	0.382308	0.382308	0.229495
0.37962	0.381329	0.381329	0.228907
0.38961	0.379632	0.379632	0.227889
0.3996	0.377222	0.377222	0.226442
0.40959	0.374102	0.374102	0.224569
0.41958	0.37028	0.37028	0.222275
0.42957	0.365762	0.365762	0.219562
0.43956	0.360557	0.360557	0.216438
0.44955	0.354676	0.354676	0.212908
0.45954	0.34813	0.34813	0.208978
0.46953	0.34093	0.34093	0.204656
0.47952	0.333092	0.333092	0.199951
0.48951	0.32463	0.32463	0.194872
0.4995	0.315561	0.315561	0.189427
0.50949	0.305901	0.305901	0.183629
0.51948	0.295669	0.295669	0.177486
0.52947	0.284884	0.284884	0.171013
0.53946	0.273568	0.273568	0.164219
0.54945	0.26174	0.26174	0.15712
0.55944	0.249425	0.249425	0.149727
0.56943	0.236644	0.236644	0.142054
0.57942	0.223422	0.223422	0.134118
0.58941	0.209784	0.209784	0.125931
0.5994	0.195756	0.195756	0.11751
0.60939	0.181364	0.181364	0.10887
0.61938	0.166634	0.166634	0.100028
0.62937	0.151595	0.151595	0.0910007
0.63936	0.136275	0.136275	0.081804
0.64935	0.120701	0.120701	0.0724556
0.65934	0.104904	0.104904	0.0629728
0.66933	0.0889131	0.0889131	0.0533734
0.67932	0.0727571	0.0727571	0.0436752
0.68931	0.0564666	0.0564666	0.0338962
0.6993	0.0400717	0.0400717	0.0240546
0.70929	0.0236028	0.0236028	0.0141685
0.71928	0.00709032	0.00709032	0.00425623
0.72927	-0.00943524	-0.00943524	-0.00566386
0.73926	-0.0259434	-0.0259434	-0.0155735
0.74925	-0.0424038	-0.0424038	-0.0254545
0.75924	-0.0587862	-0.0587862	-0.0352887
0.76923	-0.0750606	-0.0750606	-0.0450579
0.77922	-0.091197	-0.091197	-0.0547445
0.78921	-0.107166	-0.107166	-0.0643305
0.7992	-0.122939	-0.122939	-0.0737986
0.80919	-0.138486	-0.138486	-0.0831315
0.81918	-0.15378	-0.15378	-0.0923122
0.82917	-0.168793	-0.168793	-0.101324
0.83916	-0.183497	-0.183497	-0.110151
0.84915	-0.197866	-0.197866	-0.118777
0.85914	-0.211874	-0.211874	-0.127186
0.86913	-0.225497	-0.225497	-0.135363
0.87912	-0.238709	-0.238709	-0.143294
0.88911	-0.251486	-0.251486	-0.150964
0.8991	-0.263807	-0.263807	-0.15836
0.90909	-0.275649	-0.275649	-0.165469
0.91908	-0.286991	-0.286991	-0.172277
0.92907	-0.297813	-0.297813	-0.178773
0.93906	-0.308096	-0.308096	-0.184946
0.94905	-0.317822	-0.317822	-0.190785
0.95904	-0.326974	-0.326974	-0.196279
0.96903	-0.335537	-0.335537	-0.201419
0.97902	-0.343494	-0.343494	-0.206195
0.98901	-0.350834	-0.350834	-0.210601
0.999	-0.357542	-0.357542	-0.214628
1.00899	-0.363608	-0.363608	-0.21827
1.01898	-0.369022	-0.369022	-0.221519
1.02897	-0.373774	-0.373774	-0.224372
1.03896	-0.377858	-0.377858	-0.226823
1.04895	-0.381265	-0.381265	-0.228869
1.05894	-0.383992	-0.383992	-0.230506
1.06893	-0.386034	-0.386034	-0.231731
1.07892	-0.387387	-0.387387	-0.232544
1.08891	-0.388052	-0.388052	-0.232943
1.0989	-0.388026	-0.388026	-0.232928
1.10889	-0.387312	-0.387312	-0.232499
1.11888	-0.385911	-0.385911	-0.231658
1.12887	-0.383827	-0.383827	-0.230406
1.13886	-0.381063	-0.381063	-0.228748
1.14885	-0.377627	-0.377627	-0.226685
1.15884	-0.373524	-0.373524	-0.224222
1.16883	-0.368764	-0.368764	-0.221364
1.17882	-0.363354	-0.363354	-0.218117
1.18881	-0.357306	-0.357306	-0.214486
1.1988	-0.350631	-0.350631	-0.210479
1.20879	-0.343341	-0.343341	-0.206104
1.21878	-0.335451	-0.335451	-0.201367
1.22877	-0.326974	-0.326974	-0.196279
1.23876	-0.317927	-0.317927	-0.190848
1.24875	-0.308326	-0.308326	-0.185084
1.25874	-0.298188	-0.298188	-0.178998
1.26873	-0.287532	-0.287532	-0.172602
1.27872	-0.276377	-0.276377	-0.165906
1.28871	-0.264743	-0.264743	-0.158922
1.2987	-0.252651	-0.252651	-0.151663
1.30869	-0.240122	-0.240122	-0.144143
1.31868	-0.22718	-0.22718	-0.136373
1.32867	-0.213846	-0.213846	-0.128369
1.33866	-0.200144	-0.200144	-0.120144
1.34865	-0.186099	-0.186099	-0.111713
1.35864	-0.171735	-0.171735	-0.10309
1.36863	-0.157076	-0.157076	-0.094291
1.37862	-0.14215	-0.14215	-0.0853306
1.38861	-0.12698	-0.12698	-0.0762247
1.3986	-0.111595	-0.111595	-0.0669889
1.40859	-0.0960193	-0.0960193	-0.0576392
1.41858	-0.0802808	-0.0802808	-0.0481916
1.42857	-0.0644063	-0.0644063	-0.0386623
1.43856	-0.0484228	-0.0484228	-0.0290676
1.44855	-0.0323574	-0.0323574	-0.0194238
1.45854	-0.0162375	-0.0162375	-0.00974718
1.46853	-9.02553e-005	-9.02553e-005	-5.41791e-005
1.47852	0.0160572	0.0160572	0.00963892
1.48851	0.0321776	0.0321776	0.0193158
1.4985	0.0482443	0.0482443	0.0289604
1.50849	0.0642302	0.0642302	0.0385566
1.51848	0.080109	0.080109	0.0480884
1.52847	0.0958543	0.0958543	0.0575402
1.53846	0.11144	0.11144	0.0668962
1.54845	0.126841	0.126841	0.0761413
1.55844	0.142032	0.142032	0.0852602
1.56843	0.156988	0.156988	0.0942381
1.57842	0.171685	0.171685	0.103061
1.58841	0.186099	0.186099	0.111713
1.5984	0.200208	0.200208	0.120182
1.60839	0.213987	0.213987	0.128454
1.61838	0.227417	0.227417	0.136515
1.62837	0.240474	0.240474	0.144354
1.63836	0.253139	0.253139	0.151956
1.64835	0.265393	0.265393	0.159312
1.65834	0.277215	0.277215	0.166409
1.66833	0.288587	0.288587	0.173235
1.67832	0.299493	0.299493	0.179782
1.68831	0.309915	0.309915	0.186038
1.6983	0.319837	0.319837	0.191994
1.70829	0.329245	0.329245	0.197642
1.71828	0.338125	0.338125	0.202972
1.72827	0.346464	0.346464	0.207978
1.73826	0.354249	0.354249	0.212651
1.74825	0.361469	0.361469	0.216985
1.75824	0.368114	0.368114	0.220974
1.76823	0.374174	0.374174	0.224612
1.77822	0.379642	0.379642	0.227895
1.78821	0.384511	0.384511	0.230817
1.7982	0.388772	0.388772	0.233375
1.80819	0.392423	0.392423	0.235566
1.81818	0.395457	0.395457	0.237388
1.82817	0.397872	0.397872	0.238838
1.83816	0.399665	0.399665	0.239914
1.84815	0.400835	0.400835	0.240617
1.85814	0.401383	0.401383	0.240945
1.86813	0.401307	0.401307	0.2409
1.87812	0.40061	0.40061	0.240481
1.88811	0.399295	0.399295	0.239692
1.8981	0.397365	0.397365	0.238533
1.90809	0.394824	0.394824	0.237008
1.91808	0.391678	0.391678	0.23512
1.92807	0.387934	0.387934	0.232872
1.93806	0.383598	0.383598	0.230269
1.94805	0.378678	0.378678	0.227316
1.95804	0.373184	0.373184	0.224018
1.96803	0.367125	0.367125	0.220381
1.97802	0.360512	0.360512	0.216411
1.98801	0.353356	0.353356	0.212115
1.998	0.34567	0.34567	0.207501
2.00799	0.337466	0.337466	0.202577
2.01798	0.328758	0.328758	0.197349
2.02797	0.31956	0.31956	0.191828
2.03796	0.309888	0.309888	0.186022
2.04795	0.299756	0.299756	0.17994
2.05794	0.289182	0.289182	0.173592
2.06793	0.278182	0.278182	0.166989
2.07792	0.266772	0.266772	0.16014
2.08791	0.254972	0.254972	0.153057
2.0979	0.2428	0.2428	0.14575
2.10789	0.230274	0.230274	0.138231
2.11788	0.217413	0.217413	0.13051
2.12787	0.204238	0.204238	0.122601
2.13786	0.190767	0.190767	0.114515
2.14785	0.177022	0.177022	0.106264
2.15784	0.163023	0.163023	0.0978605
2.16783	0.14879	0.14879	0.0893169
2.17782	0.134345	0.134345	0.0806457
2.18781	0.119709	0.119709	0.0718599
2.1978	0.104903	0.104903	0.0629721
2.20779	0.089949	0.089949	0.0539953
2.21778	0.074868	0.074868	0.0449423
2.22777	0.0596818	0.0596818	0.0358262
2.23776	0.044412	0.044412	0.02666
2.24775	0.0290801	0.0290801	0.0174564
2.25774	0.0137078	0.0137078	0.00822864
2.26773	-0.00168352	-0.00168352	-0.0010106
2.27772	-0.0170725	-0.0170725	-0.0102484
2.28771	-0.032438	-0.032438	-0.0194722
2.2977	-0.047759	-0.047759	-0.0286691
2.30769	-0.0630146	-0.0630146	-0.0378269
2.31768	-0.0781842	-0.0781842	-0.046933
2.32767	-0.0932475	-0.0932475	-0.0559753
2.33766	-0.108184	-0.108184	-0.0649418
2.34765	-0.122975	-0.122975	-0.0738206
2.35764	-0.137601	-0.137601	-0.0826
2.36763	-0.152041	-0.152041	-0.0912686
2.37762	-0.166279	-0.166279	-0.0998153
2.38761	-0.180295	-0.180295	-0.108229
2.3976	-0.194072	-0.194072	-0.116499
2.40759	-0.207592	-0.207592	-0.124615
2.41758	-0.220839	-0.220839	-0.132567
2.42757	-0.233796	-0.233796	-0.140345
2.43756	-0.246447	-0.246447	-0.147939
2.44755	-0.258777	-0.258777	-0.155341
2.45754	-0.270772	-0.270772	-0.162541
2.46753	-0.282415	-0.282415	-0.169531
2.47752	-0.293696	-0.293696	-0.176302
2.48751	-0.304599	-0.304599	-0.182847
2.4975	-0.315113	-0.315113	-0.189158
2.50749	-0.325225	-0.325225	-0.195229
2.51748	-0.334925	-0.334925	-0.201051
2.52747	-0.344202	-0.344202	-0.20662
2.53746	-0.353046	-0.353046	-0.211929
2.54745	-0.361447	-0.361447	-0.216972
2.55744	-0.369397	-0.369397	-0.221744
2.56743	-0.376888	-0.376888	-0.226241
2.57742	-0.383912	-0.383912	-0.230457
2.58741	-0.390462	-0.390462	-0.23439
2.5974	-0.396534	-0.396534	-0.238034
2.60739	-0.40212	-0.40212	-0.241388
2.61738	-0.407217	-0.407217	-0.244447
2.62737	-0.41182	-0.41182	-0.247211
2.63736	-0.415926	-0.415926	-0.249676
2.64735	-0.419533	-0.419533	-0.25184
2.65734	-0.422637	-0.422637	-0.253704
2.66733	-0.425238	-0.425238	-0.255265
2.67732	-0.427334	-0.427334	-0.256523
2.68731	-0.428926	-0.428926	-0.257479
2.6973	-0.430014	-0.430014	-0.258132
2.70729	-0.430599	-0.430599	-0.258483
2.71728	-0.430682	-0.430682	-0.258533
2.72727	-0.430266	-0.430266	-0.258283
2.73726	-0.429354	-0.429354	-0.257736
2.74725	-0.427949	-0.427949	-0.256892
2.75724	-0.426054	-0.426054	-0.255755
2.76723	-0.423675	-0.423675	-0.254327
2.77722	-0.420817	-0.420817	-0.252611
2.78721	-0.417484	-0.417484	-0.250611
2.7972	-0.413684	-0.413684	-0.24833
2.80719	-0.409423	-0.409423	-0.245771
2.81718	-0.404707	-0.404707	-0.24294
2.82717	-0.399544	-0.399544	-0.239841
2.83716	-0.393943	-0.393943	-0.236479
2.84715	-0.387911	-0.387911	-0.232858
2.85714	-0.381457	-0.381457	-0.228984
2.86713	-0.374591	-0.374591	-0.224862
2.87712	-0.367322	-0.367322	-0.220499
2.88711	-0.35966	-0.35966	-0.215899
2.8971	-0.351615	-0.351615	-0.21107
2.90709	-0.343198	-0.343198	-0.206018
2.91708	-0.33442	-0.33442	-0.200748
2.92707	-0.325292	-0.325292	-0.195269
2.93706	-0.315825	-0.315825	-0.189586
2.94705	-0.306031	-0.306031	-0.183707
2.95704	-0.295922	-0.295922	-0.177638
2.96703	-0.28551	-0.28551	-0.171388
2.97702	-0.274808	-0.274808	-0.164964
2.98701	-0.263828	-0.263828	-0.158373
2.997	-0.252582	-0.252582	-0.151622
3.00699	-0.241084	-0.241084	-0.14472
3.01698	-0.229347	-0.229347	-0.137674
3.02697	-0.217383	-0.217383	-0.130492
3.03696	-0.205205	-0.205205	-0.123182
3.04695	-0.192828	-0.192828	-0.115752
3.05694	-0.180263	-0.180263	-0.10821
3.06693	-0.167525	-0.167525	-0.100563
3.07692	-0.154626	-0.154626	-0.0928201
3.08691	-0.14158	-0.14158	-0.0849888
3.0969	-0.128401	-0.128401	-0.0770773
3.10689	-0.1151	-0.1151	-0.0690933
3.11688	-0.101693	-0.101693	-0.0610449
3.12687	-0.088191	-0.088191	-0.05294
3.13686	-0.074608	-0.074608	-0.0447863
3.14685	-0.0609568	-0.0609568	-0.0365916
3.15684	-0.0472503	-0.0472503	-0.0283638
3.16683	-0.0335011	-0.0335011	-0.0201103
3.17682	-0.019722	-0.019722	-0.0118389
3.18681	-0.00592532	-0.00592532	-0.00355689
3.1968	0.00787661	0.00787661	0.00472823
3.20679	0.0216717	0.0216717	0.0130092
3.21678	0.0354479	0.0354479	0.0212789
3.22677	0.0491935	0.0491935	0.0295302
3.23676	0.062897	0.062897	0.0377563
3.24675	0.076547	0.076547	0.0459502
3.25674	0.0901324	0.0901324	0.0541054
3.26673	0.103642	0.103642	0.0622152
3.27672	0.117066	0.117066	0.0702734
3.28671	0.130393	0.130393	0.0782736
3.2967	0.143614	0.143614	0.0862098
3.30669	0.156718	0.156718	0.094076
3.31668	0.169696	0.169696	0.101867
3.32667	0.182539	0.182539	0.109576
3.33666	0.195237	0.195237	0.117198
3.34665	0.207782	0.207782	0.124729
3.35664	0.220165	0.220165	0.132162
3.36663	0.232378	0.232378	0.139494
3.37662	0.244414	0.244414	0.146719
3.38661	0.256264	0.256264	0.153832
3.3966	0.267922	0.267922	0.16083
3.40659	0.27938	0.27938	0.167708
3.41658	0.290632	0.290632	0.174463
3.42657	0.301671	0.301671	0.18109
3.43656	0.312493	0.312493	0.187585
3.44655	0.323089	0.323089	0.193947
3.45654	0.333457	0.333457	0.20017
3.46653	0.343589	0.343589	0.206253
3.47652	0.353483	0.353483	0.212191
3.48651	0.363132	0.363132	0.217984
3.4965	0.372534	0.372534	0.223627
3.50649	0.381683	0.381683	0.22912
3.51648	0.390578	0.390578	0.234459
3.52647	0.399213	0.399213	0.239643
3.53646	0.407588	0.407588	0.24467
3.54645	0.415698	0.415698	0.249538
3.55644	0.423542	0.423542	0.254247
3.56643	0.431117	0.431117	0.258794
3.57642	0.438422	0.438422	0.263179
3.58641	0.445456	0.445456	0.267402
3.5964	0.452217	0.452217	0.27146
3.60639	0.458704	0.458704	0.275354
3.61638	0.464916	0.464916	0.279084
3.62637	0.470854	0.470854	0.282648
3.63636	0.476518	0.476518	0.286048
3.64635	0.481906	0.481906	0.289282
3.65634	0.48702	0.48702	0.292352
3.66633	0.491861	0.491861	0.295258
3.67632	0.496429	0.496429	0.298
3.68631	0.500725	0.500725	0.300579
3.6963	0.504751	0.504751	0.302996
3.70629	0.508508	0.508508	0.305251
3.71628	0.511998	0.511998	0.307346
3.72627	0.515223	0.515223	0.309282
3.73626	0.518185	0.518185	0.31106
3.74625	0.520886	0.520886	0.312681
3.75624	0.523329	0.523329	0.314148
3.76623	0.525517	0.525517	0.315461
3.77622	0.527452	0.527452	0.316623
3.78621	0.529138	0.529138	0.317635
3.7962	0.530578	0.530578	0.318499
3.80619	0.531774	0.531774	0.319218
3.81618	0.532732	0.532732	0.319792
3.82617	0.533453	0.533453	0.320225
3.83616	0.533942	0.533942	0.320519
3.84615	0.534203	0.534203	0.320676
3.85614	0.53424	0.53424	0.320698
3.86613	0.534057	0.534057	0.320588
3.87612	0.533658	0.533658	0.320348
3.88611	0.533047	0.533047	0.319981
3.8961	0.532228	0.532228	0.31949
3.90609	0.531207	0.531207	0.318877
3.91608	0.529987	0.529987	0.318145
3.92607	0.528574	0.528574	0.317297
3.93606	0.526972	0.526972	0.316335
3.94605	0.525185	0.525185	0.315262
3.95604	0.523218	0.523218	0.314081
3.96603	0.521077	0.521077	0.312796
3.97602	0.518765	0.518765	0.311408
3.98601	0.516289	0.516289	0.309922
3.996	0.513652	0.513652	0.308339
4.00599	0.510859	0.510859	0.306663
4.01598	0.507917	0.507917	0.304896
4.02597	0.504828	0.504828	0.303042
4.03596	0.501599	0.501599	0.301104
4.04595	0.498235	0.498235	0.299084
4.05594	0.494739	0.494739	0.296986
4.06593	0.491118	0.491118	0.294812
4.07592	0.487376	0.487376	0.292566
4.08591	0.483518	0.483518	0.29025
4.0959	0.479548	0.479548	0.287867
4.10589	0.475473	0.475473	0.28542
4.11588	0.471295	0.471295	0.282913
4.12587	0.467021	0.467021	0.280347
4.13586	0.462655	0.462655	0.277726
4.14585	0.458201	0.458201	0.275052
4.15584	0.453664	0.453664	0.272329
4.16583	0.449049	0.449049	0.269559
4.17582	0.444361	0.444361	0.266744
4.18581	0.439603	0.439603	0.263888
4.1958	0.43478	0.43478	0.260993
4.20579	0.429897	0.429897	0.258062
4.21578	0.424957	0.424957	0.255097
4.22577	0.419966	0.419966	0.2521
4.23576	0.414927	0.414927	0.249075
4.24575	0.409843	0.409843	0.246024
4.25574	0.40472	0.40472	0.242949
4.26573	0.399562	0.399562	0.239852
4.27572	0.394371	0.394371	0.236736
4.28571	0.389152	0.389152	0.233603
4.2957	0.383908	0.383908	0.230455
4.30569	0.378643	0.378643	0.227295
4.31568	0.373362	0.373362	0.224124
4.32567	0.368066	0.368066	0.220945
4.33566	0.362759	0.362759	0.21776
4.34565	0.357445	0.357445	0.21457
4.35564	0.352127	0.352127	0.211378
4.36563	0.346809	0.346809	0.208185
4.37562	0.341492	0.341492	0.204993
4.38561	0.33618	0.33618	0.201805
4.3956	0.330876	0.330876	0.198621
4.40559	0.325583	0.325583	0.195443
4.41558	0.320303	0.320303	0.192274
4.42557	0.315039	0.315039	0.189114
4.43556	0.309793	0.309793	0.185965
4.44555	0.304568	0.304568	0.182828
4.45554	0.299366	0.299366	0.179706
4.46553	0.29419	0.29419	0.176599
4.47552	0.289042	0.289042	0.173508
4.48551	0.283923	0.283923	0.170436
4.4955	0.278836	0.278836	0.167382
4.50549	0.273783	0.273783	0.164348
4.51548	0.268765	0.268765	0.161336
4.52547	0.263784	0.263784	0.158346
4.53546	0.258843	0.258843	0.15538
4.54545	0.253942	0.253942	0.152438
4.55544	0.249083	0.249083	0.149521
4.56543	0.244268	0.244268	0.146631
4.57542	0.239497	0.239497	0.143767
4.58541	0.234773	0.234773	0.140931
4.5954	0.230096	0.230096	0.138124
4.60539	0.225469	0.225469	0.135346
4.61538	0.22089	0.22089	0.132598
4.62537	0.216363	0.216363	0.12988
4.63536	0.211887	0.211887	0.127193
4.64535	0.207464	0.207464	0.124538
4.65534	0.203094	0.203094	0.121915
4.66533	0.198778	0.198778	0.119324
4.67532	0.194518	0.194518	0.116767
4.68531	0.190312	0.190312	0.114242
4.6953	0.186163	0.186163	0.111751
4.70529	0.182071	0.182071	0.109295
4.71528	0.178035	0.178035	0.106872
4.72527	0.174057	0.174057	0.104484
4.73526	0.170137	0.170137	0.102131
4.74525	0.166275	0.166275	0.0998127
4.75524	0.162471	0.162471	0.0975294
4.76523	0.158726	0.158726	0.0952812
4.77522	0.15504	0.15504	0.0930683
4.78521	0.151412	0.151412	0.0908908
4.7952	0.147843	0.147843	0.0887486
4.80519	0.144334	0.144334	0.0866417
4.81518	0.140883	0.140883	0.0845703
4.82517	0.137491	0.137491	0.0825342
4.83516	0.134158	0.134158	0.0805333
4.84515	0.130883	0.130883	0.0785677
4.85514	0.127667	0.127667	0.0766371
4.86513	0.12451	0.12451	0.0747415
4.87512	0.12141	0.12141	0.0728808
4.88511	0.118368	0.118368	0.0710547
4.8951	0.115383	0.115383	0.0692632
4.90509	0.112456	0.112456	0.0675059
4.91508	0.109585	0.109585	0.0657827
4.92507	0.106771	0.106771	0.0640934
4.93506	0.104013	0.104013	0.0624378
4.94505	0.101311	0.101311	0.0608155
4.95504	0.0986631	0.0986631	0.0592263
4.96503	0.0960704	0.0960704	0.0576699
4.97502	0.0935319	0.0935319	0.056146
4.98501	0.091047	0.091047	0.0546544
4.995	0.0886153	0.0886153	0.0531947
5.00499	0.0862363	0.0862363	0.0517666
5.01498	0.0839093	0.0839093	0.0503697
5.02497	0.0816338	0.0816338	0.0490038
5.03496	0.0794093	0.0794093	0.0476684
5.04495	0.0772351	0.0772351	0.0463633
5.05494	0.0751106	0.0751106	0.045088
5.06493	0.0730352	0.0730352	0.0438422
5.07492	0.0710084	0.0710084	0.0426255
5.08491	0.0690294	0.0690294	0.0414375
5.0949	0.0670977	0.0670977	0.0402779
5.10489	0.0652125	0.0652125	0.0391463
5.11488	0.0633734	0.0633734	0.0380422
5.12487	0.0615795	0.0615795	0.0369654
5.13486	0.0598302	0.0598302	0.0359154
5.14485	0.058125	0.058125	0.0348917
5.15484	0.0564631	0.0564631	0.0338941
5.16483	0.0548438	0.0548438	0.0329221
5.17482	0.0532666	0.0532666	0.0319753
5.18481	0.0517307	0.0517307	0.0310533
5.1948	0.0502356	0.0502356	0.0301558
5.20479	0.0487805	0.0487805	0.0292823
5.21478	0.0473647	0.0473647	0.0284325
5.22477	0.0459877	0.0459877	0.0276059
5.23476	0.0446488	0.0446488	0.0268021
5.24475	0.0433473	0.0433473	0.0260209
5.25474	0.0420827	0.0420827	0.0252617
5.26473	0.0408542	0.0408542	0.0245243
5.27472	0.0396612	0.0396612	0.0238082
5.28471	0.0385032	0.0385032	0.023113
5.2947	0.0373795	0.0373795	0.0224385
5.30469	0.0362895	0.0362895	0.0217842
5.31468	0.0352326	0.0352326	0.0211497
5.32467	0.0342083	0.0342083	0.0205348
5.33466	0.0332158	0.0332158	0.019939
5.34465	0.0322547	0.0322547	0.0193621
5.35464	0.0313244	0.0313244	0.0188037
5.36463	0.0304244	0.0304244	0.0182634
5.37462	0.029554	0.029554	0.0177409
5.38461	0.0287128	0.0287128	0.017236
5.3946	0.0279003	0.0279003	0.0167482
5.40459	0.0271158	0.0271158	0.0162773
5.41458	0.0263591	0.0263591	0.015823
5.42457	0.0256294	0.0256294	0.015385
5.43456	0.0249264	0.0249264	0.014963
5.44455	0.0242497	0.0242497	0.0145568
5.45454	0.0235987	0.0235987	0.014166
5.46453	0.022973	0.022973	0.0137904
5.47452	0.0223722	0.0223722	0.0134298
5.48451	0.0217959	0.0217959	0.0130838
5.4945	0.0212438	0.0212438	0.0127524
5.50449	0.0207153	0.0207153	0.0124351
5.51448	0.0202102	0.0202102	0.012132
5.52447	0.0197282	0.0197282	0.0118426
5.53446	0.0192688	0.0192688	0.0115668
5.54445	0.0188318	0.0188318	0.0113045
5.55444	0.0184168	0.0184168	0.0110554
5.56443	0.0180236	0.0180236	0.0108194
5.57442	0.017652	0.017652	0.0105963
5.58441	0.0173016	0.0173016	0.010386
5.5944	0.0169723	0.0169723	0.0101883
5.60439	0.0166638	0.0166638	0.0100031
5.61438	0.016376	0.016376	0.00983029
5.62437	0.0161086	0.0161086	0.00966979
5.63436	0.0158615	0.0158615	0.00952147
5.64435	0.0156346	0.0156346	0.00938527
5.65434	0.0154278	0.0154278	0.00926112
5.66433	0.0152409	0.0152409	0.00914896
5.67432	0.015074	0.015074	0.00904874
5.68431	0.0149269	0.0149269	0.00896045
5.6943	0.0147997	0.0147997	0.00888406
5.70429	0.0146922	0.0146922	0.00881957
5.71428	0.0146047	0.0146047	0.00876701
5.72427	0.014537	0.014537	0.00872639
5.73426	0.0144893	0.0144893	0.00869777
5.74425	0.0144617	0.0144617	0.0086812
5.75424	0.0144543	0	0.00867675
5.76423	0.0144673	0	0.00868453
5.77422	0.0145008	0	0.00870464
5.78421	0.014555	0	0.00873721
5.7942	0.0146303	0	0.00878239
5.80419	0.0147268	0	0.00884034
5.81418	0.014845	0	0.00891125
5.82417	0.014985	0	0.00899534
5.83416	0.0151474	0	0.00909282
5.84415	0.0153326	0	0.00920395
5.85414	0.0155409	0	0.00932901
5.86413	0.0157729	0	0.00946828
5.87412	0.0160291	0	0.0096221
5.88411	0.0163102	0	0.00979081
5.8941	0.0166167	0	0.00997478
5.90409	0.0169493	0	0.0101744
5.91408	0.0173087	0	0.0103902
5.92407	0.0176957	0	0.0106225
5.93406	0.0181112	0	0.0108719
5.94405	0.0185559	0	0.0111389
5.95404	0.019031	0	0.011424
5.96403	0.0195372	0	0.011728
5.97402	0.0200758	0	0.0120513
5.98401	0.0206478	0	0.0123946
5.994	0.0212545	0	0.0127588
6.00399	0.0218971	0	0.0131446
6.01398	0.0225769	0	0.0135527
6.02397	0.0232955	0	0.013984
6.03396	0.0240542	0	0.0144395
6.04395	0.0248548	0	0.01492
6.05394	0.0256988	0	0.0154267
6.06393	0.0265881	0	0.0159605
6.07392	0.0275246	0	0.0165227
6.08391	0.0285103	0	0.0171144
6.0939	0.0295472	0	0.0177368
6.10389	0.0306376	0	0.0183914
6.11388	0.0317838	0	0.0190794
6.12387	0.0329884	0	0.0198025
6.13386	0.0342539	0	0.0205622
6.14385	0.035583	0	0.0213601
6.15384	0.0369788	0	0.0221979
6.16383	0.0384442	0	0.0230776
6.17382	0.0399825	0	0.024001
6.18381	0.0415971	0	0.0249702
6.1938	0.0432916	0	0.0259874
6.20379	0.0450697	0	0.0270548
6.21378	0.0469356	0	0.0281748
6.22377	0.0488933	0	0.02935
6.23376	0.0509473	0	0.0305831
6.24375	0.0531024	0	0.0318767
6.25374	0.0553634	0	0.0332339
6.26373	0.0577355	0	0.0346579
6.27372	0.0602242	0	0.0361519
6.28371	0.0628354	0	0.0377193
6.2937	0.065575	0	0.0393639
6.30369	0.0684496	0	0.0410894
6.31368	0.0714658	0	0.0429
6.32367	0.0746309	0	0.0448
6.33366	0.0779523	0	0.0467938
6.34365	0.0814381	0	0.0488863
6.35364	0.0850965	0	0.0510824
6.36363	0.0889365	0	0.0533875
6.37362	0.0929673	0	0.0558071
6.38361	0.0971988	0	0.0583473
6.3936	0.101641	0	0.0610141
6.40359	0.106306	0	0.0638141
6.41358	0.111204	0	0.0667543
6.42357	0.116348	0	0.0698421
6.43356	0.12175	0	0.073085
6.44355	0.127424	0	0.0764913
6.45354	0.133385	0	0.0800696
6.46353	0.139648	0	0.0838289
6.47352	0.146228	0	0.0877788
6.48351	0.153142	0	0.0919294
6.4935	0.160409	0	0.0962914
6.50349	0.168046	0	0.100876
6.51348	0.176075	0	0.105695
6.52347	0.184515	0	0.110762
6.53346	0.193389	0	0.116089
6.54345	0.20272	0	0.12169
6.55344	0.212533	0	0.127581
6.56343	0.222854	0	0.133777
6.57342	0.233711	0	0.140294
6.58341	0.245133	0	0.14715
6.5934	0.257151	0	0.154364
6.60339	0.269796	0	0.161955
6.61338	0.283105	0	0.169944
6.62337	0.297112	0	0.178353
6.63336	0.311857	0	0.187204
6.64335	0.327381	0	0.196523
6.65334	0.343725	0	0.206334
6.66333	0.360937	0	0.216666
6.67332	0.379064	0	0.227548
6.68331	0.398158	0	0.239009
6.6933	0.418271	0	0.251083
6.70329	0.439462	0	0.263804
6.71328	0.461791	0	0.277207
6.72327	0.485321	0	0.291332
6.73326	0.510121	0	0.306219
6.74325	0.536262	0	0.321911
6.75324	0.56382	0	0.338454
6.76323	0.592875	0	0.355896
6.77322	0.623514	0	0.374288
6.78321	0.655825	0	0.393684
6.7932	0.689905	0	0.414141
6.80319	0.725854	0	0.435721
6.81318	0.763781	0	0.458488
6.82317	0.803798	0	0.48251
6.83316	0.846027	0	0.507859
6.84315	0.890594	0	0.534613
6.85314	0.937635	0	0.562851
6.86313	0.987294	0	0.592661
6.87312	1.03972	0	0.624133
6.88311	1.09508	0	0.657365
6.8931	1.15355	0	0.692459
6.90309	1.21529	0	0.729525
6.91308	1.28051	0	0.768677
6.92307	1.34942	0	0.810039
6.93306	1.42222	0	0.85374
6.94305	1.49914	0	0.899918
6.95304	1.58044	0	0.94872
6.96303	1.66637	0	1.0003
6.97302	1.7572	0	1.05483
6.98301	1.85323	0	1.11247
6.993	1.95477	0	1.17342
7.00299	2.06214	0	1.23788
7.01298	2.17569	0	1.30604
7.02297	2.29581	0	1.37814
7.03296	2.42287	0	1.45442
7.04295	2.5573	0	1.53511
7.05294	2.69954	0	1.6205
7.06293	2.85007	0	1.71086
7.07292	3.00938	0	1.80649
7.08291	3.17802	0	1.90773
7.0929	3.35654	0	2.01489
7.10289	3.54556	0	2.12836
7.11288	3.74571	0	2.2485
7.12287	3.95767	0	2.37574
7.13286	4.18218	0	2.51051
7.14285	4.41999	0	2.65326
7.15284	4.67193	0	2.8045
7.16283	4.93887	0	2.96474
7.17282	5.22174	0	3.13455
7.18281	5.52153	0	3.31451
7.1928	5.83928	0	3.50525
7.20279	6.17612	0	3.70745
7.21278	6.53323	0	3.92182
7.22277	6.91188	0	4.14912
7.23276	7.31342	0	4.39016
7.24275	7.73928	0	4.6458
7.25274	8.19099	0	4.91695
7.26273	8.67018	0	5.20461
7.27272	9.17859	0	5.50979
7.28271	9.71804	0	5.83362
7.2927	10.2905	0	6.17728
7.30269	10.8981	0	6.54201
7.31268	11.5431	0	6.92917
7.32267	12.2278	0	7.34017
7.33266	12.9547	0	7.77655
7.34265	13.7266	0	8.23992
7.35264	14.5464	0	8.73201
7.36263	15.417	0	9.25466
7.37262	16.3419	0	9.80985
7.38261	17.3245	0	10.3997
7.3926	18.3684	0	11.0263
7.40259	19.4778	0	11.6923
7.41258	20.6567	0	12.4
7.42257	21.9098	0	13.1522
7.43256	23.2418	0	13.9518
7.44255	24.6579	0	14.8019
7.45254	26.1636	0	15.7057
7.46253	27.7648	0	16.6669
7.47252	29.4677	0	17.6891
7.48251	31.2789	0	18.7763
7.4925	33.2057	0	19.9329
7.50249	35.2555	0	21.1635
7.51248	37.4366	0	22.4727
7.52247	39.7577	0	23.866
7.53246	42.2279	0	25.3489
7.54245	44.8572	0	26.9272
7.55244	47.6562	0	28.6074
7.56243	50.6362	0	30.3963
7.57242	53.8093	0	32.3011
7.58241	57.1883	0	34.3294
7.5924	60.7871	0	36.4898
7.60239	64.6205	0	38.7909
7.61238	68.7041	0	41.2423
7.62237	73.055	0	43.854
7.63236	77.691	0	46.6369
7.64235	82.6314	0	49.6026
7.65234	87.897	0	52.7635
7.66233	93.5097	0	56.1327
7.67232	99.4931	0	59.7245
7.68231	105.873	0	63.554
7.6923	112.675	0	67.6374
7.70229	119.929	0	71.9921
7.71228	127.666	0	76.6366
7.72227	135.92	0	81.5908
7.73226	144.724	0	86.8761
7.74225	154.118	0	92.5151
7.75224	164.142	0	98.5323
7.76223	174.839	0	104.954
7.77222	186.257	0	111.808
7.78221	198.444	0	119.124
7.7922	211.455	0	126.934
7.80219	225.347	0	135.273
7.81218	240.181	0	144.177
7.82217	256.022	0	153.687
7.83216	272.942	0	163.844
7.84215	291.016	0	174.693
7.85214	310.325	0	186.284
7.86213	330.955	0	198.668
7.87212	353	0	211.902
7.88211	376.56	0	226.044
7.8921	401.741	0	241.16
7.90209	428.658	0	257.318
7.91208	457.434	0	274.592
7.92207	488.202	0	293.062
7.93206	521.103	0	312.812
7.94205	556.288	0	333.933
7.95204	593.922	0	356.524
7.96203	634.179	0	380.69
7.97202	677.246	0	406.543
7.98201	723.327	0	434.204
7.992	772.636	0	463.804
8.00199	825.407	0	495.482
8.01198	881.889	0	529.387
8.02197	942.35	0	565.681
8.03196	1007.08	0	604.537
8.04195	1076.38	0	646.139
8.05194	1150.6	0	690.689
8.06193	1230.07	0	738.399
8.07192	1315.2	0	789.499
8.08191	1406.39	0	844.239
8.0919	1504.08	0	902.882
8.10189	1608.75	0	965.715
8.11188	1720.92	0	1033.05
8.12187	1841.12	0	1105.2
8.13186	1969.96	0	1182.54
8.14185	2108.07	0	1265.45
8.15184	2256.13	0	1354.33
8.16183	2414.88	0	1449.62
8.17182	2585.11	0	1551.81
8.18181	2767.68	0	1661.4
8.1918	2963.49	0	1778.95
8.20179	3173.54	0	1905.04
8.21178	3398.88	0	2040.31
8.22177	3640.66	0	2185.44
8.23176	3900.1	0	2341.18
8.24175	4178.53	0	2508.32
8.25174	4477.38	0	2687.71
8.26173	4798.17	0	2880.28
8.27172	5142.55	0	3087.01
8.28171	5512.32	0	3308.98
8.2917	5909.37	0	3547.32
8.30169	6335.79	0	3803.29
8.31168	6793.78	0	4078.22
8.32167	7285.74	0	4373.54
8.33166	7814.26	0	4690.8
8.34165	8382.11	0	5031.68
8.35164	8992.31	0	5397.97
8.36163	9648.06	0	5791.61
8.37162	10352.9	0	6214.7
8.38161	11110.5	0	6669.49
8.3916	11925	0	7158.4
8.40159	12800.6	0	7684.07
8.41158	13742.3	0	8249.32
8.42157	14754.9	0	8857.19
8.43156	15844.1	0	9510.99
8.44155	17015.6	0	10214.3
8.45154	18275.9	0	10970.8
8.46153	19631.9	0	11784.8
8.47152	21091.1	0	12660.7
8.48151	22661.3	0	13603.3
8.4915	24351.3	0	14617.8
8.50149	26170.4	0	15709.8
8.51148	28128.8	0	16885.4
8.52147	30237.3	0	18151.1
8.53146	32507.6	0	19513.9
8.54145	34952.5	0	20981.6
8.55144	37585.7	0	22562.3
8.56143	40422.1	0	24264.9
8.57142	43477.6	0	26099.1
8.58141	46769.6	0	28075.2
8.5914	50316.8	0	30204.5
8.60139	54139.3	0	32499.2
8.61138	58259.1	0	34972.2
8.62137	62699.7	0	37637.9
8.63136	67486.7	0	40511.4
8.64135	72647.7	0	43609.5
8.65134	78212.6	0	46950.1
8.66133	84213.6	0	50552.4
8.67132	90685.7	0	54437.5
8.68131	97666.5	0	58628
8.6913	105197	0	63148.5
8.70129	113322	0	68025.5
8.71128	122088	0	73287.8
8.72127	131547	0	78966.3
8.73126	141757	0	85094.8
8.74125	152776	0	91709.5
8.75124	164671	0	98850
8.76123	177513	0	106559
8.77122	191379	0	114882
8.78121	206352	0	123870
8.7912	222522	0	133577
8.80119	239987	0	144061
8.81118	258853	0	155387
8.82117	279235	0	167622
8.83116	301257	0	180841
8.84115	325053	0	195125
8.85114	350770	0	210563
8.86113	378565	0	227248
8.87112	408610	0	245284
8.88111	441091	0	264782
8.8911	476209	0	285862
8.90109	514183	0	308657
8.91108	555248	0	333309
8.92107	599664	0	359971
8.93106	647707	0	388810
8.94105	699680	0	420009
8.95104	755911	0	453764
8.96103	816755	0	490288
8.97102	882599	0	529814
8.98101	953862	0	572591
8.991	1.031e+006	0	618895
9.00099	1.1145e+006	0	669020
9.01098	1.2049e+006	0	723288
9.02097	1.30279e+006	0	782048
9.03096	1.40879e+006	0	845680
9.04095	1.52359e+006	0	914595
9.05094	1.64794e+006	0	989239
9.06093	1.78264e+006	0	1.0701e+006
9.07092	1.92858e+006	0	1.1577e+006
9.08091	2.0867e+006	0	1.25262e+006
9.0909	2.25804e+006	0	1.35548e+006
9.10089	2.44374e+006	0	1.46695e+006
9.11088	2.64501e+006	0	1.58777e+006
9.12087	2.86319e+006	0	1.71874e+006
9.13086	3.09972e+006	0	1.86072e+006
9.14085	3.35617e+006	0	2.01467e+006
9.15084	3.63427e+006	0	2.1816e+006
9.16083	3.93585e+006	0	2.36264e+006
9.17082	4.26295e+006	0	2.559e+006
9.18081	4.61777e+006	0	2.77199e+006
9.1908	5.00269e+006	0	3.00305e+006
9.20079	5.42032e+006	0	3.25375e+006
9.21078	5.87348e+006	0	3.52578e+006
9.22077	6.36526e+006	0	3.82099e+006
9.23076	6.89901e+006	0	4.14139e+006
9.24075	7.47837e+006	0	4.48917e+006
9.25074	8.10731e+006	0	4.86672e+006
9.26073	8.79015e+006	0	5.27662e+006
9.27072	9.53159e+006	0	5.7217e+006
9.28071	1.03368e+007	0	6.20503e+006
9.2907	1.12112e+007	0	6.72995e+006
9.30069	1.2161e+007	0	7.30012e+006
9.31068	1.31928e+007	0	7.9195e+006
9.32067	1.43138e+007	0	8.59241e+006
9.33066	1.55318e+007	0	9.32356e+006
9.34065	1.68554e+007	0	1.01181e+007
9.35064	1.82938e+007	0	1.09816e+007
9.36063	1.98573e+007	0	1.19201e+007
9.37062	2.15568e+007	0	1.29403e+007
9.38061	2.34045e+007	0	1.40494e+007
9.3906	2.54134e+007	0	1.52553e+007
9.40059	2.75979e+007	0	1.65667e+007
9.41058	2.99735e+007	0	1.79928e+007
9.42057	3.25574e+007	0	1.95438e+007
9.43056	3.53681e+007	0	2.1231e+007
9.44055	3.84257e+007	0	2.30665e+007
9.45054	4.17525e+007	0	2.50635e+007
9.46053	4.53724e+007	0	2.72365e+007
9.47052	4.93118e+007	0	2.96013e+007
9.48051	5.35993e+007	0	3.2175e+007
9.4905	5.82661e+007	0	3.49764e+007
9.50049	6.33465e+007	0	3.80262e+007
9.51048	6.88777e+007	0	4.13465e+007
9.52047	7.49004e+007	0	4.49618e+007
9.53046	8.14589e+007	0	4.88988e+007
9.54045	8.86017e+007	0	5.31865e+007
9.55044	9.63818e+007	0	5.78568e+007
9.56043	1.04857e+008	0	6.29443e+007
9.57042	1.1409e+008	0	6.8487e+007
9.58041	1.24151e+008	0	7.45261e+007
9.5904	1.35113e+008	0	8.11069e+007
9.60039	1.47061e+008	0	8.82788e+007
9.61038	1.60083e+008	0	9.60958e+007
9.62037	1.74278e+008	0	1.04617e+008
9.63036	1.89753e+008	0	1.13906e+008
9.64035	2.06625e+008	0	1.24034e+008
9.65034	2.25023e+008	0	1.35078e+008
9.66033	2.45087e+008	0	1.47123e+008
9.67032	2.6697e+008	0	1.60259e+008
9.68031	2.90839e+008	0	1.74587e+008
9.6903	3.16879e+008	0	1.90219e+008
9.70029	3.45289e+008	0	2.07273e+008
9.71028	3.76288e+008	0	2.25881e+008
9.72027	4.10117e+008	0	2.46188e+008
9.73026	4.47037e+008	0	2.68351e+008
9.74025	4.87336e+008	0	2.92542e+008
9.75024	5.31328e+008	0	3.1895e+008
9.76023	5.79356e+008	0	3.4778e+008
9.77022	6.31796e+008	0	3.79259e+008
9.78021	6.89061e+008	0	4.13635e+008
9.7902	7.516e+008	0	4.51176e+008
9.80019	8.19908e+008	0	4.92181e+008
9.81018	8.94524e+008	0	5.36972e+008
9.82017	9.76041e+008	0	5.85905e+008
9.83016	1.06511e+009	0	6.3937e+008
9.84015	1.16243e+009	0	6.97791e+008
9.85014	1.26879e+009	0	7.61636e+008
9.86013	1.38503e+009	0	8.31416e+008
9.87012	1.51209e+009	0	9.07692e+008
9.88011	1.651e+009	0	9.91076e+008
9.8901	1.80287e+009	0	1.08224e+009
9.90009	1.96893e+009	0	1.18192e+009
9.91008	2.15053e+009	0	1.29094e+009
9.92007	2.34914e+009	0	1.41016e+009
9.93006	2.56638e+009	0	1.54056e+009
9.94005	2.80402e+009	0	1.68322e+009
9.95004	3.06401e+009	0	1.83929e+009
9.96003	3.34848e+009	0	2.01005e+009
9.97002	3.65977e+009	0	2.19692e+009
9.98001	4.00046e+009	0	2.40142e+009
9.99	4.37334e+009	0	2.62526e+009
