0	0	0	0
0.00999	0.0231156	0.0231156	0.00997821
0.01998	0.0460676	0.0460676	0.0198857
0.02997	0.0686933	0.0686933	0.0296525
0.03996	0.0908326	0.0908326	0.0392092
0.04995	0.112329	0.112329	0.0484883
0.05994	0.133029	0.133029	0.057424
0.06993	0.152788	0.152788	0.065953
0.07992	0.171464	0.171464	0.0740151
0.08991	0.188927	0.188927	0.081553
0.0999	0.205052	0.205052	0.0885135
0.10989	0.219724	0.219724	0.0948472
0.11988	0.232841	0.232841	0.100509
0.12987	0.24431	0.24431	0.10546
0.13986	0.254049	0.254049	0.109664
0.14985	0.261989	0.261989	0.113091
0.15984	0.268074	0.268074	0.115718
0.16983	0.272262	0.272262	0.117526
0.17982	0.274522	0.274522	0.118501
0.18981	0.274839	0.274839	0.118638
0.1998	0.273211	0.273211	0.117936
0.20979	0.269649	0.269649	0.116398
0.21978	0.264179	0.264179	0.114037
0.22977	0.256839	0.256839	0.110868
0.23976	0.247682	0.247682	0.106915
0.24975	0.236772	0.236772	0.102206
0.25974	0.224187	0.224187	0.0967735
0.26973	0.210015	0.210015	0.0906562
0.27972	0.194358	0.194358	0.0838976
0.28971	0.177326	0.177326	0.0765455
0.2997	0.15904	0.15904	0.068652
0.30969	0.139629	0.139629	0.0602729
0.31968	0.11923	0.11923	0.0514676
0.32967	0.0979888	0.0979888	0.0422983
0.33966	0.0760542	0.0760542	0.0328299
0.34965	0.0535819	0.0535819	0.0231294
0.35964	0.0307308	0.0307308	0.0132654
0.36963	0.00766246	0.00766246	0.00330761
0.37962	-0.01546	-0.01546	-0.00667355
0.38961	-0.0384733	-0.0384733	-0.0166075
0.3996	-0.0612146	-0.0612146	-0.0264242
0.40959	-0.0835235	-0.0835235	-0.0360541
0.41958	-0.105242	-0.105242	-0.0454293
0.42957	-0.126218	-0.126218	-0.0544836
0.43956	-0.146301	-0.146301	-0.0631531
0.44955	-0.165352	-0.165352	-0.0713765
0.45954	-0.183235	-0.183235	-0.079096
0.46953	-0.199824	-0.199824	-0.0862569
0.47952	-0.215002	-0.215002	-0.0928089
0.48951	-0.228663	-0.228663	-0.0987058
0.4995	-0.24071	-0.24071	-0.103906
0.50949	-0.251058	-0.251058	-0.108373
0.51948	-0.259635	-0.259635	-0.112075
0.52947	-0.266381	-0.266381	-0.114987
0.53946	-0.271247	-0.271247	-0.117088
0.54945	-0.2742	-0.2742	-0.118362
0.55944	-0.27522	-0.27522	-0.118803
0.56943	-0.274299	-0.274299	-0.118405
0.57942	-0.271444	-0.271444	-0.117173
0.58941	-0.266677	-0.266677	-0.115115
0.5994	-0.26003	-0.26003	-0.112246
0.60939	-0.251551	-0.251551	-0.108586
0.61938	-0.2413	-0.2413	-0.10416
0.62937	-0.229349	-0.229349	-0.0990018
0.63936	-0.215783	-0.215783	-0.0931459
0.64935	-0.200698	-0.200698	-0.0866341
0.65934	-0.1842	-0.1842	-0.0795125
0.66933	-0.166405	-0.166405	-0.0718313
0.67932	-0.14744	-0.14744	-0.0636445
0.68931	-0.127437	-0.127437	-0.05501
0.6993	-0.106538	-0.106538	-0.0459885
0.70929	-0.084889	-0.084889	-0.0366436
0.71928	-0.0626435	-0.0626435	-0.027041
0.72927	-0.0399577	-0.0399577	-0.0172483
0.73926	-0.0169909	-0.0169909	-0.00733438
0.74925	0.00609522	0.00609522	0.00263109
0.75924	0.0291385	0.0291385	0.0125781
0.76923	0.0519772	0.0519772	0.0224367
0.77922	0.0744508	0.0744508	0.0321378
0.78921	0.0964017	0.0964017	0.0416132
0.7992	0.117676	0.117676	0.0507965
0.80919	0.138124	0.138124	0.0596234
0.81918	0.157604	0.157604	0.0680319
0.82917	0.175977	0.175977	0.0759631
0.83916	0.193117	0.193117	0.0833617
0.84915	0.208902	0.208902	0.0901757
0.85914	0.223223	0.223223	0.0963576
0.86913	0.23598	0.23598	0.101864
0.87912	0.247084	0.247084	0.106657
0.88911	0.256456	0.256456	0.110703
0.8991	0.264033	0.264033	0.113974
0.90909	0.269761	0.269761	0.116446
0.91908	0.273601	0.273601	0.118104
0.92907	0.275527	0.275527	0.118935
0.93906	0.275525	0.275525	0.118934
0.94905	0.273596	0.273596	0.118102
0.95904	0.269754	0.269754	0.116443
0.96903	0.264026	0.264026	0.113971
0.97902	0.256454	0.256454	0.110702
0.98901	0.24709	0.24709	0.10666
0.999	0.236	0.236	0.101873
1.00899	0.223262	0.223262	0.0963744
1.01898	0.208966	0.208966	0.0902033
1.02897	0.193212	0.193212	0.0834027
1.03896	0.17611	0.17611	0.0760203
1.04895	0.157779	0.157779	0.0681077
1.05894	0.138349	0.138349	0.0597203
1.06893	0.117954	0.117954	0.0509166
1.07892	0.0967374	0.0967374	0.0417581
1.08891	0.0748469	0.0748469	0.0323088
1.0989	0.0524353	0.0524353	0.0226344
1.10889	0.0296586	0.0296586	0.0128025
1.11888	0.00667544	0.00667544	0.00288155
1.12887	-0.0163541	-0.0163541	-0.00705949
1.13886	-0.03927	-0.03927	-0.0169514
1.14885	-0.0619128	-0.0619128	-0.0267256
1.15884	-0.0841253	-0.0841253	-0.0363139
1.16883	-0.105753	-0.105753	-0.04565
1.17882	-0.126647	-0.126647	-0.054669
1.18881	-0.146661	-0.146661	-0.0633084
1.1988	-0.165657	-0.165657	-0.0715084
1.20879	-0.183504	-0.183504	-0.0792123
1.21878	-0.200078	-0.200078	-0.0863667
1.22877	-0.215265	-0.215265	-0.0929224
1.23876	-0.22896	-0.22896	-0.0988339
1.24875	-0.241068	-0.241068	-0.104061
1.25874	-0.251507	-0.251507	-0.108567
1.26873	-0.260204	-0.260204	-0.112321
1.27872	-0.267101	-0.267101	-0.115298
1.28871	-0.272149	-0.272149	-0.117477
1.2987	-0.275315	-0.275315	-0.118844
1.30869	-0.276578	-0.276578	-0.119389
1.31868	-0.27593	-0.27593	-0.119109
1.32867	-0.273375	-0.273375	-0.118006
1.33866	-0.268932	-0.268932	-0.116088
1.34865	-0.262633	-0.262633	-0.113369
1.35864	-0.254521	-0.254521	-0.109868
1.36863	-0.244654	-0.244654	-0.105609
1.37862	-0.2331	-0.2331	-0.100621
1.38861	-0.21994	-0.21994	-0.0949402
1.3986	-0.205264	-0.205264	-0.0886051
1.40859	-0.189174	-0.189174	-0.0816599
1.41858	-0.171783	-0.171783	-0.0741525
1.42857	-0.153209	-0.153209	-0.0661349
1.43856	-0.133581	-0.133581	-0.0576624
1.44855	-0.113035	-0.113035	-0.0487934
1.45854	-0.0917126	-0.0917126	-0.0395891
1.46853	-0.0697596	-0.0697596	-0.0301128
1.47852	-0.0473277	-0.0473277	-0.0204297
1.48851	-0.0245709	-0.0245709	-0.0106064
1.4985	-0.00164552	-0.00164552	-0.000710313
1.50849	0.0212912	0.0212912	0.00919064
1.51848	0.0440819	0.0440819	0.0190286
1.52847	0.0665706	0.0665706	0.0287362
1.53846	0.0886034	0.0886034	0.038247
1.54845	0.11003	0.11003	0.0474959
1.55844	0.130703	0.130703	0.0564199
1.56843	0.150482	0.150482	0.0649579
1.57842	0.169233	0.169233	0.0730519
1.58841	0.186827	0.186827	0.0806467
1.5984	0.203146	0.203146	0.0876907
1.60839	0.218077	0.218077	0.094136
1.61838	0.23152	0.23152	0.099939
1.62837	0.243384	0.243384	0.10506
1.63836	0.253589	0.253589	0.109465
1.64835	0.262066	0.262066	0.113125
1.65834	0.268758	0.268758	0.116013
1.66833	0.27362	0.27362	0.118112
1.67832	0.276621	0.276621	0.119407
1.68831	0.27774	0.27774	0.119891
1.6983	0.276972	0.276972	0.119559
1.70829	0.274321	0.274321	0.118415
1.71828	0.269808	0.269808	0.116467
1.72827	0.263463	0.263463	0.113728
1.73826	0.255332	0.255332	0.110218
1.74825	0.245468	0.245468	0.10596
1.75824	0.233942	0.233942	0.100984
1.76823	0.22083	0.22083	0.0953247
1.77822	0.206224	0.206224	0.0890196
1.78821	0.190222	0.190222	0.0821122
1.7982	0.172934	0.172934	0.0746495
1.80819	0.154477	0.154477	0.0666822
1.81818	0.134976	0.134976	0.0582643
1.82817	0.114564	0.114564	0.0494531
1.83816	0.0933784	0.0933784	0.0403082
1.84815	0.0715632	0.0715632	0.0308913
1.85814	0.0492656	0.0492656	0.0212662
1.86813	0.026636	0.026636	0.0114978
1.87812	0.00382707	0.00382707	0.00165201
1.88811	-0.0190077	-0.0190077	-0.00820493
1.8981	-0.0417145	-0.0417145	-0.0180067
1.90809	-0.064141	-0.064141	-0.0276874
1.91808	-0.0861365	-0.0861365	-0.0371821
1.92807	-0.107554	-0.107554	-0.0464271
1.93806	-0.128249	-0.128249	-0.0553606
1.94805	-0.148084	-0.148084	-0.0639227
1.95804	-0.166927	-0.166927	-0.0720563
1.96803	-0.184651	-0.184651	-0.0797072
1.97802	-0.201139	-0.201139	-0.0868245
1.98801	-0.216281	-0.216281	-0.0933607
1.998	-0.229976	-0.229976	-0.0992726
2.00799	-0.242135	-0.242135	-0.104521
2.01798	-0.252676	-0.252676	-0.109071
2.02797	-0.26153	-0.26153	-0.112893
2.03796	-0.268639	-0.268639	-0.115962
2.04795	-0.273957	-0.273957	-0.118258
2.05794	-0.27745	-0.27745	-0.119765
2.06793	-0.279095	-0.279095	-0.120475
2.07792	-0.278882	-0.278882	-0.120384
2.08791	-0.276815	-0.276815	-0.119491
2.0979	-0.272907	-0.272907	-0.117804
2.10789	-0.267187	-0.267187	-0.115335
2.11788	-0.259693	-0.259693	-0.1121
2.12787	-0.250476	-0.250476	-0.108121
2.13786	-0.239598	-0.239598	-0.103426
2.14785	-0.227132	-0.227132	-0.0980449
2.15784	-0.213163	-0.213163	-0.0920147
2.16783	-0.197782	-0.197782	-0.0853756
2.17782	-0.181094	-0.181094	-0.0781719
2.18781	-0.163209	-0.163209	-0.0704516
2.1978	-0.144246	-0.144246	-0.062266
2.20779	-0.124331	-0.124331	-0.0536694
2.21778	-0.103596	-0.103596	-0.0447188
2.22777	-0.0821781	-0.0821781	-0.0354734
2.23776	-0.0602189	-0.0602189	-0.0259944
2.24775	-0.0378632	-0.0378632	-0.0163442
2.25774	-0.0152584	-0.0152584	-0.00658652
2.26773	0.00744666	0.00744666	0.00321446
2.27772	0.0301028	0.0301028	0.0129943
2.28771	0.0525614	0.0525614	0.0226889
2.2977	0.0746752	0.0746752	0.0322347
2.30769	0.0962995	0.0962995	0.0415691
2.31768	0.117293	0.117293	0.0506312
2.32767	0.137519	0.137519	0.0593619
2.33766	0.156845	0.156845	0.0677043
2.34765	0.175146	0.175146	0.0756041
2.35764	0.192302	0.192302	0.0830101
2.36763	0.208204	0.208204	0.0898742
2.37762	0.222747	0.222747	0.096152
2.38761	0.235839	0.235839	0.101803
2.3976	0.247394	0.247394	0.106791
2.40759	0.257339	0.257339	0.111084
2.41758	0.265611	0.265611	0.114655
2.42757	0.272156	0.272156	0.11748
2.43756	0.276934	0.276934	0.119543
2.44755	0.279915	0.279915	0.120829
2.45754	0.28108	0.28108	0.121332
2.46753	0.280425	0.280425	0.121049
2.47752	0.277953	0.277953	0.119983
2.48751	0.273684	0.273684	0.118139
2.4975	0.267645	0.267645	0.115533
2.50749	0.259877	0.259877	0.112179
2.51748	0.250431	0.250431	0.108102
2.52747	0.23937	0.23937	0.103328
2.53746	0.226767	0.226767	0.0978873
2.54745	0.212703	0.212703	0.0918164
2.55744	0.197271	0.197271	0.0851547
2.56743	0.18057	0.18057	0.0779456
2.57742	0.162709	0.162709	0.0702356
2.58741	0.143803	0.143803	0.0620747
2.5974	0.123975	0.123975	0.0535157
2.60739	0.103353	0.103353	0.0446137
2.61738	0.0820683	0.0820683	0.035426
2.62737	0.0602587	0.0602587	0.0260115
2.63736	0.0380638	0.0380638	0.0164308
2.64735	0.0156258	0.0156258	0.0067451
2.65734	-0.00691202	-0.00691202	-0.00298367
2.66733	-0.0294058	-0.0294058	-0.0126934
2.67732	-0.0517121	-0.0517121	-0.0223223
2.68731	-0.0736893	-0.0736893	-0.0318091
2.6973	-0.0951976	-0.0951976	-0.0410935
2.70729	-0.116101	-0.116101	-0.0501167
2.71728	-0.136267	-0.136267	-0.0588216
2.72727	-0.155568	-0.155568	-0.0671532
2.73726	-0.173883	-0.173883	-0.0750591
2.74725	-0.191096	-0.191096	-0.0824896
2.75724	-0.2071	-0.2071	-0.0893979
2.76723	-0.221795	-0.221795	-0.0957409
2.77722	-0.235088	-0.235088	-0.101479
2.78721	-0.246896	-0.246896	-0.106576
2.7972	-0.257148	-0.257148	-0.111002
2.80719	-0.265779	-0.265779	-0.114727
2.81718	-0.272737	-0.272737	-0.117731
2.82717	-0.277979	-0.277979	-0.119994
2.83716	-0.281474	-0.281474	-0.121502
2.84715	-0.283202	-0.283202	-0.122248
2.85714	-0.283153	-0.283153	-0.122227
2.86713	-0.281329	-0.281329	-0.12144
2.87712	-0.277743	-0.277743	-0.119892
2.88711	-0.27242	-0.27242	-0.117594
2.8971	-0.265394	-0.265394	-0.114561
2.90709	-0.256711	-0.256711	-0.110813
2.91708	-0.246425	-0.246425	-0.106373
2.92707	-0.234604	-0.234604	-0.10127
2.93706	-0.221322	-0.221322	-0.0955368
2.94705	-0.206663	-0.206663	-0.0892089
2.95704	-0.190719	-0.190719	-0.0823265
2.96703	-0.17359	-0.17359	-0.0749328
2.97702	-0.155385	-0.155385	-0.0670742
2.98701	-0.136217	-0.136217	-0.0587999
2.997	-0.116205	-0.116205	-0.0501614
3.00699	-0.0954738	-0.0954738	-0.0412127
3.01698	-0.0741529	-0.0741529	-0.0320092
3.02697	-0.0523741	-0.0523741	-0.0226081
3.03696	-0.0302723	-0.0302723	-0.0130675
3.04695	-0.00798387	-0.00798387	-0.00344636
3.05694	0.0143537	0.0143537	0.00619599
3.06693	0.036603	0.036603	0.0158002
3.07692	0.0586275	0.0586275	0.0253074
3.08691	0.0802922	0.0802922	0.0346593
3.0969	0.101464	0.101464	0.0437986
3.10689	0.122015	0.122015	0.0526697
3.11688	0.141819	0.141819	0.0612184
3.12687	0.160757	0.160757	0.069393
3.13686	0.178712	0.178712	0.0771437
3.14685	0.195577	0.195577	0.0844239
3.15684	0.211251	0.211251	0.0911895
3.16683	0.225638	0.225638	0.0973999
3.17682	0.238653	0.238653	0.103018
3.18681	0.250218	0.250218	0.10801
3.1968	0.260264	0.260264	0.112347
3.20679	0.268732	0.268732	0.116002
3.21678	0.275573	0.275573	0.118955
3.22677	0.280747	0.280747	0.121188
3.23676	0.284224	0.284224	0.122689
3.24675	0.285984	0.285984	0.123449
3.25674	0.286021	0.286021	0.123465
3.26673	0.284334	0.284334	0.122737
3.27672	0.280936	0.280936	0.12127
3.28671	0.275849	0.275849	0.119074
3.2967	0.269106	0.269106	0.116163
3.30669	0.260748	0.260748	0.112556
3.31668	0.250828	0.250828	0.108274
3.32667	0.239407	0.239407	0.103344
3.33666	0.226555	0.226555	0.0977958
3.34665	0.21235	0.21235	0.0916639
3.35664	0.196878	0.196878	0.0849853
3.36663	0.180233	0.180233	0.0778002
3.37662	0.162515	0.162515	0.070152
3.38661	0.143831	0.143831	0.0620868
3.3966	0.124293	0.124293	0.0536529
3.40659	0.104018	0.104018	0.0449008
3.41658	0.0831261	0.0831261	0.0358826
3.42657	0.0617424	0.0617424	0.026652
3.43656	0.0399938	0.0399938	0.0172639
3.44655	0.018009	0.018009	0.00777384
3.45654	-0.00408205	-0.00408205	-0.00176208
3.46653	-0.0261491	-0.0261491	-0.0112876
3.47652	-0.0480622	-0.0480622	-0.0207468
3.48651	-0.069693	-0.069693	-0.030084
3.4965	-0.0909147	-0.0909147	-0.0392447
3.50649	-0.111603	-0.111603	-0.0481752
3.51648	-0.131639	-0.131639	-0.0568237
3.52647	-0.150904	-0.150904	-0.0651398
3.53646	-0.169288	-0.169288	-0.0730754
3.54645	-0.186683	-0.186683	-0.0805846
3.55644	-0.202991	-0.202991	-0.0876242
3.56643	-0.218118	-0.218118	-0.0941538
3.57642	-0.231976	-0.231976	-0.100136
3.58641	-0.244488	-0.244488	-0.105537
3.5964	-0.255581	-0.255581	-0.110325
3.60639	-0.265195	-0.265195	-0.114475
3.61638	-0.273274	-0.273274	-0.117963
3.62637	-0.279774	-0.279774	-0.120768
3.63636	-0.284659	-0.284659	-0.122877
3.64635	-0.287904	-0.287904	-0.124278
3.65634	-0.289492	-0.289492	-0.124963
3.66633	-0.289416	-0.289416	-0.12493
3.67632	-0.287677	-0.287677	-0.12418
3.68631	-0.28429	-0.28429	-0.122718
3.6963	-0.279274	-0.279274	-0.120553
3.70629	-0.27266	-0.27266	-0.117698
3.71628	-0.264489	-0.264489	-0.114171
3.72627	-0.25481	-0.25481	-0.109992
3.73626	-0.243678	-0.243678	-0.105187
3.74625	-0.23116	-0.23116	-0.0997837
3.75624	-0.217329	-0.217329	-0.093813
3.76623	-0.202264	-0.202264	-0.08731
3.77622	-0.186052	-0.186052	-0.0803121
3.78621	-0.168788	-0.168788	-0.0728597
3.7962	-0.150569	-0.150569	-0.0649954
3.80619	-0.131501	-0.131501	-0.0567641
3.81618	-0.111691	-0.111691	-0.0482129
3.82617	-0.091252	-0.091252	-0.0393902
3.83616	-0.0703002	-0.0703002	-0.0303461
3.84615	-0.0489536	-0.0489536	-0.0211316
3.85614	-0.0273326	-0.0273326	-0.0117985
3.86613	-0.0055585	-0.0055585	-0.00239941
3.87612	0.0162467	0.0162467	0.00701313
3.88611	0.0379612	0.0379612	0.0163865
3.8961	0.0594641	0.0594641	0.0256686
3.90609	0.0806359	0.0806359	0.0348077
3.91608	0.101359	0.101359	0.0437532
3.92607	0.12152	0.12152	0.0524559
3.93606	0.141007	0.141007	0.0608676
3.94605	0.159713	0.159713	0.0689424
3.95604	0.177536	0.177536	0.0766359
3.96603	0.194379	0.194379	0.0839064
3.97602	0.21015	0.21015	0.0907142
3.98601	0.224764	0.224764	0.0970225
3.996	0.238142	0.238142	0.102798
4.00599	0.250213	0.250213	0.108008
4.01598	0.260913	0.260913	0.112627
4.02597	0.270184	0.270184	0.116629
4.03596	0.277979	0.277979	0.119993
4.04595	0.284256	0.284256	0.122703
4.05594	0.288984	0.288984	0.124744
4.06593	0.29214	0.29214	0.126107
4.07592	0.293708	0.293708	0.126784
4.08591	0.293683	0.293683	0.126773
4.0959	0.292067	0.292067	0.126075
4.10589	0.288871	0.288871	0.124696
4.11588	0.284115	0.284115	0.122643
4.12587	0.277827	0.277827	0.119928
4.13586	0.270043	0.270043	0.116568
4.14585	0.260807	0.260807	0.112581
4.15584	0.250171	0.250171	0.10799
4.16583	0.238193	0.238193	0.10282
4.17582	0.224942	0.224942	0.0970993
4.18581	0.210488	0.210488	0.0908602
4.1958	0.194911	0.194911	0.0841363
4.20579	0.178296	0.178296	0.0769642
4.21578	0.160733	0.160733	0.0693828
4.22577	0.142317	0.142317	0.061433
4.23576	0.123145	0.123145	0.0531575
4.24575	0.103322	0.103322	0.0446006
4.25574	0.0829534	0.0829534	0.035808
4.26573	0.0621467	0.0621467	0.0268265
4.27572	0.0410126	0.0410126	0.0177037
4.28571	0.0196628	0.0196628	0.00848773
4.2957	-0.0017903	-0.0017903	-0.000772809
4.30569	-0.023234	-0.023234	-0.0100293
4.31568	-0.0445562	-0.0445562	-0.0192333
4.32567	-0.0656456	-0.0656456	-0.0283369
4.33566	-0.0863926	-0.0863926	-0.0372926
4.34565	-0.10669	-0.10669	-0.0460542
4.35564	-0.126432	-0.126432	-0.0545763
4.36563	-0.145519	-0.145519	-0.0628152
4.37562	-0.163851	-0.163851	-0.0707286
4.38561	-0.181336	-0.181336	-0.0782762
4.3956	-0.197884	-0.197884	-0.0854195
4.40559	-0.213412	-0.213412	-0.0921225
4.41558	-0.227842	-0.227842	-0.0983514
4.42557	-0.241101	-0.241101	-0.104075
4.43556	-0.253124	-0.253124	-0.109265
4.44555	-0.263851	-0.263851	-0.113895
4.45554	-0.273229	-0.273229	-0.117943
4.46553	-0.281213	-0.281213	-0.121389
4.47552	-0.287764	-0.287764	-0.124218
4.48551	-0.292852	-0.292852	-0.126414
4.4955	-0.296454	-0.296454	-0.127969
4.50549	-0.298554	-0.298554	-0.128875
4.51548	-0.299144	-0.299144	-0.12913
4.52547	-0.298223	-0.298223	-0.128732
4.53546	-0.2958	-0.2958	-0.127686
4.54545	-0.291888	-0.291888	-0.125998
4.55544	-0.28651	-0.28651	-0.123676
4.56543	-0.279697	-0.279697	-0.120735
4.57542	-0.271483	-0.271483	-0.11719
4.58541	-0.261914	-0.261914	-0.113059
4.5954	-0.251039	-0.251039	-0.108365
4.60539	-0.238915	-0.238915	-0.103131
4.61538	-0.225604	-0.225604	-0.0973852
4.62537	-0.211174	-0.211174	-0.0911565
4.63536	-0.1957	-0.1957	-0.0844767
4.64535	-0.179259	-0.179259	-0.0773796
4.65534	-0.161933	-0.161933	-0.0699009
4.66533	-0.143812	-0.143812	-0.0620783
4.67532	-0.124983	-0.124983	-0.0539508
4.68531	-0.105542	-0.105542	-0.0455588
4.6953	-0.0855845	-0.0855845	-0.0369438
4.70529	-0.0652089	-0.0652089	-0.0281484
4.71528	-0.0445155	-0.0445155	-0.0192158
4.72527	-0.0236054	-0.0236054	-0.0101896
4.73526	-0.00258073	-0.00258073	-0.00111401
4.74525	0.0184565	0.0184565	0.00796702
4.75524	0.0394045	0.0394045	0.0170095
4.76523	0.0601623	0.0601623	0.0259699
4.77522	0.0806303	0.0806303	0.0348053
4.78521	0.100711	0.100711	0.0434732
4.7952	0.120308	0.120308	0.0519326
4.80519	0.139329	0.139329	0.0601433
4.81518	0.157684	0.157684	0.0680665
4.82517	0.175287	0.175287	0.0756651
4.83516	0.192055	0.192055	0.0829034
4.84515	0.207911	0.207911	0.0897479
4.85514	0.222782	0.222782	0.096167
4.86513	0.236598	0.236598	0.102131
4.87512	0.249297	0.249297	0.107613
4.88511	0.260822	0.260822	0.112588
4.8951	0.27112	0.27112	0.117033
4.90509	0.280146	0.280146	0.120929
4.91508	0.287859	0.287859	0.124259
4.92507	0.294228	0.294228	0.127008
4.93506	0.299225	0.299225	0.129165
4.94505	0.302829	0.302829	0.130721
4.95504	0.305027	0.305027	0.131669
4.96503	0.305812	0.305812	0.132008
4.97502	0.305182	0.305182	0.131736
4.98501	0.303145	0.303145	0.130857
4.995	0.299711	0.299711	0.129375
5.00499	0.294901	0.294901	0.127298
5.01498	0.288739	0.288739	0.124639
5.02497	0.281256	0.281256	0.121408
5.03496	0.27249	0.27249	0.117624
5.04495	0.262482	0.262482	0.113304
5.05494	0.251282	0.251282	0.10847
5.06493	0.238943	0.238943	0.103143
5.07492	0.225522	0.225522	0.0973499
5.08491	0.211084	0.211084	0.0911173
5.0949	0.195694	0.195694	0.0844743
5.10489	0.179426	0.179426	0.0774517
5.11488	0.162352	0.162352	0.0700818
5.12487	0.144553	0.144553	0.0623984
5.13486	0.126109	0.126109	0.0544366
5.14485	0.107102	0.107102	0.0462323
5.15484	0.0876204	0.0876204	0.0378226
5.16483	0.06775	0.06775	0.0292453
5.17482	0.04758	0.04758	0.0205386
5.18481	0.0272	0.0272	0.0117413
5.1948	0.00670034	0.00670034	0.0028923
5.20479	-0.0138288	-0.0138288	-0.00596942
5.21478	-0.0342975	-0.0342975	-0.014805
5.22477	-0.0546162	-0.0546162	-0.0235759
5.23476	-0.0746969	-0.0746969	-0.032244
5.24475	-0.0944527	-0.0944527	-0.0407719
5.25474	-0.113799	-0.113799	-0.0491229
5.26473	-0.132652	-0.132652	-0.0572612
5.27472	-0.150933	-0.150933	-0.0651524
5.28471	-0.168563	-0.168563	-0.0727629
5.2947	-0.18547	-0.18547	-0.0800607
5.30469	-0.201581	-0.201581	-0.0870153
5.31468	-0.21683	-0.21683	-0.0935979
5.32467	-0.231155	-0.231155	-0.0997813
5.33466	-0.244496	-0.244496	-0.10554
5.34465	-0.256799	-0.256799	-0.110851
5.35464	-0.268015	-0.268015	-0.115693
5.36463	-0.278099	-0.278099	-0.120046
5.37462	-0.287012	-0.287012	-0.123893
5.38461	-0.294719	-0.294719	-0.12722
5.3946	-0.301191	-0.301191	-0.130014
5.40459	-0.306404	-0.306404	-0.132264
5.41458	-0.31034	-0.31034	-0.133963
5.42457	-0.312985	-0.312985	-0.135104
5.43456	-0.314332	-0.314332	-0.135686
5.44455	-0.314378	-0.314378	-0.135706
5.45454	-0.313127	-0.313127	-0.135166
5.46453	-0.310588	-0.310588	-0.13407
5.47452	-0.306774	-0.306774	-0.132423
5.48451	-0.301704	-0.301704	-0.130235
5.4945	-0.295402	-0.295402	-0.127515
5.50449	-0.287898	-0.287898	-0.124275
5.51448	-0.279225	-0.279225	-0.120531
5.52447	-0.26942	-0.26942	-0.116299
5.53446	-0.258528	-0.258528	-0.111597
5.54445	-0.246594	-0.246594	-0.106446
5.55444	-0.23367	-0.23367	-0.100867
5.56443	-0.21981	-0.21981	-0.0948843
5.57442	-0.205072	-0.205072	-0.0885224
5.58441	-0.189517	-0.189517	-0.0818078
5.5944	-0.173209	-0.173209	-0.0747683
5.60439	-0.156215	-0.156215	-0.0674326
5.61438	-0.138604	-0.138604	-0.0598305
5.62437	-0.120447	-0.120447	-0.0519927
5.63436	-0.101817	-0.101817	-0.0439508
5.64435	-0.082788	-0.082788	-0.0357367
5.65434	-0.0634358	-0.0634358	-0.027383
5.66433	-0.0438365	-0.0438365	-0.0189227
5.67432	-0.024067	-0.024067	-0.0103889
5.68431	-0.00420421	-0.00420421	-0.00181481
5.6943	0.0156748	0.0156748	0.00676626
5.70429	0.0354935	0.0354935	0.0153213
5.71428	0.0551761	0.0551761	0.0238176
5.72427	0.0746476	0.0746476	0.0322227
5.73426	0.0938344	0.0938344	0.040505
5.74425	0.112664	0.112664	0.0486332
5.75424	0.131067	0.131067	0.0565771
5.76423	0.148975	0.148975	0.064307
5.77422	0.166321	0.166321	0.0717947
5.78421	0.183042	0.183042	0.0790126
5.7942	0.199077	0.199077	0.0859346
5.80419	0.214369	0.214369	0.0925357
5.81418	0.228864	0.228864	0.0987923
5.82417	0.242509	0.242509	0.104682
5.83416	0.255256	0.255256	0.110185
5.84415	0.267063	0.267063	0.115282
5.85414	0.277887	0.277887	0.119954
5.86413	0.287694	0.287694	0.124187
5.87412	0.296449	0.296449	0.127967
5.88411	0.304126	0.304126	0.13128
5.8941	0.310698	0.310698	0.134117
5.90409	0.316146	0.316146	0.136469
5.91408	0.320455	0.320455	0.138329
5.92407	0.323611	0.323611	0.139692
5.93406	0.325609	0.325609	0.140554
5.94405	0.326443	0.326443	0.140914
5.95404	0.326116	0.326116	0.140773
5.96403	0.324633	0.324633	0.140132
5.97402	0.322001	0.322001	0.138997
5.98401	0.318236	0.318236	0.137371
5.994	0.313352	0.313352	0.135263
6.00399	0.307373	0.307373	0.132682
6.01398	0.300321	0.300321	0.129638
6.02397	0.292226	0.292226	0.126144
6.03396	0.283119	0.283119	0.122212
6.04395	0.273034	0.273034	0.117859
6.05394	0.262011	0.262011	0.113101
6.06393	0.250089	0.250089	0.107955
6.07392	0.237313	0.237313	0.10244
6.08391	0.22373	0.22373	0.0965764
6.0939	0.209388	0.209388	0.0903855
6.10389	0.194339	0.194339	0.0838892
6.11388	0.178635	0.178635	0.0771104
6.12387	0.162332	0.162332	0.070073
6.13386	0.145486	0.145486	0.0628013
6.14385	0.128156	0.128156	0.0553205
6.15384	0.110401	0.110401	0.0476561
6.16383	0.0922805	0.0922805	0.0398342
6.17382	0.0738563	0.0738563	0.0318811
6.18381	0.0551896	0.0551896	0.0238234
6.1938	0.0363426	0.0363426	0.0156878
6.20379	0.0173771	0.0173771	0.00750108
6.21378	-0.00164476	-0.00164476	-0.000709985
6.22377	-0.0206614	-0.0206614	-0.00891877
6.23376	-0.0396115	-0.0396115	-0.0170989
6.24375	-0.0584346	-0.0584346	-0.0252241
6.25374	-0.0770711	-0.0770711	-0.0332689
6.26373	-0.0954624	-0.0954624	-0.0412077
6.27372	-0.113551	-0.113551	-0.049016
6.28371	-0.131282	-0.131282	-0.0566696
6.2937	-0.148599	-0.148599	-0.064145
6.30369	-0.165451	-0.165451	-0.0714195
6.31368	-0.181787	-0.181787	-0.0784712
6.32367	-0.197559	-0.197559	-0.0852792
6.33366	-0.212719	-0.212719	-0.0918232
6.34365	-0.227224	-0.227224	-0.0980844
6.35364	-0.241031	-0.241031	-0.104045
6.36363	-0.254102	-0.254102	-0.109687
6.37362	-0.266399	-0.266399	-0.114995
6.38361	-0.277889	-0.277889	-0.119955
6.3936	-0.28854	-0.28854	-0.124553
6.40359	-0.298324	-0.298324	-0.128776
6.41358	-0.307216	-0.307216	-0.132614
6.42357	-0.315191	-0.315191	-0.136057
6.43356	-0.322232	-0.322232	-0.139096
6.44355	-0.328321	-0.328321	-0.141724
6.45354	-0.333443	-0.333443	-0.143936
6.46353	-0.33759	-0.33759	-0.145725
6.47352	-0.340752	-0.340752	-0.14709
6.48351	-0.342924	-0.342924	-0.148028
6.4935	-0.344106	-0.344106	-0.148538
6.50349	-0.344298	-0.344298	-0.148621
6.51348	-0.343504	-0.343504	-0.148278
6.52347	-0.34173	-0.34173	-0.147513
6.53346	-0.338986	-0.338986	-0.146328
6.54345	-0.335285	-0.335285	-0.144731
6.55344	-0.330641	-0.330641	-0.142726
6.56343	-0.325071	-0.325071	-0.140322
6.57342	-0.318596	-0.318596	-0.137526
6.58341	-0.311237	-0.311237	-0.13435
6.5934	-0.303019	-0.303019	-0.130803
6.60339	-0.293969	-0.293969	-0.126896
6.61338	-0.284115	-0.284115	-0.122643
6.62337	-0.273489	-0.273489	-0.118055
6.63336	-0.262122	-0.262122	-0.113149
6.64335	-0.250049	-0.250049	-0.107937
6.65334	-0.237305	-0.237305	-0.102436
6.66333	-0.223929	-0.223929	-0.0966621
6.67332	-0.209958	-0.209958	-0.0906314
6.68331	-0.195433	-0.195433	-0.0843613
6.6933	-0.180394	-0.180394	-0.0778695
6.70329	-0.164883	-0.164883	-0.0711742
6.71328	-0.148944	-0.148944	-0.0642937
6.72327	-0.132619	-0.132619	-0.0572469
6.73326	-0.115953	-0.115953	-0.0500526
6.74325	-0.0989894	-0.0989894	-0.0427302
6.75324	-0.0817739	-0.0817739	-0.0352989
6.76323	-0.0643513	-0.0643513	-0.0277782
6.77322	-0.0467664	-0.0467664	-0.0201874
6.78321	-0.0290642	-0.0290642	-0.012546
6.7932	-0.0112896	-0.0112896	-0.00487331
6.80319	0.00651314	0.00651314	0.00281149
6.81318	0.0242998	0.0242998	0.0104894
6.82317	0.0420269	0.0420269	0.0181415
6.83316	0.0596516	0.0596516	0.0257495
6.84315	0.0771316	0.0771316	0.033295
6.85314	0.0944256	0.0944256	0.0407602
6.86313	0.111493	0.111493	0.0481277
6.87312	0.128295	0.128295	0.0553804
6.88311	0.144793	0.144793	0.0625019
6.8931	0.160949	0.160949	0.069476
6.90309	0.176728	0.176728	0.0762873
6.91308	0.192096	0.192096	0.082921
6.92307	0.207019	0.207019	0.0893626
6.93306	0.221465	0.221465	0.0955984
6.94305	0.235404	0.235404	0.101616
6.95304	0.248808	0.248808	0.107402
6.96303	0.26165	0.26165	0.112945
6.97302	0.273903	0.273903	0.118234
6.98301	0.285546	0.285546	0.12326
6.993	0.296554	0.296554	0.128012
7.00299	0.306909	0.306909	0.132482
7.01298	0.316591	0.316591	0.136661
7.02297	0.325584	0.325584	0.140543
7.03296	0.333873	0.333873	0.144121
7.04295	0.341444	0.341444	0.147389
7.05294	0.348286	0.348286	0.150343
7.06293	0.35439	0.35439	0.152977
7.07292	0.359747	0.359747	0.15529
7.08291	0.36435	0.36435	0.157277
7.0929	0.368197	0.368197	0.158938
7.10289	0.371283	0.371283	0.16027
7.11288	0.373608	0.373608	0.161273
7.12287	0.375172	0.375172	0.161949
7.13286	0.375978	0.375978	0.162296
7.14285	0.376029	0.376029	0.162318
7.15284	0.37533	0.37533	0.162016
7.16283	0.373888	0.373888	0.161394
7.17282	0.371711	0.371711	0.160454
7.18281	0.368809	0.368809	0.159202
7.1928	0.365192	0.365192	0.157641
7.20279	0.360874	0.360874	0.155777
7.21278	0.355867	0.355867	0.153615
7.22277	0.350187	0.350187	0.151163
7.23276	0.343848	0.343848	0.148427
7.24275	0.336868	0.336868	0.145414
7.25274	0.329265	0.329265	0.142132
7.26273	0.321057	0.321057	0.138589
7.27272	0.312264	0.312264	0.134793
7.28271	0.302907	0.302907	0.130754
7.2927	0.293008	0.293008	0.126481
7.30269	0.282587	0.282587	0.121983
7.31268	0.271668	0.271668	0.117269
7.32267	0.260273	0.260273	0.112351
7.33266	0.248428	0.248428	0.107237
7.34265	0.236155	0.236155	0.10194
7.35264	0.223479	0.223479	0.0964681
7.36263	0.210426	0.210426	0.0908335
7.37262	0.19702	0.19702	0.0850466
7.38261	0.183287	0.183287	0.0791185
7.3926	0.169252	0.169252	0.0730601
7.40259	0.154941	0.154941	0.0668824
7.41258	0.140379	0.140379	0.0605966
7.42257	0.125592	0.125592	0.0542138
7.43256	0.110606	0.110606	0.0477448
7.44255	0.0954464	0.0954464	0.0412008
7.45254	0.0801377	0.0801377	0.0345926
7.46253	0.0647053	0.0647053	0.027931
7.47252	0.0491741	0.0491741	0.0212267
7.48251	0.0335684	0.0335684	0.0144903
7.4925	0.0179123	0.0179123	0.00773212
7.50249	0.0022297	0.0022297	0.000962483
7.51248	-0.0134562	-0.0134562	-0.00580858
7.52247	-0.0291227	-0.0291227	-0.0125712
7.53246	-0.0447473	-0.0447473	-0.0193158
7.54245	-0.0603082	-0.0603082	-0.0260329
7.55244	-0.0757842	-0.0757842	-0.0327134
7.56243	-0.0911547	-0.0911547	-0.0393483
7.57242	-0.1064	-0.1064	-0.045929
7.58241	-0.1215	-0.1215	-0.0524471
7.5924	-0.136436	-0.136436	-0.0588945
7.60239	-0.15119	-0.15119	-0.0652634
7.61238	-0.165745	-0.165745	-0.0715464
7.62237	-0.180085	-0.180085	-0.0777362
7.63236	-0.194192	-0.194192	-0.0838259
7.64235	-0.208053	-0.208053	-0.0898091
7.65234	-0.221652	-0.221652	-0.0956793
7.66233	-0.234976	-0.234976	-0.101431
7.67232	-0.248012	-0.248012	-0.107058
7.68231	-0.260747	-0.260747	-0.112555
7.6923	-0.273171	-0.273171	-0.117918
7.70229	-0.285272	-0.285272	-0.123142
7.71228	-0.297041	-0.297041	-0.128222
7.72227	-0.308469	-0.308469	-0.133155
7.73226	-0.319546	-0.319546	-0.137937
7.74225	-0.330266	-0.330266	-0.142564
7.75224	-0.340622	-0.340622	-0.147034
7.76223	-0.350607	-0.350607	-0.151345
7.77222	-0.360216	-0.360216	-0.155492
7.78221	-0.369444	-0.369444	-0.159476
7.7922	-0.378287	-0.378287	-0.163293
7.80219	-0.386743	-0.386743	-0.166943
7.81218	-0.394807	-0.394807	-0.170424
7.82217	-0.402479	-0.402479	-0.173736
7.83216	-0.409756	-0.409756	-0.176877
7.84215	-0.416639	-0.416639	-0.179848
7.85214	-0.423126	-0.423126	-0.182649
7.86213	-0.429219	-0.429219	-0.185279
7.87212	-0.434919	-0.434919	-0.187739
7.88211	-0.440227	-0.440227	-0.19003
7.8921	-0.445144	-0.445144	-0.192153
7.90209	-0.449675	-0.449675	-0.194109
7.91208	-0.453821	-0.453821	-0.195899
7.92207	-0.457588	-0.457588	-0.197524
7.93206	-0.460978	-0.460978	-0.198988
7.94205	-0.463996	-0.463996	-0.20029
7.95204	-0.466647	-0.466647	-0.201435
7.96203	-0.468936	-0.468936	-0.202423
7.97202	-0.47087	-0.47087	-0.203258
7.98201	-0.472453	-0.472453	-0.203941
7.992	-0.473693	-0.473693	-0.204476
8.00199	-0.474596	-0.474596	-0.204866
8.01198	-0.475169	-0.475169	-0.205114
8.02197	-0.475419	-0.475419	-0.205221
8.03196	-0.475353	-0.475353	-0.205193
8.04195	-0.47498	-0.47498	-0.205032
8.05194	-0.474307	-0.474307	-0.204741
8.06193	-0.473342	-0.473342	-0.204325
8.07192	-0.472093	-0.472093	-0.203786
8.08191	-0.470569	-0.470569	-0.203128
8.0919	-0.468778	-0.468778	-0.202355
8.10189	-0.466728	-0.466728	-0.20147
8.11188	-0.464429	-0.464429	-0.200478
8.12187	-0.461889	-0.461889	-0.199381
8.13186	-0.459117	-0.459117	-0.198184
8.14185	-0.456121	-0.456121	-0.196891
8.15184	-0.452911	-0.452911	-0.195506
8.16183	-0.449496	-0.449496	-0.194031
8.17182	-0.445884	-0.445884	-0.192472
8.18181	-0.442083	-0.442083	-0.190832
8.1918	-0.438104	-0.438104	-0.189114
8.20179	-0.433955	-0.433955	-0.187323
8.21178	-0.429644	-0.429644	-0.185462
8.22177	-0.425179	-0.425179	-0.183535
8.23176	-0.420571	-0.420571	-0.181546
8.24175	-0.415826	-0.415826	-0.179498
8.25174	-0.410954	-0.410954	-0.177394
8.26173	-0.405963	-0.405963	-0.17524
8.27172	-0.40086	-0.40086	-0.173037
8.28171	-0.395654	-0.395654	-0.17079
8.2917	-0.390353	-0.390353	-0.168502
8.30169	-0.384965	-0.384965	-0.166176
8.31168	-0.379496	-0.379496	-0.163815
8.32167	-0.373954	-0.373954	-0.161423
8.33166	-0.368348	-0.368348	-0.159003
8.34165	-0.362683	-0.362683	-0.156557
8.35164	-0.356966	-0.356966	-0.15409
8.36163	-0.351205	-0.351205	-0.151603
8.37162	-0.345406	-0.345406	-0.1491
8.38161	-0.339576	-0.339576	-0.146583
8.3916	-0.33372	-0.33372	-0.144055
8.40159	-0.327844	-0.327844	-0.141519
8.41158	-0.321956	-0.321956	-0.138977
8.42157	-0.316059	-0.316059	-0.136431
8.43156	-0.310159	-0.310159	-0.133885
8.44155	-0.304263	-0.304263	-0.131339
8.45154	-0.298374	-0.298374	-0.128798
8.46153	-0.292498	-0.292498	-0.126261
8.47152	-0.28664	-0.28664	-0.123732
8.48151	-0.280803	-0.280803	-0.121213
8.4915	-0.274992	-0.274992	-0.118705
8.50149	-0.269212	-0.269212	-0.116209
8.51148	-0.263466	-0.263466	-0.113729
8.52147	-0.257758	-0.257758	-0.111265
8.53146	-0.252092	-0.252092	-0.108819
8.54145	-0.24647	-0.24647	-0.106393
8.55144	-0.240897	-0.240897	-0.103987
8.56143	-0.235374	-0.235374	-0.101603
8.57142	-0.229906	-0.229906	-0.0992423
8.58141	-0.224494	-0.224494	-0.0969062
8.5914	-0.219142	-0.219142	-0.0945957
8.60139	-0.21385	-0.21385	-0.0923116
8.61138	-0.208623	-0.208623	-0.0900551
8.62137	-0.203461	-0.203461	-0.0878269
8.63136	-0.198367	-0.198367	-0.0856279
8.64135	-0.193342	-0.193342	-0.0834587
8.65134	-0.188387	-0.188387	-0.0813202
8.66133	-0.183505	-0.183505	-0.0792128
8.67132	-0.178697	-0.178697	-0.0771372
8.68131	-0.173963	-0.173963	-0.0750939
8.6913	-0.169306	-0.169306	-0.0730832
8.70129	-0.164724	-0.164724	-0.0711057
8.71128	-0.160221	-0.160221	-0.0691616
8.72127	-0.155795	-0.155795	-0.0672512
8.73126	-0.151448	-0.151448	-0.0653748
8.74125	-0.14718	-0.14718	-0.0635325
8.75124	-0.142992	-0.142992	-0.0617245
8.76123	-0.138883	-0.138883	-0.0599509
8.77122	-0.134854	-0.134854	-0.0582117
8.78121	-0.130905	-0.130905	-0.056507
8.7912	-0.127036	-0.127036	-0.0548368
8.80119	-0.123246	-0.123246	-0.0532009
8.81118	-0.119536	-0.119536	-0.0515993
8.82117	-0.115905	-0.115905	-0.050032
8.83116	-0.112352	-0.112352	-0.0484986
8.84115	-0.108879	-0.108879	-0.046999
8.85114	-0.105483	-0.105483	-0.0455331
8.86113	-0.102164	-0.102164	-0.0441005
8.87112	-0.0989217	-0.0989217	-0.042701
8.88111	-0.0957556	-0.0957556	-0.0413343
8.8911	-0.0926647	-0.0926647	-0.0400001
8.90109	-0.0896483	-0.0896483	-0.038698
8.91108	-0.0867055	-0.0867055	-0.0374277
8.92107	-0.0838354	-0.0838354	-0.0361888
8.93106	-0.0810372	-0.0810372	-0.0349809
8.94105	-0.0783098	-0.0783098	-0.0338036
8.95104	-0.0756523	-0.0756523	-0.0326564
8.96103	-0.0730636	-0.0730636	-0.031539
8.97102	-0.0705428	-0.0705428	-0.0304508
8.98101	-0.0680887	-0.0680887	-0.0293915
8.991	-0.0657002	-0.0657002	-0.0283604
9.00099	-0.0633762	-0.0633762	-0.0273573
9.01098	-0.0611156	-0.0611156	-0.0263814
9.02097	-0.0589171	-0.0589171	-0.0254324
9.03096	-0.0567797	-0.0567797	-0.0245098
9.04095	-0.0547021	-0.0547021	-0.023613
9.05094	-0.0526831	-0.0526831	-0.0227414
9.06093	-0.0507216	-0.0507216	-0.0218947
9.07092	-0.0488162	-0.0488162	-0.0210722
9.08091	-0.0469657	-0.0469657	-0.0202734
9.0909	-0.045169	-0.045169	-0.0194979
9.10089	-0.0434248	-0.0434248	-0.018745
9.11088	-0.0417319	-0.0417319	-0.0180142
9.12087	-0.0400889	-0.0400889	-0.017305
9.13086	-0.0384947	-0.0384947	-0.0166168
9.14085	-0.0369481	-0.0369481	-0.0159492
9.15084	-0.0354477	-0.0354477	-0.0153015
9.16083	-0.0339924	-0.0339924	-0.0146733
9.17082	-0.0325809	-0.0325809	-0.014064
9.18081	-0.0312121	-0.0312121	-0.0134731
9.1908	-0.0298846	-0.0298846	-0.0129001
9.20079	-0.0285973	-0.0285973	-0.0123444
9.21078	-0.0273489	-0.0273489	-0.0118056
9.22077	-0.0261384	-0.0261384	-0.011283
9.23076	-0.0249644	-0.0249644	-0.0107762
9.24075	-0.0238258	-0.0238258	-0.0102848
9.25074	-0.0227214	-0.0227214	-0.00980803
9.26073	-0.0216501	-0.0216501	-0.00934558
9.27072	-0.0206107	-0.0206107	-0.0088969
9.28071	-0.019602	-0.019602	-0.00846148
9.2907	-0.0186229	-0.0186229	-0.00803885
9.30069	-0.0176723	-0.0176723	-0.0076285
9.31068	-0.016749	-0.016749	-0.00722995
9.32067	-0.0158519	-0.0158519	-0.00684272
9.33066	-0.01498	-0.01498	-0.00646634
9.34065	-0.0141321	-0.0141321	-0.00610032
9.35064	-0.0133071	-0.0133071	-0.00574419
9.36063	-0.0125039	-0.0125039	-0.00539748
9.37062	-0.0117214	-0.0117214	-0.00505973
9.38061	-0.0109586	-0.0109586	-0.00473046
9.3906	-0.0102144	-0.0102144	-0.00440921
9.40059	-0.00948776	-0.00948776	-0.00409553
9.41058	-0.00877753	-0.00877753	-0.00378895
9.42057	-0.00808268	-0.00808268	-0.003489
9.43056	-0.00740214	-0.00740214	-0.00319524
9.44055	-0.00673485	-0.00673485	-0.0029072
9.45054	-0.00607974	-0.00607974	-0.00262441
9.46053	-0.00543574	-0.00543574	-0.00234642
9.47052	-0.00480178	-0.00480178	-0.00207276
9.48051	-0.00417677	-0.00417677	-0.00180297
9.4905	-0.00355964	-0.00355964	-0.00153657
9.50049	-0.00294927	-0.00294927	-0.0012731
9.51048	-0.00234458	-0.00234458	-0.00101207
9.52047	-0.00174443	-0.00174443	-0.000753009
9.53046	-0.0011477	-0.0011477	-0.000495423
9.54045	-0.000553244	-0.000553244	-0.000238816
9.55044	4.01111e-005	0	1.73145e-005
9.56043	0.000633549	0	0.000273481
9.57042	0.00122828	0	0.000530205
9.58041	0.00182554	0	0.000788019
9.5904	0.00242658	0	0.00104747
9.60039	0.00303271	0	0.00130911
9.61038	0.00364525	0	0.00157352
9.62037	0.00426556	0	0.00184129
9.63036	0.00489505	0	0.00211302
9.64035	0.00553516	0	0.00238933
9.65034	0.0061874	0	0.00267088
9.66033	0.00685331	0	0.00295833
9.67032	0.00753448	0	0.00325237
9.68031	0.0082326	0	0.00355372
9.6903	0.00894937	0	0.00386313
9.70029	0.00968661	0	0.00418136
9.71028	0.0104462	0	0.00450924
9.72027	0.01123	0	0.00484761
9.73026	0.0120402	0	0.00519733
9.74025	0.0128789	0	0.00555934
9.75024	0.0137482	0	0.0059346
9.76023	0.0146505	0	0.00632412
9.77022	0.0155884	0	0.00672896
9.78021	0.0165643	0	0.00715022
9.7902	0.017581	0	0.00758908
9.80019	0.0186412	0	0.00804676
9.81018	0.0197481	0	0.00852456
9.82017	0.0209048	0	0.00902384
9.83016	0.0221145	0	0.00954603
9.84015	0.0233808	0	0.0100926
9.85014	0.0247074	0	0.0106653
9.86013	0.0260981	0	0.0112656
9.87012	0.0275572	0	0.0118955
9.88011	0.029089	0	0.0125567
9.8901	0.030698	0	0.0132513
9.90009	0.0323893	0	0.0139813
9.91008	0.0341678	0	0.014749
9.92007	0.0360392	0	0.0155568
9.93006	0.0380092	0	0.0164072
9.94005	0.0400839	0	0.0173028
9.95004	0.0422699	0	0.0182464
9.96003	0.044574	0	0.019241
9.97002	0.0470037	0	0.0202898
9.98001	0.0495666	0	0.0213961
9.99	0.052271	0	0.0225635
