0	0.315361	0.315361	1
0.00999	0.314717	0.314717	0.997957
0.01998	0.312785	0.312785	0.991831
0.02997	0.309574	0.309574	0.981649
0.03996	0.305096	0.305096	0.967451
0.04995	0.299371	0.299371	0.949297
0.05994	0.292421	0.292421	0.927259
0.06993	0.284275	0.284275	0.901429
0.07992	0.274967	0.274967	0.871911
0.08991	0.264534	0.264534	0.838828
0.0999	0.253019	0.253019	0.802315
0.10989	0.240469	0.240469	0.76252
0.11988	0.226936	0.226936	0.719607
0.12987	0.212475	0.212475	0.673751
0.13986	0.197145	0.197145	0.625141
0.14985	0.181009	0.181009	0.573975
0.15984	0.164134	0.164134	0.520462
0.16983	0.146587	0.146587	0.464822
0.17982	0.128441	0.128441	0.407282
0.18981	0.10977	0.10977	0.348077
0.1998	0.0906502	0.0906502	0.287449
0.20979	0.0711602	0.0711602	0.225647
0.21978	0.0513794	0.0513794	0.162922
0.22977	0.0313887	0.0313887	0.0995325
0.23976	0.0112697	0.0112697	0.035736
0.24975	-0.00889525	-0.00889525	-0.0282066
0.25974	-0.0290239	-0.0290239	-0.0920339
0.26973	-0.049034	-0.049034	-0.155485
0.27972	-0.0688439	-0.0688439	-0.218302
0.28971	-0.0883728	-0.0883728	-0.280227
0.2997	-0.107541	-0.107541	-0.341009
0.30969	-0.12627	-0.12627	-0.400398
0.31968	-0.144484	-0.144484	-0.458154
0.32967	-0.162108	-0.162108	-0.51404
0.33966	-0.179071	-0.179071	-0.567829
0.34965	-0.195304	-0.195304	-0.619302
0.35964	-0.21074	-0.21074	-0.66825
0.36963	-0.225317	-0.225317	-0.714472
0.37962	-0.238975	-0.238975	-0.757782
0.38961	-0.251659	-0.251659	-0.798003
0.3996	-0.263317	-0.263317	-0.834971
0.40959	-0.273903	-0.273903	-0.868538
0.41958	-0.283373	-0.283373	-0.898566
0.42957	-0.291688	-0.291688	-0.924935
0.43956	-0.298816	-0.298816	-0.947537
0.44955	-0.304728	-0.304728	-0.966281
0.45954	-0.309398	-0.309398	-0.981093
0.46953	-0.31281	-0.31281	-0.991912
0.47952	-0.31495	-0.31495	-0.998695
0.48951	-0.315808	-0.315808	-1.00142
0.4995	-0.315382	-0.315382	-1.00007
0.50949	-0.313673	-0.313673	-0.994648
0.51948	-0.31069	-0.31069	-0.985188
0.52947	-0.306444	-0.306444	-0.971725
0.53946	-0.300953	-0.300953	-0.954314
0.54945	-0.29424	-0.29424	-0.933027
0.55944	-0.286333	-0.286333	-0.907952
0.56943	-0.277263	-0.277263	-0.879191
0.57942	-0.267067	-0.267067	-0.846862
0.58941	-0.255789	-0.255789	-0.811098
0.5994	-0.243472	-0.243472	-0.772043
0.60939	-0.230169	-0.230169	-0.729859
0.61938	-0.215933	-0.215933	-0.684716
0.62937	-0.200821	-0.200821	-0.636798
0.63936	-0.184896	-0.184896	-0.5863
0.64935	-0.168223	-0.168223	-0.533429
0.65934	-0.150868	-0.150868	-0.478397
0.66933	-0.132903	-0.132903	-0.42143
0.67932	-0.1144	-0.1144	-0.362757
0.68931	-0.0954339	-0.0954339	-0.302618
0.6993	-0.0760823	-0.0760823	-0.241255
0.70929	-0.0564232	-0.0564232	-0.178916
0.71928	-0.0365362	-0.0365362	-0.115855
0.72927	-0.0165016	-0.0165016	-0.0523261
0.73926	0.00359964	0.00359964	0.0114143
0.74925	0.0236864	0.0236864	0.0751087
0.75924	0.0436775	0.0436775	0.1385
0.76923	0.0634925	0.0634925	0.201333
0.77922	0.0830516	0.0830516	0.263354
0.78921	0.102276	0.102276	0.324314
0.7992	0.121088	0.121088	0.383967
0.80919	0.139413	0.139413	0.442074
0.81918	0.157177	0.157177	0.498402
0.82917	0.174308	0.174308	0.552725
0.83916	0.190738	0.190738	0.604824
0.84915	0.206401	0.206401	0.654492
0.85914	0.221235	0.221235	0.70153
0.86913	0.235181	0.235181	0.74575
0.87912	0.248181	0.248181	0.786976
0.88911	0.260186	0.260186	0.825043
0.8991	0.271148	0.271148	0.8598
0.90909	0.281021	0.281021	0.89111
0.91908	0.289769	0.289769	0.918848
0.92907	0.297356	0.297356	0.942905
0.93906	0.303752	0.303752	0.963187
0.94905	0.308932	0.308932	0.979613
0.95904	0.312876	0.312876	0.99212
0.96903	0.315569	0.315569	1.00066
0.97902	0.317001	0.317001	1.0052
0.98901	0.317166	0.317166	1.00572
0.999	0.316065	0.316065	1.00223
1.00899	0.313703	0.313703	0.994742
1.01898	0.310089	0.310089	0.983283
1.02897	0.305239	0.305239	0.967904
1.03896	0.299173	0.299173	0.948668
1.04895	0.291915	0.291915	0.925653
1.05894	0.283495	0.283495	0.898953
1.06893	0.273947	0.273947	0.868677
1.07892	0.26331	0.26331	0.834947
1.08891	0.251626	0.251626	0.797898
1.0989	0.238943	0.238943	0.75768
1.10889	0.225311	0.225311	0.714453
1.11888	0.210785	0.210785	0.668392
1.12887	0.195423	0.195423	0.61968
1.13886	0.179287	0.179287	0.568512
1.14885	0.16244	0.16244	0.515092
1.15884	0.14495	0.14495	0.459633
1.16883	0.126887	0.126887	0.402356
1.17882	0.108322	0.108322	0.343487
1.18881	0.0893295	0.0893295	0.283261
1.1988	0.0699837	0.0699837	0.221916
1.20879	0.0503616	0.0503616	0.159695
1.21878	0.0305409	0.0305409	0.0968444
1.22877	0.0105998	0.0105998	0.0336117
1.23876	-0.00938307	-0.00938307	-0.0297534
1.24875	-0.029329	-0.029329	-0.0930014
1.25874	-0.0491596	-0.0491596	-0.155883
1.26873	-0.0687968	-0.0687968	-0.218153
1.27872	-0.0881637	-0.0881637	-0.279564
1.28871	-0.107184	-0.107184	-0.339878
1.2987	-0.125784	-0.125784	-0.398858
1.30869	-0.143891	-0.143891	-0.456273
1.31868	-0.161433	-0.161433	-0.511901
1.32867	-0.178344	-0.178344	-0.565522
1.33866	-0.194556	-0.194556	-0.616931
1.34865	-0.210007	-0.210007	-0.665926
1.35864	-0.224637	-0.224637	-0.712318
1.36863	-0.23839	-0.23839	-0.755927
1.37862	-0.251212	-0.251212	-0.796585
1.38861	-0.263054	-0.263054	-0.834136
1.3986	-0.273871	-0.273871	-0.868436
1.40859	-0.283621	-0.283621	-0.899352
1.41858	-0.292267	-0.292267	-0.926768
1.42857	-0.299776	-0.299776	-0.950579
1.43856	-0.306119	-0.306119	-0.970695
1.44855	-0.311274	-0.311274	-0.987041
1.45854	-0.315221	-0.315221	-0.999555
1.46853	-0.317945	-0.317945	-1.00819
1.47852	-0.319437	-0.319437	-1.01292
1.48851	-0.319692	-0.319692	-1.01373
1.4985	-0.31871	-0.31871	-1.01062
1.50849	-0.316496	-0.316496	-1.0036
1.51848	-0.313058	-0.313058	-0.992698
1.52847	-0.308413	-0.308413	-0.977967
1.53846	-0.302577	-0.302577	-0.959463
1.54845	-0.295576	-0.295576	-0.937261
1.55844	-0.287435	-0.287435	-0.911449
1.56843	-0.278189	-0.278189	-0.882129
1.57842	-0.267873	-0.267873	-0.849418
1.58841	-0.256528	-0.256528	-0.813443
1.5984	-0.244198	-0.244198	-0.774346
1.60839	-0.230932	-0.230932	-0.732278
1.61838	-0.21678	-0.21678	-0.687404
1.62837	-0.201799	-0.201799	-0.639898
1.63836	-0.186045	-0.186045	-0.589943
1.64835	-0.16958	-0.16958	-0.537733
1.65834	-0.152467	-0.152467	-0.483469
1.66833	-0.134773	-0.134773	-0.42736
1.67832	-0.116564	-0.116564	-0.369622
1.68831	-0.0979117	-0.0979117	-0.310475
1.6983	-0.0788865	-0.0788865	-0.250147
1.70829	-0.0595613	-0.0595613	-0.188867
1.71828	-0.0400098	-0.0400098	-0.12687
1.72827	-0.0203064	-0.0203064	-0.064391
1.73826	-0.00052597	-0.00052597	-0.00166784
1.74825	0.0192565	0.0192565	0.0610616
1.75824	0.038966	0.038966	0.12356
1.76823	0.0585282	0.0585282	0.185591
1.77822	0.0778692	0.0778692	0.246921
1.78821	0.0969163	0.0969163	0.307319
1.7982	0.115598	0.115598	0.366557
1.80819	0.133844	0.133844	0.424415
1.81818	0.151586	0.151586	0.480675
1.82817	0.168758	0.168758	0.535127
1.83816	0.185296	0.185296	0.587569
1.84815	0.201139	0.201139	0.637805
1.85814	0.216227	0.216227	0.68565
1.86813	0.230505	0.230505	0.730926
1.87812	0.243921	0.243921	0.773466
1.88811	0.256425	0.256425	0.813115
1.8981	0.267971	0.267971	0.849728
1.90809	0.278517	0.278517	0.883169
1.91808	0.288025	0.288025	0.913319
1.92807	0.296461	0.296461	0.940068
1.93806	0.303794	0.303794	0.96332
1.94805	0.309998	0.309998	0.982993
1.95804	0.315051	0.315051	0.999017
1.96803	0.318936	0.318936	1.01134
1.97802	0.32164	0.32164	1.01991
1.98801	0.323153	0.323153	1.02471
1.998	0.323472	0.323472	1.02572
2.00799	0.322597	0.322597	1.02294
2.01798	0.320532	0.320532	1.0164
2.02797	0.317285	0.317285	1.0061
2.03796	0.312872	0.312872	0.992106
2.04795	0.307308	0.307308	0.974463
2.05794	0.300615	0.300615	0.953241
2.06793	0.29282	0.29282	0.928522
2.07792	0.283952	0.283952	0.900402
2.08791	0.274044	0.274044	0.868986
2.0979	0.263135	0.263135	0.834393
2.10789	0.251265	0.251265	0.796753
2.11788	0.238479	0.238479	0.756208
2.12787	0.224823	0.224823	0.712907
2.13786	0.21035	0.21035	0.667012
2.14785	0.195112	0.195112	0.618693
2.15784	0.179165	0.179165	0.568128
2.16783	0.162569	0.162569	0.515502
2.17782	0.145385	0.145385	0.46101
2.18781	0.127674	0.127674	0.40485
2.1978	0.109502	0.109502	0.347227
2.20779	0.0909345	0.0909345	0.28835
2.21778	0.0720395	0.0720395	0.228435
2.22777	0.0528851	0.0528851	0.167697
2.23776	0.0335406	0.0335406	0.106356
2.24775	0.0140756	0.0140756	0.0446333
2.25774	-0.00543989	-0.00543989	-0.0172497
2.26773	-0.0249359	-0.0249359	-0.079071
2.27772	-0.0443427	-0.0443427	-0.140609
2.28771	-0.0635911	-0.0635911	-0.201645
2.2977	-0.0826126	-0.0826126	-0.261962
2.30769	-0.10134	-0.10134	-0.321345
2.31768	-0.119706	-0.119706	-0.379584
2.32767	-0.137647	-0.137647	-0.436474
2.33766	-0.155099	-0.155099	-0.491815
2.34765	-0.172002	-0.172002	-0.545411
2.35764	-0.188295	-0.188295	-0.597077
2.36763	-0.203922	-0.203922	-0.646631
2.37762	-0.21883	-0.21883	-0.693902
2.38761	-0.232965	-0.232965	-0.738726
2.3976	-0.246281	-0.246281	-0.780948
2.40759	-0.25873	-0.25873	-0.820424
2.41758	-0.27027	-0.27027	-0.857017
2.42757	-0.280862	-0.280862	-0.890605
2.43756	-0.290471	-0.290471	-0.921073
2.44755	-0.299063	-0.299063	-0.94832
2.45754	-0.306611	-0.306611	-0.972254
2.46753	-0.313089	-0.313089	-0.992797
2.47752	-0.318477	-0.318477	-1.00988
2.48751	-0.322757	-0.322757	-1.02345
2.4975	-0.325916	-0.325916	-1.03347
2.50749	-0.327945	-0.327945	-1.0399
2.51748	-0.328838	-0.328838	-1.04273
2.52747	-0.328593	-0.328593	-1.04196
2.53746	-0.327214	-0.327214	-1.03759
2.54745	-0.324707	-0.324707	-1.02963
2.55744	-0.321081	-0.321081	-1.01814
2.56743	-0.316352	-0.316352	-1.00314
2.57742	-0.310536	-0.310536	-0.9847
2.58741	-0.303656	-0.303656	-0.962884
2.5974	-0.295737	-0.295737	-0.937772
2.60739	-0.286806	-0.286806	-0.909454
2.61738	-0.276898	-0.276898	-0.878034
2.62737	-0.266045	-0.266045	-0.843622
2.63736	-0.254288	-0.254288	-0.806339
2.64735	-0.241667	-0.241667	-0.766318
2.65734	-0.228226	-0.228226	-0.723698
2.66733	-0.214013	-0.214013	-0.678627
2.67732	-0.199075	-0.199075	-0.631262
2.68731	-0.183466	-0.183466	-0.581766
2.6973	-0.167239	-0.167239	-0.530309
2.70729	-0.150449	-0.150449	-0.477068
2.71728	-0.133153	-0.133153	-0.422224
2.72727	-0.115411	-0.115411	-0.365963
2.73726	-0.0972818	-0.0972818	-0.308478
2.74725	-0.0788278	-0.0788278	-0.24996
2.75724	-0.0601106	-0.0601106	-0.190609
2.76723	-0.0411932	-0.0411932	-0.130622
2.77722	-0.0221386	-0.0221386	-0.070201
2.78721	-0.00301058	-0.00301058	-0.00954646
2.7972	0.0161275	0.0161275	0.0511398
2.80719	0.0352122	0.0352122	0.111657
2.81718	0.0541806	0.0541806	0.171805
2.82717	0.0729702	0.0729702	0.231386
2.83716	0.0915195	0.0915195	0.290206
2.84715	0.109768	0.109768	0.348071
2.85714	0.127656	0.127656	0.404794
2.86713	0.145126	0.145126	0.460191
2.87712	0.162122	0.162122	0.514083
2.88711	0.178588	0.178588	0.566296
2.8971	0.194472	0.194472	0.616664
2.90709	0.209723	0.209723	0.665026
2.91708	0.224294	0.224294	0.711228
2.92707	0.238137	0.238137	0.755124
2.93706	0.251209	0.251209	0.796577
2.94705	0.263471	0.263471	0.835457
2.95704	0.274882	0.274882	0.871644
2.96703	0.28541	0.28541	0.905025
2.97702	0.29502	0.29502	0.935498
2.98701	0.303684	0.303684	0.962972
2.997	0.311376	0.311376	0.987364
3.00699	0.318074	0.318074	1.0086
3.01698	0.323757	0.323757	1.02662
3.02697	0.32841	0.32841	1.04138
3.03696	0.33202	0.33202	1.05282
3.04695	0.334577	0.334577	1.06093
3.05694	0.336075	0.336075	1.06568
3.06693	0.336512	0.336512	1.06707
3.07692	0.335888	0.335888	1.06509
3.08691	0.334207	0.334207	1.05976
3.0969	0.331477	0.331477	1.0511
3.10689	0.327708	0.327708	1.03915
3.11688	0.322914	0.322914	1.02395
3.12687	0.317112	0.317112	1.00555
3.13686	0.310322	0.310322	0.984022
3.14685	0.302567	0.302567	0.959432
3.15684	0.293874	0.293874	0.931865
3.16683	0.28427	0.28427	0.901412
3.17682	0.273788	0.273788	0.868174
3.18681	0.262462	0.262462	0.832259
3.1968	0.250328	0.250328	0.793782
3.20679	0.237425	0.237425	0.752867
3.21678	0.223794	0.223794	0.709645
3.22677	0.209479	0.209479	0.664253
3.23676	0.194525	0.194525	0.616833
3.24675	0.178978	0.178978	0.567534
3.25674	0.162887	0.162887	0.516511
3.26673	0.146303	0.146303	0.463921
3.27672	0.129275	0.129275	0.409927
3.28671	0.111857	0.111857	0.354696
3.2967	0.0941023	0.0941023	0.298395
3.30669	0.0760644	0.0760644	0.241198
3.31668	0.0577983	0.0577983	0.183277
3.32667	0.0393592	0.0393592	0.124807
3.33666	0.0208026	0.0208026	0.0659643
3.34665	0.00218386	0.00218386	0.00692496
3.35664	-0.0164413	-0.0164413	-0.052135
3.36663	-0.0350178	-0.0350178	-0.11104
3.37662	-0.0534906	-0.0534906	-0.169617
3.38661	-0.0718055	-0.0718055	-0.227693
3.3966	-0.0899088	-0.0899088	-0.285098
3.40659	-0.107748	-0.107748	-0.341665
3.41658	-0.125271	-0.125271	-0.39723
3.42657	-0.142427	-0.142427	-0.451633
3.43656	-0.159168	-0.159168	-0.504717
3.44655	-0.175445	-0.175445	-0.556331
3.45654	-0.191212	-0.191212	-0.606329
3.46653	-0.206426	-0.206426	-0.654569
3.47652	-0.221042	-0.221042	-0.700916
3.48651	-0.23502	-0.23502	-0.745242
3.4965	-0.248322	-0.248322	-0.787422
3.50649	-0.260911	-0.260911	-0.827342
3.51648	-0.272753	-0.272753	-0.864892
3.52647	-0.283816	-0.283816	-0.899971
3.53646	-0.29407	-0.29407	-0.932485
3.54645	-0.303487	-0.303487	-0.962348
3.55644	-0.312044	-0.312044	-0.989482
3.56643	-0.319718	-0.319718	-1.01382
3.57642	-0.32649	-0.32649	-1.03529
3.58641	-0.332344	-0.332344	-1.05385
3.5964	-0.337264	-0.337264	-1.06945
3.60639	-0.341239	-0.341239	-1.08206
3.61638	-0.344262	-0.344262	-1.09164
3.62637	-0.346325	-0.346325	-1.09819
3.63636	-0.347426	-0.347426	-1.10168
3.64635	-0.347564	-0.347564	-1.10211
3.65634	-0.346741	-0.346741	-1.09951
3.66633	-0.344962	-0.344962	-1.09386
3.67632	-0.342235	-0.342235	-1.08522
3.68631	-0.338569	-0.338569	-1.07359
3.6963	-0.333977	-0.333977	-1.05903
3.70629	-0.328474	-0.328474	-1.04158
3.71628	-0.322078	-0.322078	-1.0213
3.72627	-0.314808	-0.314808	-0.998245
3.73626	-0.306686	-0.306686	-0.972491
3.74625	-0.297736	-0.297736	-0.944112
3.75624	-0.287986	-0.287986	-0.913194
3.76623	-0.277462	-0.277462	-0.879824
3.77622	-0.266197	-0.266197	-0.844101
3.78621	-0.254221	-0.254221	-0.806126
3.7962	-0.241568	-0.241568	-0.766005
3.80619	-0.228275	-0.228275	-0.723853
3.81618	-0.214378	-0.214378	-0.679785
3.82617	-0.199915	-0.199915	-0.633924
3.83616	-0.184926	-0.184926	-0.586396
3.84615	-0.169453	-0.169453	-0.53733
3.85614	-0.153536	-0.153536	-0.486858
3.86613	-0.137219	-0.137219	-0.435117
3.87612	-0.120545	-0.120545	-0.382245
3.88611	-0.103559	-0.103559	-0.328382
3.8961	-0.086305	-0.086305	-0.273671
3.90609	-0.0688288	-0.0688288	-0.218254
3.91608	-0.0511757	-0.0511757	-0.162276
3.92607	-0.0333915	-0.0333915	-0.105883
3.93606	-0.015522	-0.015522	-0.0492199
3.94605	0.00238696	0.00238696	0.00756897
3.95604	0.0202899	0.0202899	0.0643387
3.96603	0.0381416	0.0381416	0.120946
3.97602	0.055897	0.055897	0.177248
3.98601	0.0735121	0.0735121	0.233104
3.996	0.0909429	0.0909429	0.288377
4.00599	0.108147	0.108147	0.34293
4.01598	0.125081	0.125081	0.396628
4.02597	0.141705	0.141705	0.449343
4.03596	0.157979	0.157979	0.500946
4.04595	0.173863	0.173863	0.551313
4.05594	0.189319	0.189319	0.600326
4.06593	0.204312	0.204312	0.647869
4.07592	0.218807	0.218807	0.693829
4.08591	0.232768	0.232768	0.738102
4.0959	0.246166	0.246166	0.780584
4.10589	0.258968	0.258968	0.82118
4.11588	0.271147	0.271147	0.859797
4.12587	0.282674	0.282674	0.896351
4.13586	0.293525	0.293525	0.93076
4.14585	0.303677	0.303677	0.962949
4.15584	0.313107	0.313107	0.992851
4.16583	0.321795	0.321795	1.0204
4.17582	0.329724	0.329724	1.04555
4.18581	0.336878	0.336878	1.06823
4.1958	0.343243	0.343243	1.08841
4.20579	0.348807	0.348807	1.10606
4.21578	0.353559	0.353559	1.12112
4.22577	0.357492	0.357492	1.13359
4.23576	0.360599	0.360599	1.14345
4.24575	0.362876	0.362876	1.15067
4.25574	0.364322	0.364322	1.15525
4.26573	0.364935	0.364935	1.1572
4.27572	0.364719	0.364719	1.15651
4.28571	0.363675	0.363675	1.1532
4.2957	0.36181	0.36181	1.14729
4.30569	0.359131	0.359131	1.13879
4.31568	0.355647	0.355647	1.12775
4.32567	0.351369	0.351369	1.11418
4.33566	0.34631	0.34631	1.09814
4.34565	0.340483	0.340483	1.07966
4.35564	0.333905	0.333905	1.0588
4.36563	0.326593	0.326593	1.03562
4.37562	0.318566	0.318566	1.01016
4.38561	0.309844	0.309844	0.982507
4.3956	0.30045	0.30045	0.952716
4.40559	0.290405	0.290405	0.920865
4.41558	0.279734	0.279734	0.887029
4.42557	0.268464	0.268464	0.85129
4.43556	0.25662	0.25662	0.813733
4.44555	0.244229	0.244229	0.774443
4.45554	0.231321	0.231321	0.733512
4.46553	0.217925	0.217925	0.691033
4.47552	0.204071	0.204071	0.647102
4.48551	0.18979	0.18979	0.601817
4.4955	0.175113	0.175113	0.555278
4.50549	0.160073	0.160073	0.507587
4.51548	0.144702	0.144702	0.458847
4.52547	0.129034	0.129034	0.409163
4.53546	0.113102	0.113102	0.358642
4.54545	0.0969386	0.0969386	0.307389
4.55544	0.0805787	0.0805787	0.255513
4.56543	0.064056	0.064056	0.20312
4.57542	0.0474045	0.0474045	0.150318
4.58541	0.030658	0.030658	0.0972156
4.5954	0.0138504	0.0138504	0.0439191
4.60539	-0.00298476	-0.00298476	-0.00946458
4.61538	-0.019814	-0.019814	-0.0628297
4.62537	-0.0366044	-0.0366044	-0.116071
4.63536	-0.0533231	-0.0533231	-0.169086
4.64535	-0.0699381	-0.0699381	-0.221771
4.65534	-0.0864175	-0.0864175	-0.274027
4.66533	-0.10273	-0.10273	-0.325755
4.67532	-0.118846	-0.118846	-0.376857
4.68531	-0.134735	-0.134735	-0.427239
4.6953	-0.150367	-0.150367	-0.47681
4.70529	-0.165715	-0.165715	-0.525478
4.71528	-0.180752	-0.180752	-0.573158
4.72527	-0.19545	-0.19545	-0.619765
4.73526	-0.209783	-0.209783	-0.665216
4.74525	-0.223728	-0.223728	-0.709435
4.75524	-0.23726	-0.23726	-0.752345
4.76523	-0.250357	-0.250357	-0.793875
4.77522	-0.262997	-0.262997	-0.833956
4.78521	-0.27516	-0.27516	-0.872523
4.7952	-0.286825	-0.286825	-0.909513
4.80519	-0.297975	-0.297975	-0.94487
4.81518	-0.308593	-0.308593	-0.978537
4.82517	-0.318661	-0.318661	-1.01047
4.83516	-0.328167	-0.328167	-1.04061
4.84515	-0.337095	-0.337095	-1.06892
4.85514	-0.345434	-0.345434	-1.09536
4.86513	-0.353173	-0.353173	-1.1199
4.87512	-0.3603	-0.3603	-1.1425
4.88511	-0.366808	-0.366808	-1.16314
4.8951	-0.372689	-0.372689	-1.18178
4.90509	-0.377936	-0.377936	-1.19842
4.91508	-0.382544	-0.382544	-1.21303
4.92507	-0.386509	-0.386509	-1.22561
4.93506	-0.389829	-0.389829	-1.23613
4.94505	-0.3925	-0.3925	-1.24461
4.95504	-0.394524	-0.394524	-1.25102
4.96503	-0.395901	-0.395901	-1.25539
4.97502	-0.396631	-0.396631	-1.2577
4.98501	-0.396718	-0.396718	-1.25798
4.995	-0.396166	-0.396166	-1.25623
5.00499	-0.394979	-0.394979	-1.25247
5.01498	-0.393164	-0.393164	-1.24671
5.02497	-0.390727	-0.390727	-1.23898
5.03496	-0.387676	-0.387676	-1.22931
5.04495	-0.384019	-0.384019	-1.21771
5.05494	-0.379766	-0.379766	-1.20423
5.06493	-0.374928	-0.374928	-1.18889
5.07492	-0.369516	-0.369516	-1.17172
5.08491	-0.363542	-0.363542	-1.15278
5.0949	-0.357018	-0.357018	-1.13209
5.10489	-0.349958	-0.349958	-1.10971
5.11488	-0.342377	-0.342377	-1.08567
5.12487	-0.334288	-0.334288	-1.06002
5.13486	-0.325708	-0.325708	-1.03281
5.14485	-0.316653	-0.316653	-1.0041
5.15484	-0.307138	-0.307138	-0.973924
5.16483	-0.297181	-0.297181	-0.94235
5.17482	-0.286799	-0.286799	-0.90943
5.18481	-0.27601	-0.27601	-0.875218
5.1948	-0.264832	-0.264832	-0.839774
5.20479	-0.253284	-0.253284	-0.803154
5.21478	-0.241384	-0.241384	-0.76542
5.22477	-0.229151	-0.229151	-0.726632
5.23476	-0.216605	-0.216605	-0.686849
5.24475	-0.203766	-0.203766	-0.646135
5.25474	-0.190652	-0.190652	-0.60455
5.26473	-0.177283	-0.177283	-0.562158
5.27472	-0.163679	-0.163679	-0.51902
5.28471	-0.14986	-0.14986	-0.4752
5.2947	-0.135845	-0.135845	-0.43076
5.30469	-0.121654	-0.121654	-0.385762
5.31468	-0.107308	-0.107308	-0.34027
5.32467	-0.0928245	-0.0928245	-0.294344
5.33466	-0.0782241	-0.0782241	-0.248046
5.34465	-0.0635257	-0.0635257	-0.201438
5.35464	-0.0487485	-0.0487485	-0.15458
5.36463	-0.0339113	-0.0339113	-0.107532
5.37462	-0.0190326	-0.0190326	-0.0603519
5.38461	-0.004131	-0.004131	-0.0130993
5.3946	0.0107756	0.0107756	0.0341692
5.40459	0.0256695	0.0256695	0.0813971
5.41458	0.0405332	0.0405332	0.128529
5.42457	0.0553496	0.0553496	0.175512
5.43456	0.0701022	0.0701022	0.222292
5.44455	0.0847745	0.0847745	0.268817
5.45454	0.0993508	0.0993508	0.315038
5.46453	0.113816	0.113816	0.360906
5.47452	0.128154	0.128154	0.406372
5.48451	0.142351	0.142351	0.451391
5.4945	0.156393	0.156393	0.495918
5.50449	0.170267	0.170267	0.539911
5.51448	0.183958	0.183958	0.583327
5.52447	0.197456	0.197456	0.626126
5.53446	0.210746	0.210746	0.668271
5.54445	0.223819	0.223819	0.709724
5.55444	0.236663	0.236663	0.75045
5.56443	0.249267	0.249267	0.790417
5.57442	0.261621	0.261621	0.829591
5.58441	0.273716	0.273716	0.867945
5.5944	0.285543	0.285543	0.905448
5.60439	0.297093	0.297093	0.942074
5.61438	0.30836	0.30836	0.977799
5.62437	0.319334	0.319334	1.0126
5.63436	0.33001	0.33001	1.04645
5.64435	0.340381	0.340381	1.07934
5.65434	0.350442	0.350442	1.11124
5.66433	0.360187	0.360187	1.14214
5.67432	0.369612	0.369612	1.17203
5.68431	0.378711	0.378711	1.20088
5.6943	0.387483	0.387483	1.2287
5.70429	0.395923	0.395923	1.25546
5.71428	0.404028	0.404028	1.28116
5.72427	0.411797	0.411797	1.3058
5.73426	0.419228	0.419228	1.32936
5.74425	0.426319	0.426319	1.35184
5.75424	0.43307	0.43307	1.37325
5.76423	0.439479	0.439479	1.39357
5.77422	0.445548	0.445548	1.41282
5.78421	0.451276	0.451276	1.43098
5.7942	0.456664	0.456664	1.44807
5.80419	0.461714	0.461714	1.46408
5.81418	0.466427	0.466427	1.47902
5.82417	0.470805	0.470805	1.49291
5.83416	0.47485	0.47485	1.50573
5.84415	0.478565	0.478565	1.51752
5.85414	0.481954	0.481954	1.52826
5.86413	0.485019	0.485019	1.53798
5.87412	0.487763	0.487763	1.54668
5.88411	0.490192	0.490192	1.55438
5.8941	0.492308	0.492308	1.56109
5.90409	0.494117	0.494117	1.56683
5.91408	0.495623	0.495623	1.57161
5.92407	0.496831	0.496831	1.57544
5.93406	0.497747	0.497747	1.57834
5.94405	0.498374	0.498374	1.58033
5.95404	0.49872	0.49872	1.58143
5.96403	0.49879	0.49879	1.58165
5.97402	0.498589	0.498589	1.58101
5.98401	0.498124	0.498124	1.57953
5.994	0.497401	0.497401	1.57724
6.00399	0.496426	0.496426	1.57415
6.01398	0.495205	0.495205	1.57028
6.02397	0.493746	0.493746	1.56565
6.03396	0.492055	0.492055	1.56029
6.04395	0.490138	0.490138	1.55421
6.05394	0.488002	0.488002	1.54744
6.06393	0.485654	0.485654	1.53999
6.07392	0.483102	0.483102	1.5319
6.08391	0.480351	0.480351	1.52318
6.0939	0.47741	0.47741	1.51385
6.10389	0.474284	0.474284	1.50394
6.11388	0.470981	0.470981	1.49346
6.12387	0.467507	0.467507	1.48245
6.13386	0.463871	0.463871	1.47092
6.14385	0.460078	0.460078	1.45889
6.15384	0.456136	0.456136	1.44639
6.16383	0.452051	0.452051	1.43344
6.17382	0.44783	0.44783	1.42006
6.18381	0.443481	0.443481	1.40626
6.1938	0.439009	0.439009	1.39208
6.20379	0.434422	0.434422	1.37754
6.21378	0.429726	0.429726	1.36265
6.22377	0.424927	0.424927	1.34743
6.23376	0.420032	0.420032	1.33191
6.24375	0.415048	0.415048	1.3161
6.25374	0.40998	0.40998	1.30003
6.26373	0.404834	0.404834	1.28372
6.27372	0.399617	0.399617	1.26717
6.28371	0.394335	0.394335	1.25042
6.2937	0.388993	0.388993	1.23348
6.30369	0.383597	0.383597	1.21637
6.31368	0.378153	0.378153	1.19911
6.32367	0.372665	0.372665	1.18171
6.33366	0.36714	0.36714	1.16419
6.34365	0.361583	0.361583	1.14657
6.35364	0.355998	0.355998	1.12886
6.36363	0.350391	0.350391	1.11108
6.37362	0.344766	0.344766	1.09324
6.38361	0.339128	0.339128	1.07536
6.3936	0.333481	0.333481	1.05746
6.40359	0.327831	0.327831	1.03954
6.41358	0.32218	0.32218	1.02162
6.42357	0.316534	0.316534	1.00372
6.43356	0.310896	0.310896	0.985842
6.44355	0.30527	0.30527	0.968002
6.45354	0.29966	0.29966	0.950213
6.46353	0.29407	0.29407	0.932485
6.47352	0.288502	0.288502	0.91483
6.48351	0.28296	0.28296	0.897257
6.4935	0.277447	0.277447	0.879776
6.50349	0.271967	0.271967	0.862398
6.51348	0.266522	0.266522	0.845131
6.52347	0.261114	0.261114	0.827985
6.53346	0.255747	0.255747	0.810967
6.54345	0.250423	0.250423	0.794085
6.55344	0.245145	0.245145	0.777347
6.56343	0.239914	0.239914	0.76076
6.57342	0.234733	0.234733	0.744331
6.58341	0.229604	0.229604	0.728066
6.5934	0.224528	0.224528	0.711971
6.60339	0.219507	0.219507	0.696051
6.61338	0.214544	0.214544	0.680313
6.62337	0.209639	0.209639	0.66476
6.63336	0.204795	0.204795	0.649397
6.64335	0.200011	0.200011	0.634229
6.65334	0.19529	0.19529	0.619259
6.66333	0.190633	0.190633	0.604491
6.67332	0.18604	0.18604	0.589928
6.68331	0.181513	0.181513	0.575573
6.6933	0.177053	0.177053	0.561428
6.70329	0.172659	0.172659	0.547497
6.71328	0.168333	0.168333	0.53378
6.72327	0.164076	0.164076	0.52028
6.73326	0.159887	0.159887	0.506998
6.74325	0.155768	0.155768	0.493935
6.75324	0.151718	0.151718	0.481093
6.76323	0.147738	0.147738	0.468472
6.77322	0.143828	0.143828	0.456073
6.78321	0.139987	0.139987	0.443895
6.7932	0.136217	0.136217	0.431939
6.80319	0.132516	0.132516	0.420206
6.81318	0.128886	0.128886	0.408693
6.82317	0.125325	0.125325	0.397402
6.83316	0.121834	0.121834	0.386331
6.84315	0.118412	0.118412	0.37548
6.85314	0.115058	0.115058	0.364847
6.86313	0.111774	0.111774	0.354431
6.87312	0.108557	0.108557	0.34423
6.88311	0.105408	0.105408	0.334245
6.8931	0.102326	0.102326	0.324471
6.90309	0.0993101	0.0993101	0.314909
6.91308	0.0963604	0.0963604	0.305556
6.92307	0.0934761	0.0934761	0.29641
6.93306	0.0906564	0.0906564	0.287469
6.94305	0.0879006	0.0879006	0.27873
6.95304	0.0852081	0.0852081	0.270192
6.96303	0.0825779	0.0825779	0.261852
6.97302	0.0800095	0.0800095	0.253708
6.98301	0.0775019	0.0775019	0.245756
6.993	0.0750544	0.0750544	0.237995
7.00299	0.072666	0.072666	0.230422
7.01298	0.0703359	0.0703359	0.223033
7.02297	0.0680633	0.0680633	0.215827
7.03296	0.0658472	0.0658472	0.208799
7.04295	0.0636867	0.0636867	0.201948
7.05294	0.0615808	0.0615808	0.195271
7.06293	0.0595287	0.0595287	0.188764
7.07292	0.0575294	0.0575294	0.182424
7.08291	0.0555819	0.0555819	0.176248
7.0929	0.0536852	0.0536852	0.170234
7.10289	0.0518385	0.0518385	0.164378
7.11288	0.0500406	0.0500406	0.158677
7.12287	0.0482906	0.0482906	0.153128
7.13286	0.0465875	0.0465875	0.147728
7.14285	0.0449304	0.0449304	0.142473
7.15284	0.0433181	0.0433181	0.13736
7.16283	0.0417499	0.0417499	0.132387
7.17282	0.0402245	0.0402245	0.127551
7.18281	0.0387411	0.0387411	0.122847
7.1928	0.0372986	0.0372986	0.118273
7.20279	0.0358962	0.0358962	0.113826
7.21278	0.0345326	0.0345326	0.109502
7.22277	0.0332071	0.0332071	0.105299
7.23276	0.0319186	0.0319186	0.101213
7.24275	0.0306661	0.0306661	0.0972413
7.25274	0.0294487	0.0294487	0.0933809
7.26273	0.0282654	0.0282654	0.0896287
7.27272	0.0271152	0.0271152	0.0859815
7.28271	0.0259972	0.0259972	0.0824363
7.2927	0.0249104	0.0249104	0.0789902
7.30269	0.0238539	0.0238539	0.0756401
7.31268	0.0228268	0.0228268	0.0723831
7.32267	0.0218281	0.0218281	0.0692162
7.33266	0.0208569	0.0208569	0.0661365
7.34265	0.0199122	0.0199122	0.0631411
7.35264	0.0189932	0.0189932	0.060227
7.36263	0.018099	0.018099	0.0573914
7.37262	0.0172287	0.0172287	0.0546315
7.38261	0.0163812	0.0163812	0.0519444
7.3926	0.0155559	0.0155559	0.0493273
7.40259	0.0147518	0.0147518	0.0467774
7.41258	0.0139679	0.0139679	0.0442919
7.42257	0.0132036	0.0132036	0.0418681
7.43256	0.0124577	0.0124577	0.0395031
7.44255	0.0117296	0.0117296	0.0371943
7.45254	0.0110184	0.0110184	0.0349389
7.46253	0.0103231	0.0103231	0.0327343
7.47252	0.00964297	0.00964297	0.0305776
7.48251	0.00897711	0.00897711	0.0284661
7.4925	0.00832468	0.00832468	0.0263973
7.50249	0.00768483	0.00768483	0.0243683
7.51248	0.00705669	0.00705669	0.0223766
7.52247	0.00643943	0.00643943	0.0204192
7.53246	0.00583219	0.00583219	0.0184937
7.54245	0.0052341	0.0052341	0.0165972
7.55244	0.00464432	0.00464432	0.014727
7.56243	0.00406196	0.00406196	0.0128804
7.57242	0.00348617	0.00348617	0.0110545
7.58241	0.00291607	0.00291607	0.00924676
7.5924	0.00235076	0.00235076	0.00745419
7.60239	0.00178936	0.00178936	0.005674
7.61238	0.00123095	0.00123095	0.00390332
7.62237	0.00067463	0.00067463	0.00213923
7.63236	0.000119457	0.000119457	0.000378794
7.64235	-0.000435513	0	-0.001381
7.65234	-0.00099124	0	-0.00314319
7.66233	-0.00154871	0	-0.0049109
7.67232	-0.00210891	0	-0.00668729
7.68231	-0.00267288	0	-0.00847561
7.6923	-0.00324165	0	-0.0102792
7.70229	-0.00381631	0	-0.0121014
7.71228	-0.00439795	0	-0.0139458
7.72227	-0.0049877	0	-0.0158158
7.73226	-0.00558673	0	-0.0177153
7.74225	-0.00619623	0	-0.0196481
7.75224	-0.00681746	0	-0.0216179
7.76223	-0.00745168	0	-0.023629
7.77222	-0.00810022	0	-0.0256855
7.78221	-0.00876445	0	-0.0277918
7.7922	-0.0094458	0	-0.0299523
7.80219	-0.0101457	0	-0.0321718
7.81218	-0.0108658	0	-0.0344551
7.82217	-0.0116076	0	-0.0368074
7.83216	-0.0123728	0	-0.0392337
7.84215	-0.0131631	0	-0.0417398
7.85214	-0.0139803	0	-0.0443312
7.86213	-0.0148264	0	-0.0470141
7.87212	-0.0157033	0	-0.0497946
7.88211	-0.016613	0	-0.0526794
7.8921	-0.0175578	0	-0.0556753
7.90209	-0.0185399	0	-0.0587894
7.91208	-0.0195617	0	-0.0620294
7.92207	-0.0206256	0	-0.0654032
7.93206	-0.0217344	0	-0.068919
7.94205	-0.0228907	0	-0.0725856
7.95204	-0.0240974	0	-0.0764121
7.96203	-0.0253576	0	-0.0804083
7.97202	-0.0266746	0	-0.0845842
7.98201	-0.0280515	0	-0.0889505
7.992	-0.0294921	0	-0.0935185
8.00199	-0.031	0	-0.0983
8.01198	-0.0325791	0	-0.103307
8.02197	-0.0342337	0	-0.108554
8.03196	-0.0359681	0	-0.114054
8.04195	-0.0377869	0	-0.119821
8.05194	-0.039695	0	-0.125872
8.06193	-0.0416976	0	-0.132222
8.07192	-0.0438	0	-0.138888
8.08191	-0.046008	0	-0.14589
8.0919	-0.0483277	0	-0.153246
8.10189	-0.0507655	0	-0.160976
8.11188	-0.0533282	0	-0.169102
8.12187	-0.0560229	0	-0.177647
8.13186	-0.0588572	0	-0.186634
8.14185	-0.0618392	0	-0.19609
8.15184	-0.0649773	0	-0.206041
8.16183	-0.0682804	0	-0.216515
8.17182	-0.0717582	0	-0.227543
8.18181	-0.0754206	0	-0.239156
8.1918	-0.0792783	0	-0.251389
8.20179	-0.0833426	0	-0.264277
8.21178	-0.0876254	0	-0.277858
8.22177	-0.0921395	0	-0.292172
8.23176	-0.0968982	0	-0.307261
8.24175	-0.101916	0	-0.323172
8.25174	-0.107207	0	-0.339951
8.26173	-0.112789	0	-0.35765
8.27172	-0.118677	0	-0.376321
8.28171	-0.12489	0	-0.396023
8.2917	-0.131447	0	-0.416816
8.30169	-0.138369	0	-0.438763
8.31168	-0.145676	0	-0.461933
8.32167	-0.153391	0	-0.486398
8.33166	-0.161539	0	-0.512235
8.34165	-0.170145	0	-0.539524
8.35164	-0.179237	0	-0.568353
8.36163	-0.188843	0	-0.598814
8.37162	-0.198994	0	-0.631003
8.38161	-0.209723	0	-0.665024
8.3916	-0.221064	0	-0.700987
8.40159	-0.233054	0	-0.739008
8.41158	-0.245733	0	-0.779212
8.42157	-0.259142	0	-0.821731
8.43156	-0.273325	0	-0.866705
8.44155	-0.288329	0	-0.914282
8.45154	-0.304204	0	-0.96462
8.46153	-0.321003	0	-1.01789
8.47152	-0.338782	0	-1.07427
8.48151	-0.357602	0	-1.13394
8.4915	-0.377526	0	-1.19712
8.50149	-0.398623	0	-1.26402
8.51148	-0.420964	0	-1.33486
8.52147	-0.444627	0	-1.4099
8.53146	-0.469693	0	-1.48938
8.54145	-0.496249	0	-1.57359
8.55144	-0.524389	0	-1.66282
8.56143	-0.55421	0	-1.75738
8.57142	-0.585818	0	-1.85761
8.58141	-0.619325	0	-1.96386
8.5914	-0.65485	0	-2.07651
8.60139	-0.692521	0	-2.19596
8.61138	-0.732471	0	-2.32264
8.62137	-0.774846	0	-2.45701
8.63136	-0.819799	0	-2.59956
8.64135	-0.867494	0	-2.7508
8.65134	-0.918105	0	-2.91128
8.66133	-0.971818	0	-3.0816
8.67132	-1.02883	0	-3.26239
8.68131	-1.08936	0	-3.45432
8.6913	-1.15362	0	-3.65809
8.70129	-1.22186	0	-3.87448
8.71128	-1.29433	0	-4.10429
8.72127	-1.37132	0	-4.3484
8.73126	-1.4531	0	-4.60773
8.74125	-1.53999	0	-4.88327
8.75124	-1.63233	0	-5.17606
8.76123	-1.73047	0	-5.48725
8.77122	-1.83478	0	-5.81803
8.78121	-1.94567	0	-6.16967
8.7912	-2.06358	0	-6.54356
8.80119	-2.18897	0	-6.94115
8.81118	-2.32232	0	-7.36401
8.82117	-2.46417	0	-7.81381
8.83116	-2.61507	0	-8.29232
8.84115	-2.77563	0	-8.80145
8.85114	-2.94649	0	-9.34323
8.86113	-3.12834	0	-9.91986
8.87112	-3.3219	0	-10.5336
8.88111	-3.52796	0	-11.1871
8.8911	-3.74736	0	-11.8828
8.90109	-3.981	0	-12.6236
8.91108	-4.22983	0	-13.4127
8.92107	-4.49489	0	-14.2531
8.93106	-4.77725	0	-15.1485
8.94105	-5.07811	0	-16.1025
8.95104	-5.3987	0	-17.1191
8.96103	-5.74039	0	-18.2026
8.97102	-6.10459	0	-19.3575
8.98101	-6.49286	0	-20.5886
8.991	-6.90683	0	-21.9013
9.00099	-7.34827	0	-23.3011
9.01098	-7.81908	0	-24.794
9.02097	-8.32126	0	-26.3864
9.03096	-8.85698	0	-28.0852
9.04095	-9.42857	0	-29.8977
9.05094	-10.0385	0	-31.8318
9.06093	-10.6895	0	-33.8959
9.07092	-11.3843	0	-36.0992
9.08091	-12.126	0	-38.4512
9.0909	-12.9179	0	-40.9623
9.10089	-13.7636	0	-43.6438
9.11088	-14.6667	0	-46.5075
9.12087	-15.6313	0	-49.5663
9.13086	-16.6617	0	-52.8339
9.14085	-17.7627	0	-56.325
9.15084	-18.9391	0	-60.0553
9.16083	-20.1963	0	-64.042
9.17082	-21.5401	0	-68.303
9.18081	-22.9766	0	-72.858
9.1908	-24.5123	0	-77.7279
9.20079	-26.1545	0	-82.9351
9.21078	-27.9106	0	-88.5037
9.22077	-29.7889	0	-94.4598
9.23076	-31.7982	0	-100.831
9.24075	-33.9477	0	-107.647
9.25074	-36.2478	0	-114.941
9.26073	-38.7091	0	-122.745
9.27072	-41.3435	0	-131.099
9.28071	-44.1633	0	-140.041
9.2907	-47.1822	0	-149.613
9.30069	-50.4145	0	-159.863
9.31068	-53.8759	0	-170.839
9.32067	-57.5831	0	-182.594
9.33066	-61.5539	0	-195.186
9.34065	-65.8079	0	-208.675
9.35064	-70.3657	0	-223.127
9.36063	-75.2497	0	-238.615
9.37062	-80.4841	0	-255.212
9.38061	-86.0945	0	-273.003
9.3906	-92.1089	0	-292.074
9.40059	-98.5572	0	-312.522
9.41058	-105.472	0	-334.448
9.42057	-112.887	0	-357.961
9.43056	-120.84	0	-383.181
9.44055	-129.372	0	-410.235
9.45054	-138.526	0	-439.26
9.46053	-148.347	0	-470.404
9.47052	-158.887	0	-503.826
9.48051	-170.2	0	-539.698
9.4905	-182.343	0	-578.203
9.50049	-195.379	0	-619.541
9.51048	-209.376	0	-663.926
9.52047	-224.407	0	-711.589
9.53046	-240.551	0	-762.779
9.54045	-257.891	0	-817.763
9.55044	-276.519	0	-876.832
9.56043	-296.533	0	-940.297
9.57042	-318.04	0	-1008.49
9.58041	-341.153	0	-1081.78
9.5904	-365.996	0	-1160.56
9.60039	-392.701	0	-1245.24
9.61038	-421.413	0	-1336.29
9.62037	-452.286	0	-1434.19
9.63036	-485.487	0	-1539.47
9.64035	-521.197	0	-1652.7
9.65034	-559.609	0	-1774.5
9.66033	-600.933	0	-1905.54
9.67032	-645.397	0	-2046.53
9.68031	-693.246	0	-2198.26
9.6903	-744.742	0	-2361.55
9.70029	-800.172	0	-2537.32
9.71028	-859.845	0	-2726.54
9.72027	-924.092	0	-2930.27
9.73026	-993.275	0	-3149.64
9.74025	-1067.78	0	-3385.9
9.75024	-1148.03	0	-3640.37
9.76023	-1234.48	0	-3914.49
9.77022	-1327.61	0	-4209.82
9.78021	-1427.97	0	-4528.04
9.7902	-1536.11	0	-4870.97
9.80019	-1652.67	0	-5240.58
9.81018	-1778.32	0	-5638.98
9.82017	-1913.77	0	-6068.49
9.83016	-2059.81	0	-6531.59
9.84015	-2217.3	0	-7030.98
9.85014	-2387.14	0	-7569.55
9.86013	-2570.34	0	-8150.48
9.87012	-2767.97	0	-8777.15
9.88011	-2981.19	0	-9453.27
9.8901	-3211.27	0	-10182.8
9.90009	-3459.56	0	-10970.2
9.91008	-3727.55	0	-11819.9
9.92007	-4016.83	0	-12737.2
9.93006	-4329.14	0	-13727.6
9.94005	-4666.34	0	-14796.8
9.95004	-5030.48	0	-15951.5
9.96003	-5423.76	0	-17198.6
9.97002	-5848.55	0	-18545.6
9.98001	-6307.46	0	-20000.7
9.99	-6803.26	0	-21572.9
