0	0.29043	0.29043	1
0.00999	0.289605	0.289605	0.99716
0.01998	0.287133	0.287133	0.98865
0.02997	0.283029	0.283029	0.974518
0.03996	0.277316	0.277316	0.954846
0.04995	0.270025	0.270025	0.929745
0.05994	0.2612	0.2612	0.899357
0.06993	0.250889	0.250889	0.863856
0.07992	0.239152	0.239152	0.823443
0.08991	0.226056	0.226056	0.778349
0.0999	0.211674	0.211674	0.72883
0.10989	0.196088	0.196088	0.675167
0.11988	0.179389	0.179389	0.617666
0.12987	0.161669	0.161669	0.556654
0.13986	0.14303	0.14303	0.492478
0.14985	0.123579	0.123579	0.425503
0.15984	0.103425	0.103425	0.356109
0.16983	0.0826827	0.0826827	0.284691
0.17982	0.0614709	0.0614709	0.211655
0.18981	0.0399098	0.0399098	0.137417
0.1998	0.018122	0.018122	0.0623972
0.20979	-0.00376883	-0.00376883	-0.0129767
0.21978	-0.0256382	-0.0256382	-0.088277
0.22977	-0.047362	-0.047362	-0.163076
0.23976	-0.0688167	-0.0688167	-0.236948
0.24975	-0.0898805	-0.0898805	-0.309474
0.25974	-0.110434	-0.110434	-0.380243
0.26973	-0.13036	-0.13036	-0.448852
0.27972	-0.149546	-0.149546	-0.514913
0.28971	-0.167883	-0.167883	-0.578049
0.2997	-0.185266	-0.185266	-0.637904
0.30969	-0.201598	-0.201598	-0.694137
0.31968	-0.216785	-0.216785	-0.74643
0.32967	-0.230742	-0.230742	-0.794486
0.33966	-0.24339	-0.24339	-0.838034
0.34965	-0.254656	-0.254656	-0.876826
0.35964	-0.264478	-0.264478	-0.910643
0.36963	-0.272799	-0.272799	-0.939294
0.37962	-0.279573	-0.279573	-0.962617
0.38961	-0.284761	-0.284761	-0.980481
0.3996	-0.288334	-0.288334	-0.992784
0.40959	-0.290272	-0.290272	-0.999458
0.41958	-0.290565	-0.290565	-1.00047
0.42957	-0.289211	-0.289211	-0.995803
0.43956	-0.286217	-0.286217	-0.985496
0.44955	-0.281602	-0.281602	-0.969605
0.45954	-0.275391	-0.275391	-0.94822
0.46953	-0.26762	-0.26762	-0.921463
0.47952	-0.258333	-0.258333	-0.889487
0.48951	-0.247584	-0.247584	-0.852474
0.4995	-0.235432	-0.235432	-0.810634
0.50949	-0.221948	-0.221948	-0.764205
0.51948	-0.207207	-0.207207	-0.713451
0.52947	-0.191294	-0.191294	-0.658659
0.53946	-0.174299	-0.174299	-0.60014
0.54945	-0.156317	-0.156317	-0.538227
0.55944	-0.137451	-0.137451	-0.473269
0.56943	-0.117808	-0.117808	-0.405635
0.57942	-0.0974994	-0.0974994	-0.335708
0.58941	-0.0766393	-0.0766393	-0.263883
0.5994	-0.0553461	-0.0553461	-0.190566
0.60939	-0.0337401	-0.0337401	-0.116173
0.61938	-0.0119436	-0.0119436	-0.0411239
0.62937	0.0099204	0.0099204	0.0341577
0.63936	0.0317284	0.0317284	0.109246
0.64935	0.0533573	0.0533573	0.183718
0.65934	0.074685	0.074685	0.257154
0.66933	0.0955913	0.0955913	0.329138
0.67932	0.115958	0.115958	0.399265
0.68931	0.135671	0.135671	0.467141
0.6993	0.15462	0.15462	0.532382
0.70929	0.172696	0.172696	0.594623
0.71928	0.189799	0.189799	0.653512
0.72927	0.205833	0.205833	0.708719
0.73926	0.220707	0.220707	0.759934
0.74925	0.234339	0.234339	0.806869
0.75924	0.246651	0.246651	0.849262
0.76923	0.257575	0.257575	0.886874
0.77922	0.267049	0.267049	0.919497
0.78921	0.275021	0.275021	0.946946
0.7992	0.281447	0.281447	0.96907
0.80919	0.28629	0.28629	0.985746
0.81918	0.289524	0.289524	0.996881
0.82917	0.291131	0.291131	1.00241
0.83916	0.291103	0.291103	1.00232
0.84915	0.28944	0.28944	0.996591
0.85914	0.286152	0.286152	0.98527
0.86913	0.281258	0.281258	0.968419
0.87912	0.274786	0.274786	0.946135
0.88911	0.266772	0.266772	0.918544
0.8991	0.257263	0.257263	0.885802
0.90909	0.246312	0.246312	0.848095
0.91908	0.233981	0.233981	0.805636
0.92907	0.220338	0.220338	0.758664
0.93906	0.205462	0.205462	0.707443
0.94905	0.189436	0.189436	0.652262
0.95904	0.17235	0.17235	0.593431
0.96903	0.154299	0.154299	0.531279
0.97902	0.135386	0.135386	0.466157
0.98901	0.115716	0.115716	0.398429
0.999	0.0953986	0.0953986	0.328474
1.00899	0.0745487	0.0745487	0.256684
1.01898	0.0532824	0.0532824	0.183461
1.02897	0.0317187	0.0317187	0.109213
1.03896	0.00997804	0.00997804	0.0343561
1.04895	-0.0118183	-0.0118183	-0.0406926
1.05894	-0.0335488	-0.0335488	-0.115514
1.06893	-0.0550923	-0.0550923	-0.189692
1.07892	-0.0763288	-0.0763288	-0.262813
1.08891	-0.0971402	-0.0971402	-0.334471
1.0989	-0.117411	-0.117411	-0.404266
1.10889	-0.137028	-0.137028	-0.471811
1.11888	-0.155883	-0.155883	-0.536731
1.12887	-0.17387	-0.17387	-0.598666
1.13886	-0.190892	-0.190892	-0.657274
1.14885	-0.206852	-0.206852	-0.712229
1.15884	-0.221664	-0.221664	-0.763228
1.16883	-0.235245	-0.235245	-0.80999
1.17882	-0.24752	-0.24752	-0.852256
1.18881	-0.258423	-0.258423	-0.889795
1.1988	-0.267892	-0.267892	-0.9224
1.20879	-0.275877	-0.275877	-0.949892
1.21878	-0.282333	-0.282333	-0.972121
1.22877	-0.287225	-0.287225	-0.988967
1.23876	-0.290528	-0.290528	-1.00034
1.24875	-0.292223	-0.292223	-1.00618
1.25874	-0.292302	-0.292302	-1.00645
1.26873	-0.290765	-0.290765	-1.00116
1.27872	-0.287622	-0.287622	-0.990333
1.28871	-0.28289	-0.28289	-0.97404
1.2987	-0.276596	-0.276596	-0.95237
1.30869	-0.268777	-0.268777	-0.925445
1.31868	-0.259474	-0.259474	-0.893416
1.32867	-0.248742	-0.248742	-0.856461
1.33866	-0.236639	-0.236639	-0.814788
1.34865	-0.223232	-0.223232	-0.768628
1.35864	-0.208597	-0.208597	-0.718236
1.36863	-0.192814	-0.192814	-0.663893
1.37862	-0.175971	-0.175971	-0.605898
1.38861	-0.15816	-0.15816	-0.544574
1.3986	-0.139481	-0.139481	-0.480257
1.40859	-0.120036	-0.120036	-0.413304
1.41858	-0.0999316	-0.0999316	-0.344082
1.42857	-0.0792794	-0.0792794	-0.272973
1.43856	-0.0581925	-0.0581925	-0.200367
1.44855	-0.0367868	-0.0367868	-0.126663
1.45854	-0.0151795	-0.0151795	-0.0522657
1.46853	0.00651084	0.00651084	0.022418
1.47852	0.0281656	0.0281656	0.096979
1.48851	0.0496663	0.0496663	0.17101
1.4985	0.0708957	0.0708957	0.244106
1.50849	0.0917377	0.0917377	0.315869
1.51848	0.112079	0.112079	0.385908
1.52847	0.131809	0.131809	0.453841
1.53846	0.15082	0.15082	0.519299
1.54845	0.169009	0.169009	0.581927
1.55844	0.186278	0.186278	0.641386
1.56843	0.202532	0.202532	0.697353
1.57842	0.217685	0.217685	0.749526
1.58841	0.231653	0.231653	0.797623
1.5984	0.244363	0.244363	0.841386
1.60839	0.255746	0.255746	0.880579
1.61838	0.265741	0.265741	0.914992
1.62837	0.274294	0.274294	0.944442
1.63836	0.28136	0.28136	0.968771
1.64835	0.286901	0.286901	0.987851
1.65834	0.290889	0.290889	1.00158
1.66833	0.293303	0.293303	1.00989
1.67832	0.29413	0.29413	1.01274
1.68831	0.293367	0.293367	1.01011
1.6983	0.29102	0.29102	1.00203
1.70829	0.287102	0.287102	0.988541
1.71828	0.281635	0.281635	0.969717
1.72827	0.274649	0.274649	0.945664
1.73826	0.266183	0.266183	0.916516
1.74825	0.256284	0.256284	0.882432
1.75824	0.245006	0.245006	0.8436
1.76823	0.232411	0.232411	0.800231
1.77822	0.218566	0.218566	0.752562
1.78821	0.203548	0.203548	0.700851
1.7982	0.187437	0.187437	0.645378
1.80819	0.170321	0.170321	0.586443
1.81818	0.152291	0.152291	0.524365
1.82817	0.133446	0.133446	0.459479
1.83816	0.113887	0.113887	0.392133
1.84815	0.0937185	0.0937185	0.322689
1.85814	0.073049	0.073049	0.251521
1.86813	0.0519893	0.0519893	0.179008
1.87812	0.0306521	0.0306521	0.105541
1.88811	0.00915138	0.00915138	0.0315098
1.8981	-0.0123982	-0.0123982	-0.042689
1.90809	-0.0338817	-0.0338817	-0.116661
1.91808	-0.0551848	-0.0551848	-0.190011
1.92807	-0.0761945	-0.0761945	-0.262351
1.93806	-0.0967992	-0.0967992	-0.333296
1.94805	-0.11689	-0.11689	-0.402472
1.95804	-0.13636	-0.13636	-0.469511
1.96803	-0.155107	-0.155107	-0.53406
1.97802	-0.173032	-0.173032	-0.595778
1.98801	-0.19004	-0.19004	-0.654342
1.998	-0.206043	-0.206043	-0.709443
2.00799	-0.220957	-0.220957	-0.760792
2.01798	-0.234702	-0.234702	-0.808121
2.02797	-0.247209	-0.247209	-0.851184
2.03796	-0.258411	-0.258411	-0.889756
2.04795	-0.268252	-0.268252	-0.923637
2.05794	-0.276679	-0.276679	-0.952653
2.06793	-0.283649	-0.283649	-0.976654
2.07792	-0.289128	-0.289128	-0.995518
2.08791	-0.293087	-0.293087	-1.00915
2.0979	-0.295508	-0.295508	-1.01748
2.10789	-0.296377	-0.296377	-1.02048
2.11788	-0.295693	-0.295693	-1.01812
2.12787	-0.29346	-0.29346	-1.01043
2.13786	-0.28969	-0.28969	-0.997454
2.14785	-0.284405	-0.284405	-0.979258
2.15784	-0.277635	-0.277635	-0.955944
2.16783	-0.269414	-0.269414	-0.927639
2.17782	-0.259788	-0.259788	-0.894494
2.18781	-0.248807	-0.248807	-0.856686
2.1978	-0.23653	-0.23653	-0.814416
2.20779	-0.223023	-0.223023	-0.767907
2.21778	-0.208356	-0.208356	-0.717405
2.22777	-0.192606	-0.192606	-0.663175
2.23776	-0.175856	-0.175856	-0.605503
2.24775	-0.158194	-0.158194	-0.54469
2.25774	-0.139713	-0.139713	-0.481055
2.26773	-0.120508	-0.120508	-0.414929
2.27772	-0.100679	-0.100679	-0.346656
2.28771	-0.0803303	-0.0803303	-0.276591
2.2977	-0.0595666	-0.0595666	-0.205098
2.30769	-0.0384955	-0.0384955	-0.132547
2.31768	-0.017226	-0.017226	-0.0593122
2.32767	0.00413223	0.00413223	0.014228
2.33766	0.0254692	0.0254692	0.087695
2.34765	0.0466753	0.0466753	0.160711
2.35764	0.0676417	0.0676417	0.232902
2.36763	0.0882609	0.0882609	0.303898
2.37762	0.108428	0.108428	0.373335
2.38761	0.128039	0.128039	0.440861
2.3976	0.146995	0.146995	0.50613
2.40759	0.1652	0.1652	0.568812
2.41758	0.18256	0.18256	0.628588
2.42757	0.19899	0.19899	0.685156
2.43756	0.214404	0.214404	0.738231
2.44755	0.228727	0.228727	0.787546
2.45754	0.241885	0.241885	0.832854
2.46753	0.253814	0.253814	0.873927
2.47752	0.264454	0.264454	0.910562
2.48751	0.273752	0.273752	0.942577
2.4975	0.281663	0.281663	0.969814
2.50749	0.288147	0.288147	0.99214
2.51748	0.293173	0.293173	1.00945
2.52747	0.296718	0.296718	1.02165
2.53746	0.298764	0.298764	1.0287
2.54745	0.299304	0.299304	1.03056
2.55744	0.298335	0.298335	1.02722
2.56743	0.295865	0.295865	1.01871
2.57742	0.291906	0.291906	1.00508
2.58741	0.286482	0.286482	0.986407
2.5974	0.279619	0.279619	0.962779
2.60739	0.271355	0.271355	0.934324
2.61738	0.261732	0.261732	0.901189
2.62737	0.2508	0.2508	0.863547
2.63736	0.238614	0.238614	0.821588
2.64735	0.225236	0.225236	0.775528
2.65734	0.210736	0.210736	0.7256
2.66733	0.195185	0.195185	0.672057
2.67732	0.178663	0.178663	0.615169
2.68731	0.161253	0.161253	0.555223
2.6973	0.143043	0.143043	0.49252
2.70729	0.124122	0.124122	0.427374
2.71728	0.104587	0.104587	0.36011
2.72727	0.0845335	0.0845335	0.291064
2.73726	0.0640624	0.0640624	0.220578
2.74725	0.0432749	0.0432749	0.149003
2.75724	0.0222738	0.0222738	0.0766926
2.76723	0.00116295	0.00116295	0.00400425
2.77722	-0.0199536	-0.0199536	-0.0687038
2.78721	-0.0409721	-0.0409721	-0.141074
2.7972	-0.0617894	-0.0617894	-0.212752
2.80719	-0.0823036	-0.0823036	-0.283386
2.81718	-0.102414	-0.102414	-0.352631
2.82717	-0.122024	-0.122024	-0.42015
2.83716	-0.141037	-0.141037	-0.485616
2.84715	-0.159362	-0.159362	-0.54871
2.85714	-0.176909	-0.176909	-0.609127
2.86713	-0.193594	-0.193594	-0.666577
2.87712	-0.209337	-0.209337	-0.720783
2.88711	-0.224062	-0.224062	-0.771486
2.8971	-0.2377	-0.2377	-0.818444
2.90709	-0.250186	-0.250186	-0.861433
2.91708	-0.261459	-0.261459	-0.900249
2.92707	-0.271468	-0.271468	-0.934711
2.93706	-0.280165	-0.280165	-0.964657
2.94705	-0.28751	-0.28751	-0.989947
2.95704	-0.293469	-0.293469	-1.01047
2.96703	-0.298016	-0.298016	-1.02612
2.97702	-0.301129	-0.301129	-1.03684
2.98701	-0.302797	-0.302797	-1.04258
2.997	-0.303012	-0.303012	-1.04332
3.00699	-0.301776	-0.301776	-1.03907
3.01698	-0.299095	-0.299095	-1.02984
3.02697	-0.294986	-0.294986	-1.01569
3.03696	-0.289469	-0.289469	-0.996692
3.04695	-0.282572	-0.282572	-0.972945
3.05694	-0.27433	-0.27433	-0.944566
3.06693	-0.264784	-0.264784	-0.911697
3.07692	-0.25398	-0.25398	-0.874499
3.08691	-0.241973	-0.241973	-0.833154
3.0969	-0.228819	-0.228819	-0.787863
3.10689	-0.214583	-0.214583	-0.738846
3.11688	-0.199333	-0.199333	-0.686339
3.12687	-0.183143	-0.183143	-0.630594
3.13686	-0.166091	-0.166091	-0.571879
3.14685	-0.148256	-0.148256	-0.510472
3.15684	-0.129726	-0.129726	-0.446668
3.16683	-0.110586	-0.110586	-0.380767
3.17682	-0.0909283	-0.0909283	-0.313082
3.18681	-0.070845	-0.070845	-0.243932
3.1968	-0.0504306	-0.0504306	-0.173641
3.20679	-0.0297809	-0.0297809	-0.102541
3.21678	-0.00899228	-0.00899228	-0.030962
3.22677	0.0118382	0.0118382	0.0407609
3.23676	0.0326136	0.0326136	0.112294
3.24675	0.0532377	0.0532377	0.183307
3.25674	0.0736151	0.0736151	0.25347
3.26673	0.0936518	0.0936518	0.322459
3.27672	0.113256	0.113256	0.389959
3.28671	0.132337	0.132337	0.455659
3.2967	0.150808	0.150808	0.519259
3.30669	0.168585	0.168585	0.580469
3.31668	0.185588	0.185588	0.639011
3.32667	0.201739	0.201739	0.694621
3.33666	0.216965	0.216965	0.747048
3.34665	0.231199	0.231199	0.796057
3.35664	0.244376	0.244376	0.841429
3.36663	0.256438	0.256438	0.882961
3.37662	0.267332	0.267332	0.920471
3.38661	0.27701	0.27701	0.953794
3.3966	0.28543	0.28543	0.982784
3.40659	0.292555	0.292555	1.00732
3.41658	0.298355	0.298355	1.02729
3.42657	0.302806	0.302806	1.04261
3.43656	0.30589	0.30589	1.05323
3.44655	0.307594	0.307594	1.0591
3.45654	0.307914	0.307914	1.0602
3.46653	0.30685	0.30685	1.05654
3.47652	0.30441	0.30441	1.04814
3.48651	0.300605	0.300605	1.03503
3.4965	0.295455	0.295455	1.0173
3.50649	0.288985	0.288985	0.995026
3.51648	0.281227	0.281227	0.968313
3.52647	0.272216	0.272216	0.937287
3.53646	0.261995	0.261995	0.902094
3.54645	0.250611	0.250611	0.862897
3.55644	0.238116	0.238116	0.819876
3.56643	0.224568	0.224568	0.773227
3.57642	0.210028	0.210028	0.723162
3.58641	0.194561	0.194561	0.669907
3.5964	0.178237	0.178237	0.613702
3.60639	0.16113	0.16113	0.5548
3.61638	0.143316	0.143316	0.493462
3.62637	0.124874	0.124874	0.429962
3.63636	0.105885	0.105885	0.364581
3.64635	0.086434	0.086434	0.297607
3.65634	0.066606	0.066606	0.229336
3.66633	0.0464881	0.0464881	0.160066
3.67632	0.0261681	0.0261681	0.0901013
3.68631	0.00573455	0.00573455	0.0197451
3.6963	-0.0147238	-0.0147238	-0.0506967
3.70629	-0.0351186	-0.0351186	-0.120919
3.71628	-0.0553618	-0.0553618	-0.19062
3.72627	-0.0753665	-0.0753665	-0.2595
3.73626	-0.095047	-0.095047	-0.327263
3.74625	-0.114319	-0.114319	-0.393622
3.75624	-0.133102	-0.133102	-0.458293
3.76623	-0.151315	-0.151315	-0.521003
3.77622	-0.168881	-0.168881	-0.581488
3.78621	-0.185728	-0.185728	-0.639493
3.7962	-0.201784	-0.201784	-0.694776
3.80619	-0.216982	-0.216982	-0.747108
3.81618	-0.231261	-0.231261	-0.79627
3.82617	-0.24456	-0.24456	-0.842062
3.83616	-0.256825	-0.256825	-0.884295
3.84615	-0.268008	-0.268008	-0.922797
3.85614	-0.278061	-0.278061	-0.957414
3.86613	-0.286946	-0.286946	-0.988007
3.87612	-0.294628	-0.294628	-1.01445
3.88611	-0.301075	-0.301075	-1.03665
3.8961	-0.306264	-0.306264	-1.05452
3.90609	-0.310175	-0.310175	-1.06799
3.91608	-0.312794	-0.312794	-1.077
3.92607	-0.314113	-0.314113	-1.08155
3.93606	-0.314129	-0.314129	-1.0816
3.94605	-0.312844	-0.312844	-1.07718
3.95604	-0.310266	-0.310266	-1.0683
3.96603	-0.306408	-0.306408	-1.05501
3.97602	-0.301288	-0.301288	-1.03739
3.98601	-0.29493	-0.29493	-1.0155
3.996	-0.287363	-0.287363	-0.989439
4.00599	-0.278619	-0.278619	-0.959333
4.01598	-0.268736	-0.268736	-0.925306
4.02597	-0.257758	-0.257758	-0.887506
4.03596	-0.245731	-0.245731	-0.846095
4.04595	-0.232706	-0.232706	-0.801247
4.05594	-0.218737	-0.218737	-0.75315
4.06593	-0.203884	-0.203884	-0.702007
4.07592	-0.188207	-0.188207	-0.64803
4.08591	-0.171772	-0.171772	-0.591441
4.0959	-0.154646	-0.154646	-0.532474
4.10589	-0.1369	-0.1369	-0.47137
4.11588	-0.118605	-0.118605	-0.408378
4.12587	-0.0998362	-0.0998362	-0.343754
4.13586	-0.0806692	-0.0806692	-0.277758
4.14585	-0.0611811	-0.0611811	-0.210657
4.15584	-0.04145	-0.04145	-0.14272
4.16583	-0.0215545	-0.0215545	-0.0742159
4.17582	-0.00157375	-0.00157375	-0.00541869
4.18581	0.0184132	0.0184132	0.0634
4.1958	0.0383277	0.0383277	0.131969
4.20579	0.0580916	0.0580916	0.20002
4.21578	0.0776277	0.0776277	0.267286
4.22577	0.09686	0.09686	0.333506
4.23576	0.115714	0.115714	0.398424
4.24575	0.134117	0.134117	0.461789
4.25574	0.151999	0.151999	0.523359
4.26573	0.169291	0.169291	0.582898
4.27572	0.185927	0.185927	0.640181
4.28571	0.201846	0.201846	0.69499
4.2957	0.216986	0.216986	0.747122
4.30569	0.231292	0.231292	0.796379
4.31568	0.244711	0.244711	0.842582
4.32567	0.257192	0.257192	0.885558
4.33566	0.268691	0.268691	0.925151
4.34565	0.279166	0.279166	0.961218
4.35564	0.28858	0.28858	0.99363
4.36563	0.296898	0.296898	1.02227
4.37562	0.304093	0.304093	1.04704
4.38561	0.310139	0.310139	1.06786
4.3956	0.315016	0.315016	1.08466
4.40559	0.31871	0.31871	1.09737
4.41558	0.321208	0.321208	1.10597
4.42557	0.322504	0.322504	1.11044
4.43556	0.322596	0.322596	1.11076
4.44555	0.321487	0.321487	1.10694
4.45554	0.319184	0.319184	1.09901
4.46553	0.315698	0.315698	1.087
4.47552	0.311044	0.311044	1.07098
4.48551	0.305243	0.305243	1.051
4.4955	0.298319	0.298319	1.02716
4.50549	0.290299	0.290299	0.999552
4.51548	0.281217	0.281217	0.96828
4.52547	0.271108	0.271108	0.933472
4.53546	0.260011	0.260011	0.895262
4.54545	0.247968	0.247968	0.853798
4.55544	0.235027	0.235027	0.809238
4.56543	0.221235	0.221235	0.761752
4.57542	0.206646	0.206646	0.711518
4.58541	0.191313	0.191313	0.658723
4.5954	0.175293	0.175293	0.603564
4.60539	0.158646	0.158646	0.546245
4.61538	0.141432	0.141432	0.486974
4.62537	0.123714	0.123714	0.425969
4.63536	0.105557	0.105557	0.363451
4.64535	0.0870255	0.0870255	0.299644
4.65534	0.0681867	0.0681867	0.234779
4.66533	0.0491075	0.0491075	0.169086
4.67532	0.0298556	0.0298556	0.102798
4.68531	0.0104991	0.0104991	0.0361501
4.6953	-0.00889426	-0.00889426	-0.0306245
4.70529	-0.0282566	-0.0282566	-0.0972924
4.71528	-0.0475207	-0.0475207	-0.163622
4.72527	-0.06662	-0.06662	-0.229384
4.73526	-0.0854888	-0.0854888	-0.294353
4.74525	-0.104063	-0.104063	-0.358306
4.75524	-0.122279	-0.122279	-0.421027
4.76523	-0.140075	-0.140075	-0.482303
4.77522	-0.157392	-0.157392	-0.541929
4.78521	-0.174173	-0.174173	-0.599707
4.7952	-0.19036	-0.19036	-0.655443
4.80519	-0.205902	-0.205902	-0.708956
4.81518	-0.220747	-0.220747	-0.760071
4.82517	-0.234848	-0.234848	-0.808621
4.83516	-0.248158	-0.248158	-0.854451
4.84515	-0.260636	-0.260636	-0.897415
4.85514	-0.272242	-0.272242	-0.937377
4.86513	-0.28294	-0.28294	-0.974213
4.87512	-0.292697	-0.292697	-1.00781
4.88511	-0.301484	-0.301484	-1.03806
4.8951	-0.309274	-0.309274	-1.06489
4.90509	-0.316045	-0.316045	-1.0882
4.91508	-0.321777	-0.321777	-1.10793
4.92507	-0.326454	-0.326454	-1.12404
4.93506	-0.330065	-0.330065	-1.13647
4.94505	-0.332601	-0.332601	-1.1452
4.95504	-0.334057	-0.334057	-1.15022
4.96503	-0.334431	-0.334431	-1.1515
4.97502	-0.333726	-0.333726	-1.14908
4.98501	-0.331947	-0.331947	-1.14295
4.995	-0.329103	-0.329103	-1.13316
5.00499	-0.325207	-0.325207	-1.11974
5.01498	-0.320274	-0.320274	-1.10276
5.02497	-0.314324	-0.314324	-1.08227
5.03496	-0.307377	-0.307377	-1.05835
5.04495	-0.29946	-0.29946	-1.03109
5.05494	-0.2906	-0.2906	-1.00059
5.06493	-0.280829	-0.280829	-0.966942
5.07492	-0.270179	-0.270179	-0.930273
5.08491	-0.258687	-0.258687	-0.890703
5.0949	-0.24639	-0.24639	-0.848365
5.10489	-0.233331	-0.233331	-0.8034
5.11488	-0.219552	-0.219552	-0.755954
5.12487	-0.205096	-0.205096	-0.706183
5.13486	-0.190012	-0.190012	-0.654245
5.14485	-0.174347	-0.174347	-0.600308
5.15484	-0.158151	-0.158151	-0.544542
5.16483	-0.141475	-0.141475	-0.487123
5.17482	-0.124371	-0.124371	-0.42823
5.18481	-0.106891	-0.106891	-0.368045
5.1948	-0.0890904	-0.0890904	-0.306754
5.20479	-0.0710229	-0.0710229	-0.244544
5.21478	-0.0527435	-0.0527435	-0.181605
5.22477	-0.0343071	-0.0343071	-0.118125
5.23476	-0.015769	-0.015769	-0.0542954
5.24475	0.0028157	0.0028157	0.00969495
5.25474	0.0213921	0.0213921	0.0736569
5.26473	0.0399059	0.0399059	0.137403
5.27472	0.058303	0.058303	0.200748
5.28471	0.0765305	0.0765305	0.263508
5.2947	0.094536	0.094536	0.325504
5.30469	0.112268	0.112268	0.386559
5.31468	0.129677	0.129677	0.446502
5.32467	0.146714	0.146714	0.505163
5.33466	0.163332	0.163332	0.562381
5.34465	0.179485	0.179485	0.617997
5.35464	0.195128	0.195128	0.67186
5.36463	0.21022	0.21022	0.723824
5.37462	0.22472	0.22472	0.77375
5.38461	0.238589	0.238589	0.821505
5.3946	0.251792	0.251792	0.866965
5.40459	0.264294	0.264294	0.910011
5.41458	0.276063	0.276063	0.950535
5.42457	0.28707	0.28707	0.988432
5.43456	0.297287	0.297287	1.02361
5.44455	0.306689	0.306689	1.05598
5.45454	0.315254	0.315254	1.08547
5.46453	0.322962	0.322962	1.11201
5.47452	0.329795	0.329795	1.13554
5.48451	0.335739	0.335739	1.15601
5.4945	0.340781	0.340781	1.17337
5.50449	0.344912	0.344912	1.18759
5.51448	0.348123	0.348123	1.19865
5.52447	0.350411	0.350411	1.20653
5.53446	0.351773	0.351773	1.21122
5.54445	0.35221	0.35221	1.21272
5.55444	0.351723	0.351723	1.21104
5.56443	0.350319	0.350319	1.20621
5.57442	0.348005	0.348005	1.19824
5.58441	0.34479	0.34479	1.18717
5.5944	0.340688	0.340688	1.17305
5.60439	0.335711	0.335711	1.15591
5.61438	0.329878	0.329878	1.13583
5.62437	0.323205	0.323205	1.11285
5.63436	0.315715	0.315715	1.08706
5.64435	0.307429	0.307429	1.05853
5.65434	0.298372	0.298372	1.02735
5.66433	0.288569	0.288569	0.993595
5.67432	0.27805	0.27805	0.957373
5.68431	0.266842	0.266842	0.918782
5.6943	0.254976	0.254976	0.877928
5.70429	0.242486	0.242486	0.834921
5.71428	0.229403	0.229403	0.789875
5.72427	0.215763	0.215763	0.742911
5.73426	0.201602	0.201602	0.69415
5.74425	0.186955	0.186955	0.643719
5.75424	0.17186	0.17186	0.591745
5.76423	0.156356	0.156356	0.538361
5.77422	0.140481	0.140481	0.4837
5.78421	0.124274	0.124274	0.427897
5.7942	0.107775	0.107775	0.371088
5.80419	0.0910242	0.0910242	0.313412
5.81418	0.0740616	0.0740616	0.255007
5.82417	0.0569275	0.0569275	0.196011
5.83416	0.0396623	0.0396623	0.136564
5.84415	0.0223062	0.0223062	0.0768041
5.85414	0.00489918	0.00489918	0.0168687
5.86413	-0.012519	-0.012519	-0.043105
5.87412	-0.0299089	-0.0299089	-0.102982
5.88411	-0.0472317	-0.0472317	-0.162627
5.8941	-0.0644491	-0.0644491	-0.22191
5.90409	-0.0815234	-0.0815234	-0.280699
5.91408	-0.0984176	-0.0984176	-0.338869
5.92407	-0.115096	-0.115096	-0.396294
5.93406	-0.131522	-0.131522	-0.452853
5.94405	-0.147662	-0.147662	-0.508428
5.95404	-0.163484	-0.163484	-0.562903
5.96403	-0.178953	-0.178953	-0.616168
5.97402	-0.194041	-0.194041	-0.668115
5.98401	-0.208715	-0.208715	-0.718642
5.994	-0.222948	-0.222948	-0.767649
6.00399	-0.236713	-0.236713	-0.815043
6.01398	-0.249982	-0.249982	-0.860732
6.02397	-0.262732	-0.262732	-0.904632
6.03396	-0.274939	-0.274939	-0.946662
6.04395	-0.286581	-0.286581	-0.986748
6.05394	-0.297637	-0.297637	-1.02482
6.06393	-0.30809	-0.30809	-1.06081
6.07392	-0.31792	-0.31792	-1.09465
6.08391	-0.327113	-0.327113	-1.12631
6.0939	-0.335653	-0.335653	-1.15571
6.10389	-0.343528	-0.343528	-1.18283
6.11388	-0.350726	-0.350726	-1.20761
6.12387	-0.357237	-0.357237	-1.23003
6.13386	-0.363053	-0.363053	-1.25006
6.14385	-0.368168	-0.368168	-1.26767
6.15384	-0.372575	-0.372575	-1.28284
6.16383	-0.376271	-0.376271	-1.29557
6.17382	-0.379253	-0.379253	-1.30583
6.18381	-0.38152	-0.38152	-1.31364
6.1938	-0.383074	-0.383074	-1.31899
6.20379	-0.383914	-0.383914	-1.32188
6.21378	-0.384046	-0.384046	-1.32234
6.22377	-0.383473	-0.383473	-1.32036
6.23376	-0.382201	-0.382201	-1.31598
6.24375	-0.380237	-0.380237	-1.30922
6.25374	-0.37759	-0.37759	-1.30011
6.26373	-0.374268	-0.374268	-1.28867
6.27372	-0.370283	-0.370283	-1.27495
6.28371	-0.365646	-0.365646	-1.25898
6.2937	-0.36037	-0.36037	-1.24082
6.30369	-0.354468	-0.354468	-1.2205
6.31368	-0.347956	-0.347956	-1.19807
6.32367	-0.340849	-0.340849	-1.1736
6.33366	-0.333164	-0.333164	-1.14714
6.34365	-0.324916	-0.324916	-1.11874
6.35364	-0.316126	-0.316126	-1.08848
6.36363	-0.306811	-0.306811	-1.0564
6.37362	-0.29699	-0.29699	-1.02259
6.38361	-0.286684	-0.286684	-0.987104
6.3936	-0.275913	-0.275913	-0.950018
6.40359	-0.264699	-0.264699	-0.911404
6.41358	-0.253061	-0.253061	-0.871335
6.42357	-0.241023	-0.241023	-0.829886
6.43356	-0.228607	-0.228607	-0.787134
6.44355	-0.215834	-0.215834	-0.743156
6.45354	-0.202728	-0.202728	-0.698029
6.46353	-0.189312	-0.189312	-0.651833
6.47352	-0.175607	-0.175607	-0.604647
6.48351	-0.161639	-0.161639	-0.55655
6.4935	-0.147428	-0.147428	-0.507621
6.50349	-0.133	-0.133	-0.457942
6.51348	-0.118376	-0.118376	-0.40759
6.52347	-0.10358	-0.10358	-0.356645
6.53346	-0.0886349	-0.0886349	-0.305186
6.54345	-0.073563	-0.073563	-0.25329
6.55344	-0.058387	-0.058387	-0.201037
6.56343	-0.043129	-0.043129	-0.148501
6.57342	-0.0278111	-0.0278111	-0.0957585
6.58341	-0.0124549	-0.0124549	-0.0428844
6.5934	0.00291833	0.00291833	0.0100483
6.60339	0.0182877	0.0182877	0.0629676
6.61338	0.0336326	0.0336326	0.115803
6.62337	0.048933	0.048933	0.168485
6.63336	0.0641693	0.0641693	0.220946
6.64335	0.0793225	0.0793225	0.273121
6.65334	0.0943738	0.0943738	0.324945
6.66333	0.109305	0.109305	0.376357
6.67332	0.124099	0.124099	0.427295
6.68331	0.138739	0.138739	0.477702
6.6933	0.153208	0.153208	0.527521
6.70329	0.16749	0.16749	0.576698
6.71328	0.181571	0.181571	0.625181
6.72327	0.195436	0.195436	0.672919
6.73326	0.20907	0.20907	0.719865
6.74325	0.222461	0.222461	0.765973
6.75324	0.235597	0.235597	0.811201
6.76323	0.248464	0.248464	0.855505
6.77322	0.261052	0.261052	0.898849
6.78321	0.273351	0.273351	0.941195
6.7932	0.28535	0.28535	0.982509
6.80319	0.29704	0.29704	1.02276
6.81318	0.308412	0.308412	1.06192
6.82317	0.319458	0.319458	1.09995
6.83316	0.330172	0.330172	1.13684
6.84315	0.340546	0.340546	1.17256
6.85314	0.350574	0.350574	1.20709
6.86313	0.360251	0.360251	1.24041
6.87312	0.369572	0.369572	1.2725
6.88311	0.378534	0.378534	1.30336
6.8931	0.387132	0.387132	1.33296
6.90309	0.395363	0.395363	1.3613
6.91308	0.403226	0.403226	1.38838
6.92307	0.410718	0.410718	1.41417
6.93306	0.417838	0.417838	1.43869
6.94305	0.424586	0.424586	1.46192
6.95304	0.430961	0.430961	1.48387
6.96303	0.436964	0.436964	1.50454
6.97302	0.442595	0.442595	1.52393
6.98301	0.447857	0.447857	1.54205
6.993	0.45275	0.45275	1.5589
7.00299	0.457277	0.457277	1.57449
7.01298	0.461442	0.461442	1.58882
7.02297	0.465246	0.465246	1.60192
7.03296	0.468694	0.468694	1.61379
7.04295	0.471789	0.471789	1.62445
7.05294	0.474535	0.474535	1.63391
7.06293	0.476939	0.476939	1.64218
7.07292	0.479003	0.479003	1.64929
7.08291	0.480734	0.480734	1.65525
7.0929	0.482137	0.482137	1.66008
7.10289	0.483219	0.483219	1.66381
7.11288	0.483984	0.483984	1.66644
7.12287	0.48444	0.48444	1.66801
7.13286	0.484593	0.484593	1.66854
7.14285	0.48445	0.48445	1.66805
7.15284	0.484018	0.484018	1.66656
7.16283	0.483304	0.483304	1.6641
7.17282	0.482315	0.482315	1.6607
7.18281	0.481059	0.481059	1.65637
7.1928	0.479544	0.479544	1.65115
7.20279	0.477776	0.477776	1.64507
7.21278	0.475764	0.475764	1.63814
7.22277	0.473516	0.473516	1.6304
7.23276	0.47104	0.47104	1.62187
7.24275	0.468343	0.468343	1.61259
7.25274	0.465434	0.465434	1.60257
7.26273	0.462321	0.462321	1.59185
7.27272	0.459011	0.459011	1.58045
7.28271	0.455513	0.455513	1.56841
7.2927	0.451835	0.451835	1.55575
7.30269	0.447985	0.447985	1.54249
7.31268	0.44397	0.44397	1.52867
7.32267	0.4398	0.4398	1.51431
7.33266	0.435481	0.435481	1.49944
7.34265	0.431022	0.431022	1.48408
7.35264	0.426429	0.426429	1.46827
7.36263	0.421712	0.421712	1.45203
7.37262	0.416877	0.416877	1.43538
7.38261	0.411933	0.411933	1.41836
7.3926	0.406885	0.406885	1.40098
7.40259	0.401742	0.401742	1.38327
7.41258	0.396511	0.396511	1.36526
7.42257	0.391198	0.391198	1.34696
7.43256	0.385811	0.385811	1.32841
7.44255	0.380356	0.380356	1.30963
7.45254	0.37484	0.37484	1.29064
7.46253	0.36927	0.36927	1.27146
7.47252	0.363651	0.363651	1.25211
7.48251	0.35799	0.35799	1.23262
7.4925	0.352293	0.352293	1.21301
7.50249	0.346565	0.346565	1.19328
7.51248	0.340813	0.340813	1.17348
7.52247	0.335041	0.335041	1.15361
7.53246	0.329256	0.329256	1.13369
7.54245	0.323462	0.323462	1.11374
7.55244	0.317665	0.317665	1.09377
7.56243	0.311868	0.311868	1.07382
7.57242	0.306078	0.306078	1.05388
7.58241	0.300298	0.300298	1.03398
7.5924	0.294532	0.294532	1.01413
7.60239	0.288786	0.288786	0.99434
7.61238	0.283062	0.283062	0.974633
7.62237	0.277365	0.277365	0.955018
7.63236	0.271699	0.271699	0.935507
7.64235	0.266067	0.266067	0.916114
7.65234	0.260471	0.260471	0.896849
7.66233	0.254917	0.254917	0.877723
7.67232	0.249406	0.249406	0.858747
7.68231	0.243941	0.243941	0.839931
7.6923	0.238525	0.238525	0.821284
7.70229	0.233161	0.233161	0.802815
7.71228	0.227851	0.227851	0.784532
7.72227	0.222598	0.222598	0.766442
7.73226	0.217402	0.217402	0.748555
7.74225	0.212268	0.212268	0.730875
7.75224	0.207195	0.207195	0.71341
7.76223	0.202187	0.202187	0.696165
7.77222	0.197244	0.197244	0.679147
7.78221	0.192369	0.192369	0.662359
7.7922	0.187561	0.187561	0.645806
7.80219	0.182824	0.182824	0.629493
7.81218	0.178156	0.178156	0.613424
7.82217	0.173561	0.173561	0.597601
7.83216	0.169038	0.169038	0.582028
7.84215	0.164588	0.164588	0.566706
7.85214	0.160212	0.160212	0.55164
7.86213	0.155911	0.155911	0.536829
7.87212	0.151685	0.151685	0.522276
7.88211	0.147533	0.147533	0.507983
7.8921	0.143457	0.143457	0.493949
7.90209	0.139457	0.139457	0.480175
7.91208	0.135533	0.135533	0.466663
7.92207	0.131684	0.131684	0.453411
7.93206	0.127911	0.127911	0.44042
7.94205	0.124213	0.124213	0.427689
7.95204	0.120591	0.120591	0.415217
7.96203	0.117044	0.117044	0.403003
7.97202	0.113572	0.113572	0.391047
7.98201	0.110173	0.110173	0.379346
7.992	0.106849	0.106849	0.367899
8.00199	0.103598	0.103598	0.356705
8.01198	0.100419	0.100419	0.345761
8.02197	0.0973128	0.0973128	0.335065
8.03196	0.0942777	0.0942777	0.324615
8.04195	0.0913133	0.0913133	0.314408
8.05194	0.0884189	0.0884189	0.304442
8.06193	0.0855935	0.0855935	0.294714
8.07192	0.0828365	0.0828365	0.28522
8.08191	0.0801468	0.0801468	0.27596
8.0919	0.0775237	0.0775237	0.266928
8.10189	0.0749662	0.0749662	0.258122
8.11188	0.0724733	0.0724733	0.249538
8.12187	0.0700441	0.0700441	0.241174
8.13186	0.0676775	0.0676775	0.233025
8.14185	0.0653725	0.0653725	0.225089
8.15184	0.0631282	0.0631282	0.217361
8.16183	0.0609434	0.0609434	0.209839
8.17182	0.0588171	0.0588171	0.202518
8.18181	0.0567482	0.0567482	0.195394
8.1918	0.0547356	0.0547356	0.188464
8.20179	0.0527782	0.0527782	0.181724
8.21178	0.0508748	0.0508748	0.175171
8.22177	0.0490245	0.0490245	0.1688
8.23176	0.047226	0.047226	0.162607
8.24175	0.0454782	0.0454782	0.156589
8.25174	0.04378	0.04378	0.150742
8.26173	0.0421302	0.0421302	0.145062
8.27172	0.0405278	0.0405278	0.139544
8.28171	0.0389716	0.0389716	0.134186
8.2917	0.0374604	0.0374604	0.128983
8.30169	0.0359931	0.0359931	0.123931
8.31168	0.0345687	0.0345687	0.119026
8.32167	0.033186	0.033186	0.114265
8.33166	0.0318438	0.0318438	0.109644
8.34165	0.0305411	0.0305411	0.105158
8.35164	0.0292767	0.0292767	0.100805
8.36163	0.0280496	0.0280496	0.0965797
8.37162	0.0268587	0.0268587	0.0924791
8.38161	0.0257028	0.0257028	0.0884991
8.3916	0.0245809	0.0245809	0.0846363
8.40159	0.0234919	0.0234919	0.0808867
8.41158	0.0224348	0.0224348	0.0772469
8.42157	0.0214084	0.0214084	0.073713
8.43156	0.0204119	0.0204119	0.0702816
8.44155	0.019444	0.019444	0.0669491
8.45154	0.0185038	0.0185038	0.0637118
8.46153	0.0175902	0.0175902	0.0605662
8.47152	0.0167023	0.0167023	0.0575089
8.48151	0.015839	0.015839	0.0545363
8.4915	0.0149992	0.0149992	0.051645
8.50149	0.0141821	0.0141821	0.0488316
8.51148	0.0133866	0.0133866	0.0460926
8.52147	0.0126118	0.0126118	0.0434246
8.53146	0.0118566	0.0118566	0.0408244
8.54145	0.0111201	0.0111201	0.0382884
8.55144	0.0104013	0.0104013	0.0358134
8.56143	0.0096992	0.0096992	0.033396
8.57142	0.00901291	0.00901291	0.031033
8.58141	0.00834143	0.00834143	0.028721
8.5914	0.0076838	0.0076838	0.0264567
8.60139	0.00703906	0.00703906	0.0242367
8.61138	0.00640625	0.00640625	0.0220578
8.62137	0.00578441	0.00578441	0.0199167
8.63136	0.00517258	0.00517258	0.0178101
8.64135	0.00456977	0.00456977	0.0157345
8.65134	0.00397503	0.00397503	0.0136867
8.66133	0.00338736	0.00338736	0.0116633
8.67132	0.00280579	0.00280579	0.00966081
8.68131	0.0022293	0.0022293	0.00767588
8.6913	0.0016569	0.0016569	0.00570501
8.70129	0.00108757	0.00108757	0.0037447
8.71128	0.000520267	0.000520267	0.00179137
8.72127	-4.6058e-005	0	-0.000158586
8.73126	-0.000612472	0	-0.00210885
8.74125	-0.00118006	0	-0.00406317
8.75124	-0.00174994	0	-0.00602536
8.76123	-0.00232325	0	-0.00799934
8.77122	-0.00290113	0	-0.0099891
8.78121	-0.00348479	0	-0.0119987
8.7912	-0.00407545	0	-0.0140325
8.80119	-0.00467436	0	-0.0160946
8.81118	-0.00528281	0	-0.0181897
8.82117	-0.00590215	0	-0.0203222
8.83116	-0.00653376	0	-0.0224969
8.84115	-0.00717905	0	-0.0247187
8.85114	-0.00783952	0	-0.0269928
8.86113	-0.00851668	0	-0.0293244
8.87112	-0.00921214	0	-0.031719
8.88111	-0.00992756	0	-0.0341823
8.8911	-0.0106646	0	-0.0367202
8.90109	-0.0114252	0	-0.039339
8.91108	-0.0122111	0	-0.0420451
8.92107	-0.0130244	0	-0.0448452
8.93106	-0.013867	0	-0.0477464
8.94105	-0.0147411	0	-0.0507561
8.95104	-0.0156489	0	-0.0538821
8.96103	-0.0165929	0	-0.0571324
8.97102	-0.0175755	0	-0.0605156
8.98101	-0.0185993	0	-0.0640406
8.991	-0.019667	0	-0.0677169
9.00099	-0.0207815	0	-0.0715543
9.01098	-0.0219458	0	-0.0755633
9.02097	-0.0231631	0	-0.0797548
9.03096	-0.0244368	0	-0.0841403
9.04095	-0.0257705	0	-0.0887322
9.05094	-0.0271677	0	-0.0935431
9.06093	-0.0286325	0	-0.0985868
9.07092	-0.0301691	0	-0.103877
9.08091	-0.0317818	0	-0.10943
9.0909	-0.0334753	0	-0.115261
9.10089	-0.0352545	0	-0.121387
9.11088	-0.0371246	0	-0.127826
9.12087	-0.039091	0	-0.134597
9.13086	-0.0411597	0	-0.14172
9.14085	-0.0433367	0	-0.149216
9.15084	-0.0456286	0	-0.157107
9.16083	-0.0480423	0	-0.165418
9.17082	-0.0505851	0	-0.174173
9.18081	-0.0532648	0	-0.1834
9.1908	-0.0560895	0	-0.193126
9.20079	-0.0590681	0	-0.203382
9.21078	-0.0622098	0	-0.214199
9.22077	-0.0655243	0	-0.225612
9.23076	-0.0690221	0	-0.237655
9.24075	-0.0727143	0	-0.250368
9.25074	-0.0766125	0	-0.26379
9.26073	-0.0807293	0	-0.277965
9.27072	-0.0850779	0	-0.292938
9.28071	-0.0896723	0	-0.308758
9.2907	-0.0945276	0	-0.325475
9.30069	-0.0996594	0	-0.343145
9.31068	-0.105085	0	-0.361825
9.32067	-0.110822	0	-0.381578
9.33066	-0.116889	0	-0.402469
9.34065	-0.123307	0	-0.424568
9.35064	-0.130098	0	-0.447948
9.36063	-0.137283	0	-0.47269
9.37062	-0.144889	0	-0.498877
9.38061	-0.15294	0	-0.526598
9.3906	-0.161464	0	-0.555948
9.40059	-0.170491	0	-0.587029
9.41058	-0.180051	0	-0.619949
9.42057	-0.190179	0	-0.654821
9.43056	-0.20091	0	-0.691769
9.44055	-0.212282	0	-0.730923
9.45054	-0.224334	0	-0.77242
9.46053	-0.237109	0	-0.816409
9.47052	-0.250654	0	-0.863047
9.48051	-0.265018	0	-0.912502
9.4905	-0.28025	0	-0.964951
9.50049	-0.296409	0	-1.02059
9.51048	-0.313551	0	-1.07961
9.52047	-0.33174	0	-1.14224
9.53046	-0.351044	0	-1.20871
9.54045	-0.371533	0	-1.27925
9.55044	-0.393284	0	-1.35414
9.56043	-0.416378	0	-1.43366
9.57042	-0.440902	0	-1.5181
9.58041	-0.466948	0	-1.60779
9.5904	-0.494617	0	-1.70305
9.60039	-0.524012	0	-1.80426
9.61038	-0.555247	0	-1.91181
9.62037	-0.588442	0	-2.02611
9.63036	-0.623725	0	-2.1476
9.64035	-0.661235	0	-2.27675
9.65034	-0.701116	0	-2.41407
9.66033	-0.743527	0	-2.56009
9.67032	-0.788633	0	-2.7154
9.68031	-0.836614	0	-2.88061
9.6903	-0.887662	0	-3.05637
9.70029	-0.941979	0	-3.2434
9.71028	-0.999785	0	-3.44244
9.72027	-1.06131	0	-3.65429
9.73026	-1.12681	0	-3.87981
9.74025	-1.19655	0	-4.11993
9.75024	-1.27081	0	-4.37563
9.76023	-1.34991	0	-4.64796
9.77022	-1.43415	0	-4.93804
9.78021	-1.52391	0	-5.24708
9.7902	-1.61954	0	-5.57637
9.80019	-1.72146	0	-5.92729
9.81018	-1.83009	0	-6.30131
9.82017	-1.94588	0	-6.70002
9.83016	-2.06934	0	-7.1251
9.84015	-2.20099	0	-7.57838
9.85014	-2.34138	0	-8.06179
9.86013	-2.49114	0	-8.57742
9.87012	-2.65089	0	-9.12749
9.88011	-2.82135	0	-9.71439
9.8901	-3.00324	0	-10.3407
9.90009	-3.19737	0	-11.0091
9.91008	-3.4046	0	-11.7226
9.92007	-3.62583	0	-12.4844
9.93006	-3.86205	0	-13.2977
9.94005	-4.11431	0	-14.1663
9.95004	-4.38374	0	-15.094
9.96003	-4.67156	0	-16.085
9.97002	-4.97906	0	-17.1438
9.98001	-5.30764	0	-18.2751
9.99	-5.6588	0	-19.4842
