0	0	0	0
0.00999	0.0208504	0.0208504	0.00998219
0.01998	0.041603	0.041603	0.0199176
0.02997	0.0621605	0.0621605	0.0297596
0.03996	0.0824266	0.0824266	0.0394621
0.04995	0.102306	0.102306	0.0489795
0.05994	0.121706	0.121706	0.0582673
0.06993	0.140536	0.140536	0.067282
0.07992	0.158706	0.158706	0.0759812
0.08991	0.176133	0.176133	0.0843242
0.0999	0.192733	0.192733	0.0922719
0.10989	0.208431	0.208431	0.099787
0.11988	0.223151	0.223151	0.106834
0.12987	0.236825	0.236825	0.113381
0.13986	0.24939	0.24939	0.119396
0.14985	0.260785	0.260785	0.124852
0.15984	0.270959	0.270959	0.129723
0.16983	0.279862	0.279862	0.133985
0.17982	0.287454	0.287454	0.13762
0.18981	0.2937	0.2937	0.14061
0.1998	0.298569	0.298569	0.142941
0.20979	0.30204	0.30204	0.144603
0.21978	0.304096	0.304096	0.145587
0.22977	0.304727	0.304727	0.145889
0.23976	0.303931	0.303931	0.145508
0.24975	0.301712	0.301712	0.144446
0.25974	0.298081	0.298081	0.142707
0.26973	0.293053	0.293053	0.1403
0.27972	0.286654	0.286654	0.137237
0.28971	0.278913	0.278913	0.133531
0.2997	0.269866	0.269866	0.1292
0.30969	0.259557	0.259557	0.124264
0.31968	0.248033	0.248033	0.118747
0.32967	0.235349	0.235349	0.112674
0.33966	0.221564	0.221564	0.106074
0.34965	0.206742	0.206742	0.0989786
0.35964	0.190954	0.190954	0.0914198
0.36963	0.174272	0.174272	0.0834336
0.37962	0.156777	0.156777	0.0750574
0.38961	0.138548	0.138548	0.0663303
0.3996	0.119671	0.119671	0.0572932
0.40959	0.100236	0.100236	0.0479883
0.41958	0.0803321	0.0803321	0.0384593
0.42957	0.0600531	0.0600531	0.0287506
0.43956	0.0394935	0.0394935	0.0189077
0.44955	0.0187496	0.0187496	0.00897644
0.45954	-0.00208188	-0.00208188	-0.000996707
0.46953	-0.0229036	-0.0229036	-0.0109652
0.47952	-0.0436185	-0.0436185	-0.0208825
0.48951	-0.0641299	-0.0641299	-0.0307024
0.4995	-0.0843421	-0.0843421	-0.0403791
0.50949	-0.104161	-0.104161	-0.0498675
0.51948	-0.123494	-0.123494	-0.0591233
0.52947	-0.142252	-0.142252	-0.0681035
0.53946	-0.160346	-0.160346	-0.0767663
0.54945	-0.177693	-0.177693	-0.0850714
0.55944	-0.194213	-0.194213	-0.0929802
0.56943	-0.209828	-0.209828	-0.100456
0.57942	-0.224466	-0.224466	-0.107464
0.58941	-0.238059	-0.238059	-0.113972
0.5994	-0.250544	-0.250544	-0.119949
0.60939	-0.261863	-0.261863	-0.125368
0.61938	-0.271965	-0.271965	-0.130204
0.62937	-0.280801	-0.280801	-0.134435
0.63936	-0.288332	-0.288332	-0.13804
0.64935	-0.294523	-0.294523	-0.141004
0.65934	-0.299345	-0.299345	-0.143313
0.66933	-0.302777	-0.302777	-0.144956
0.67932	-0.304803	-0.304803	-0.145926
0.68931	-0.305413	-0.305413	-0.146218
0.6993	-0.304606	-0.304606	-0.145831
0.70929	-0.302386	-0.302386	-0.144769
0.71928	-0.298763	-0.298763	-0.143034
0.72927	-0.293755	-0.293755	-0.140636
0.73926	-0.287385	-0.287385	-0.137587
0.74925	-0.279683	-0.279683	-0.133899
0.75924	-0.270685	-0.270685	-0.129592
0.76923	-0.260434	-0.260434	-0.124684
0.77922	-0.248977	-0.248977	-0.119199
0.78921	-0.236368	-0.236368	-0.113162
0.7992	-0.222665	-0.222665	-0.106602
0.80919	-0.207933	-0.207933	-0.0995485
0.81918	-0.192239	-0.192239	-0.092035
0.82917	-0.175656	-0.175656	-0.0840961
0.83916	-0.158262	-0.158262	-0.0757686
0.84915	-0.140137	-0.140137	-0.0670912
0.85914	-0.121365	-0.121365	-0.0581041
0.86913	-0.102033	-0.102033	-0.0488488
0.87912	-0.0822304	-0.0822304	-0.0393681
0.88911	-0.0620484	-0.0620484	-0.0297059
0.8991	-0.0415803	-0.0415803	-0.0199067
0.90909	-0.0209207	-0.0209207	-0.0100159
0.91908	-0.000164653	-0.000164653	-7.88285e-005
0.92907	0.0205921	0.0205921	0.00985857
0.93906	0.0412542	0.0412542	0.0197506
0.94905	0.0617264	0.0617264	0.0295517
0.95904	0.0819147	0.0819147	0.039217
0.96903	0.101727	0.101727	0.048702
0.97902	0.121071	0.121071	0.0579632
0.98901	0.139859	0.139859	0.0669581
0.999	0.158005	0.158005	0.0756457
1.00899	0.175426	0.175426	0.0839861
1.01898	0.192043	0.192043	0.0919413
1.02897	0.207779	0.207779	0.0994749
1.03896	0.222562	0.222562	0.106553
1.04895	0.236326	0.236326	0.113142
1.05894	0.249008	0.249008	0.119214
1.06893	0.26055	0.26055	0.124739
1.07892	0.270901	0.270901	0.129695
1.08891	0.280012	0.280012	0.134057
1.0989	0.287844	0.287844	0.137806
1.10889	0.294361	0.294361	0.140926
1.11888	0.299533	0.299533	0.143403
1.12887	0.303339	0.303339	0.145225
1.13886	0.305761	0.305761	0.146384
1.14885	0.306789	0.306789	0.146876
1.15884	0.306419	0.306419	0.146699
1.16883	0.304653	0.304653	0.145854
1.17882	0.3015	0.3015	0.144345
1.18881	0.296976	0.296976	0.142178
1.1988	0.291101	0.291101	0.139366
1.20879	0.283902	0.283902	0.135919
1.21878	0.275414	0.275414	0.131856
1.22877	0.265676	0.265676	0.127193
1.23876	0.254731	0.254731	0.121954
1.24875	0.242632	0.242632	0.116161
1.25874	0.229432	0.229432	0.109842
1.26873	0.215193	0.215193	0.103025
1.27872	0.19998	0.19998	0.095741
1.28871	0.183861	0.183861	0.0880242
1.2987	0.166911	0.166911	0.0799092
1.30869	0.149206	0.149206	0.071433
1.31868	0.130827	0.130827	0.0626341
1.32867	0.111858	0.111858	0.0535524
1.33866	0.0923835	0.0923835	0.0442289
1.34865	0.0724925	0.0724925	0.0347061
1.35864	0.0522748	0.0522748	0.0250268
1.36863	0.0318216	0.0318216	0.0152347
1.37862	0.0112251	0.0112251	0.00537405
1.38861	-0.00942192	-0.00942192	-0.00451078
1.3986	-0.0300266	-0.0300266	-0.0143753
1.40859	-0.0504963	-0.0504963	-0.0241753
1.41858	-0.0707392	-0.0707392	-0.0338667
1.42857	-0.0906647	-0.0906647	-0.0434061
1.43856	-0.110184	-0.110184	-0.0527508
1.44855	-0.129209	-0.129209	-0.0618591
1.45854	-0.147655	-0.147655	-0.0706903
1.46853	-0.16544	-0.16544	-0.0792051
1.47852	-0.182485	-0.182485	-0.0873655
1.48851	-0.198714	-0.198714	-0.0951353
1.4985	-0.214056	-0.214056	-0.10248
1.50849	-0.228442	-0.228442	-0.109367
1.51848	-0.241808	-0.241808	-0.115767
1.52847	-0.254097	-0.254097	-0.12165
1.53846	-0.265253	-0.265253	-0.126991
1.54845	-0.275228	-0.275228	-0.131767
1.55844	-0.283979	-0.283979	-0.135956
1.56843	-0.291466	-0.291466	-0.139541
1.57842	-0.297659	-0.297659	-0.142505
1.58841	-0.30253	-0.30253	-0.144837
1.5984	-0.306059	-0.306059	-0.146527
1.60839	-0.30823	-0.30823	-0.147567
1.61838	-0.309036	-0.309036	-0.147952
1.62837	-0.308474	-0.308474	-0.147683
1.63836	-0.306547	-0.306547	-0.146761
1.64835	-0.303265	-0.303265	-0.145189
1.65834	-0.298643	-0.298643	-0.142976
1.66833	-0.292702	-0.292702	-0.140132
1.67832	-0.285471	-0.285471	-0.13667
1.68831	-0.276981	-0.276981	-0.132606
1.6983	-0.267271	-0.267271	-0.127957
1.70829	-0.256385	-0.256385	-0.122745
1.71828	-0.244371	-0.244371	-0.116994
1.72827	-0.231284	-0.231284	-0.110728
1.73826	-0.217181	-0.217181	-0.103976
1.74825	-0.202125	-0.202125	-0.0967683
1.75824	-0.186183	-0.186183	-0.089136
1.76823	-0.169426	-0.169426	-0.0811133
1.77822	-0.151927	-0.151927	-0.0727355
1.78821	-0.133763	-0.133763	-0.0640397
1.7982	-0.115015	-0.115015	-0.055064
1.80819	-0.095765	-0.095765	-0.0458479
1.81818	-0.076097	-0.076097	-0.0364317
1.82817	-0.0560972	-0.0560972	-0.0268568
1.83816	-0.0358531	-0.0358531	-0.0171648
1.84815	-0.015453	-0.015453	-0.00739819
1.85814	0.00501432	0.00501432	0.00240062
1.86813	0.0254599	0.0254599	0.012189
1.87812	0.0457949	0.0457949	0.0219245
1.88811	0.0659314	0.0659314	0.0315649
1.8981	0.0857822	0.0857822	0.0410685
1.90809	0.105262	0.105262	0.0503944
1.91808	0.124286	0.124286	0.0595022
1.92807	0.142773	0.142773	0.068353
1.93806	0.160643	0.160643	0.0769085
1.94805	0.177821	0.177821	0.0851323
1.95804	0.194232	0.194232	0.0929891
1.96803	0.209806	0.209806	0.100446
1.97802	0.224478	0.224478	0.10747
1.98801	0.238185	0.238185	0.114032
1.998	0.250869	0.250869	0.120105
2.00799	0.262477	0.262477	0.125662
2.01798	0.27296	0.27296	0.130681
2.02797	0.282273	0.282273	0.13514
2.03796	0.290379	0.290379	0.13902
2.04795	0.297244	0.297244	0.142307
2.05794	0.30284	0.30284	0.144986
2.06793	0.307143	0.307143	0.147046
2.07792	0.310137	0.310137	0.148479
2.08791	0.311811	0.311811	0.149281
2.0979	0.312158	0.312158	0.149447
2.10789	0.311179	0.311179	0.148978
2.11788	0.308878	0.308878	0.147877
2.12787	0.305268	0.305268	0.146148
2.13786	0.300364	0.300364	0.1438
2.14785	0.294188	0.294188	0.140844
2.15784	0.286769	0.286769	0.137292
2.16783	0.278138	0.278138	0.13316
2.17782	0.268333	0.268333	0.128465
2.18781	0.257397	0.257397	0.12323
2.1978	0.245377	0.245377	0.117475
2.20779	0.232325	0.232325	0.111227
2.21778	0.218297	0.218297	0.10451
2.22777	0.203352	0.203352	0.0973554
2.23776	0.187554	0.187554	0.0897921
2.24775	0.17097	0.17097	0.0818526
2.25774	0.153671	0.153671	0.0735707
2.26773	0.13573	0.13573	0.0649811
2.27772	0.117221	0.117221	0.0561202
2.28771	0.0982241	0.0982241	0.0470252
2.2977	0.0788176	0.0788176	0.0377342
2.30769	0.059083	0.059083	0.0282862
2.31768	0.0391027	0.0391027	0.0187206
2.32767	0.01896	0.01896	0.00907719
2.33766	-0.0012613	-0.0012613	-0.000603854
2.34765	-0.0214774	-0.0214774	-0.0102824
2.35764	-0.0416047	-0.0416047	-0.0199184
2.36763	-0.06156	-0.06156	-0.0294721
2.37762	-0.081261	-0.081261	-0.038904
2.38761	-0.100627	-0.100627	-0.0481755
2.3976	-0.119578	-0.119578	-0.0572485
2.40759	-0.138037	-0.138037	-0.0660859
2.41758	-0.155929	-0.155929	-0.0746517
2.42757	-0.173181	-0.173181	-0.082911
2.43756	-0.189722	-0.189722	-0.0908302
2.44755	-0.205486	-0.205486	-0.0983774
2.45754	-0.22041	-0.22041	-0.105522
2.46753	-0.234433	-0.234433	-0.112236
2.47752	-0.247499	-0.247499	-0.118491
2.48751	-0.259556	-0.259556	-0.124264
2.4975	-0.270556	-0.270556	-0.12953
2.50749	-0.280457	-0.280457	-0.13427
2.51748	-0.289218	-0.289218	-0.138464
2.52747	-0.296805	-0.296805	-0.142097
2.53746	-0.303191	-0.303191	-0.145154
2.54745	-0.308349	-0.308349	-0.147623
2.55744	-0.312261	-0.312261	-0.149496
2.56743	-0.314913	-0.314913	-0.150766
2.57742	-0.316295	-0.316295	-0.151427
2.58741	-0.316404	-0.316404	-0.151479
2.5974	-0.31524	-0.31524	-0.150922
2.60739	-0.312811	-0.312811	-0.149759
2.61738	-0.309127	-0.309127	-0.147996
2.62737	-0.304204	-0.304204	-0.145639
2.63736	-0.298065	-0.298065	-0.1427
2.64735	-0.290735	-0.290735	-0.139191
2.65734	-0.282245	-0.282245	-0.135126
2.66733	-0.272631	-0.272631	-0.130523
2.67732	-0.261931	-0.261931	-0.125401
2.68731	-0.250191	-0.250191	-0.11978
2.6973	-0.237458	-0.237458	-0.113684
2.70729	-0.223783	-0.223783	-0.107137
2.71728	-0.209224	-0.209224	-0.100167
2.72727	-0.193837	-0.193837	-0.0928001
2.73726	-0.177685	-0.177685	-0.0850672
2.74725	-0.160832	-0.160832	-0.0769991
2.75724	-0.143347	-0.143347	-0.0686279
2.76723	-0.125298	-0.125298	-0.059987
2.77722	-0.106758	-0.106758	-0.0511106
2.78721	-0.0877985	-0.0877985	-0.0420339
2.7972	-0.0684958	-0.0684958	-0.0327926
2.80719	-0.0489253	-0.0489253	-0.0234232
2.81718	-0.0291639	-0.0291639	-0.0139623
2.82717	-0.0092888	-0.0092888	-0.00444705
2.83716	0.0106225	0.0106225	0.00508554
2.84715	0.0304925	0.0304925	0.0145984
2.85714	0.0502442	0.0502442	0.0240546
2.86713	0.0698012	0.0698012	0.0334176
2.87712	0.0890882	0.0890882	0.0426513
2.88711	0.108031	0.108031	0.0517203
2.8971	0.126557	0.126557	0.0605898
2.90709	0.144596	0.144596	0.0692259
2.91708	0.162079	0.162079	0.0775958
2.92707	0.178939	0.178939	0.0856677
2.93706	0.195113	0.195113	0.0934112
2.94705	0.21054	0.21054	0.100797
2.95704	0.225163	0.225163	0.107798
2.96703	0.238926	0.238926	0.114387
2.97702	0.251779	0.251779	0.12054
2.98701	0.263673	0.263673	0.126235
2.997	0.274566	0.274566	0.13145
3.00699	0.284418	0.284418	0.136166
3.01698	0.293192	0.293192	0.140367
3.02697	0.300858	0.300858	0.144037
3.03696	0.307389	0.307389	0.147164
3.04695	0.312761	0.312761	0.149735
3.05694	0.316956	0.316956	0.151744
3.06693	0.31996	0.31996	0.153182
3.07692	0.321764	0.321764	0.154046
3.08691	0.322363	0.322363	0.154333
3.0969	0.321758	0.321758	0.154043
3.10689	0.319951	0.319951	0.153178
3.11688	0.316952	0.316952	0.151742
3.12687	0.312774	0.312774	0.149742
3.13686	0.307435	0.307435	0.147186
3.14685	0.300956	0.300956	0.144084
3.15684	0.293363	0.293363	0.140449
3.16683	0.284686	0.284686	0.136295
3.17682	0.274959	0.274959	0.131638
3.18681	0.26422	0.26422	0.126496
3.1968	0.252509	0.252509	0.12089
3.20679	0.239872	0.239872	0.11484
3.21678	0.226356	0.226356	0.108369
3.22677	0.212012	0.212012	0.101502
3.23676	0.196895	0.196895	0.0942641
3.24675	0.18106	0.18106	0.086683
3.25674	0.164566	0.164566	0.0787865
3.26673	0.147475	0.147475	0.070604
3.27672	0.129849	0.129849	0.0621656
3.28671	0.111753	0.111753	0.0535023
3.2967	0.0932541	0.0932541	0.0446458
3.30669	0.0744188	0.0744188	0.0356283
3.31668	0.0553157	0.0553157	0.0264826
3.32667	0.0360138	0.0360138	0.0172418
3.33666	0.0165829	0.0165829	0.00793911
3.34665	-0.00290745	-0.00290745	-0.00139195
3.35664	-0.0223874	-0.0223874	-0.0107181
3.36663	-0.0417876	-0.0417876	-0.020006
3.37662	-0.0610391	-0.0610391	-0.0292227
3.38661	-0.0800738	-0.0800738	-0.0383356
3.3966	-0.0988247	-0.0988247	-0.0473127
3.40659	-0.117226	-0.117226	-0.0561224
3.41658	-0.135213	-0.135213	-0.0647339
3.42657	-0.152724	-0.152724	-0.0731173
3.43656	-0.169698	-0.169698	-0.0812434
3.44655	-0.186075	-0.186075	-0.0890844
3.45654	-0.201801	-0.201801	-0.0966131
3.46653	-0.216821	-0.216821	-0.103804
3.47652	-0.231085	-0.231085	-0.110633
3.48651	-0.244543	-0.244543	-0.117076
3.4965	-0.257152	-0.257152	-0.123112
3.50649	-0.268868	-0.268868	-0.128721
3.51648	-0.279653	-0.279653	-0.133885
3.52647	-0.289472	-0.289472	-0.138586
3.53646	-0.298293	-0.298293	-0.142809
3.54645	-0.306087	-0.306087	-0.14654
3.55644	-0.31283	-0.31283	-0.149769
3.56643	-0.318501	-0.318501	-0.152483
3.57642	-0.323082	-0.323082	-0.154677
3.58641	-0.326561	-0.326561	-0.156342
3.5964	-0.328928	-0.328928	-0.157475
3.60639	-0.330177	-0.330177	-0.158073
3.61638	-0.330305	-0.330305	-0.158135
3.62637	-0.329316	-0.329316	-0.157662
3.63636	-0.327215	-0.327215	-0.156656
3.64635	-0.324011	-0.324011	-0.155122
3.65634	-0.319718	-0.319718	-0.153066
3.66633	-0.314352	-0.314352	-0.150497
3.67632	-0.307933	-0.307933	-0.147424
3.68631	-0.300486	-0.300486	-0.143859
3.6963	-0.292037	-0.292037	-0.139814
3.70629	-0.282617	-0.282617	-0.135304
3.71628	-0.272258	-0.272258	-0.130345
3.72627	-0.260998	-0.260998	-0.124954
3.73626	-0.248876	-0.248876	-0.11915
3.74625	-0.235934	-0.235934	-0.112954
3.75624	-0.222215	-0.222215	-0.106386
3.76623	-0.207767	-0.207767	-0.0994694
3.77622	-0.192639	-0.192639	-0.0922268
3.78621	-0.176882	-0.176882	-0.0846829
3.7962	-0.160548	-0.160548	-0.076863
3.80619	-0.143692	-0.143692	-0.0687932
3.81618	-0.12637	-0.12637	-0.0605002
3.82617	-0.108639	-0.108639	-0.0520115
3.83616	-0.0905575	-0.0905575	-0.0433548
3.84615	-0.0721841	-0.0721841	-0.0345584
3.85614	-0.0535786	-0.0535786	-0.025651
3.86613	-0.0348014	-0.0348014	-0.0166613
3.87612	-0.0159129	-0.0159129	-0.00761836
3.88611	0.00302641	0.00302641	0.00144891
3.8961	0.0219561	0.0219561	0.0105116
3.90609	0.0408161	0.0408161	0.0195409
3.91608	0.0595469	0.0595469	0.0285083
3.92607	0.0780896	0.0780896	0.0373857
3.93606	0.0963862	0.0963862	0.0461453
3.94605	0.11438	0.11438	0.0547598
3.95604	0.132015	0.132015	0.0632026
3.96603	0.149237	0.149237	0.0714478
3.97602	0.165994	0.165994	0.0794701
3.98601	0.182234	0.182234	0.087245
3.996	0.197908	0.197908	0.0947492
4.00599	0.212969	0.212969	0.10196
4.01598	0.227373	0.227373	0.108856
4.02597	0.241077	0.241077	0.115417
4.03596	0.25404	0.25404	0.121623
4.04595	0.266225	0.266225	0.127456
4.05594	0.277596	0.277596	0.1329
4.06593	0.288121	0.288121	0.137939
4.07592	0.29777	0.29777	0.142558
4.08591	0.306516	0.306516	0.146746
4.0959	0.314336	0.314336	0.15049
4.10589	0.321208	0.321208	0.153779
4.11588	0.327113	0.327113	0.156607
4.12587	0.332038	0.332038	0.158965
4.13586	0.33597	0.33597	0.160847
4.14585	0.338899	0.338899	0.162249
4.15584	0.340821	0.340821	0.163169
4.16583	0.341731	0.341731	0.163605
4.17582	0.341631	0.341631	0.163557
4.18581	0.340523	0.340523	0.163027
4.1958	0.338414	0.338414	0.162017
4.20579	0.335312	0.335312	0.160532
4.21578	0.331229	0.331229	0.158577
4.22577	0.326181	0.326181	0.15616
4.23576	0.320184	0.320184	0.153289
4.24575	0.313259	0.313259	0.149974
4.25574	0.305428	0.305428	0.146225
4.26573	0.296717	0.296717	0.142055
4.27572	0.287153	0.287153	0.137476
4.28571	0.276767	0.276767	0.132503
4.2957	0.265589	0.265589	0.127152
4.30569	0.253656	0.253656	0.121439
4.31568	0.241001	0.241001	0.11538
4.32567	0.227665	0.227665	0.108996
4.33566	0.213686	0.213686	0.102303
4.34565	0.199106	0.199106	0.0953227
4.35564	0.183967	0.183967	0.0880749
4.36563	0.168314	0.168314	0.0805808
4.37562	0.152191	0.152191	0.072862
4.38561	0.135645	0.135645	0.0649408
4.3956	0.118724	0.118724	0.0568396
4.40559	0.101475	0.101475	0.0485814
4.41558	0.0839461	0.0839461	0.0401895
4.42557	0.0661871	0.0661871	0.0316873
4.43556	0.048247	0.048247	0.0230984
4.44555	0.0301753	0.0301753	0.0144466
4.45554	0.0120216	0.0120216	0.00575541
4.46553	-0.00616464	-0.00616464	-0.00295135
4.47552	-0.0243343	-0.0243343	-0.0116501
4.48551	-0.0424385	-0.0424385	-0.0203176
4.4955	-0.0604289	-0.0604289	-0.0289306
4.50549	-0.0782579	-0.0782579	-0.0374663
4.51548	-0.0958783	-0.0958783	-0.0459021
4.52547	-0.113244	-0.113244	-0.0542161
4.53546	-0.130311	-0.130311	-0.0623867
4.54545	-0.147033	-0.147033	-0.0703927
4.55544	-0.16337	-0.16337	-0.0782138
4.56543	-0.179278	-0.179278	-0.0858301
4.57542	-0.194719	-0.194719	-0.0932223
4.58541	-0.209653	-0.209653	-0.100372
4.5954	-0.224044	-0.224044	-0.107262
4.60539	-0.237856	-0.237856	-0.113875
4.61538	-0.251057	-0.251057	-0.120194
4.62537	-0.263613	-0.263613	-0.126206
4.63536	-0.275496	-0.275496	-0.131895
4.64535	-0.286678	-0.286678	-0.137248
4.65534	-0.297133	-0.297133	-0.142254
4.66533	-0.306837	-0.306837	-0.146899
4.67532	-0.315768	-0.315768	-0.151175
4.68531	-0.323908	-0.323908	-0.155072
4.6953	-0.331237	-0.331237	-0.158581
4.70529	-0.337742	-0.337742	-0.161696
4.71528	-0.34341	-0.34341	-0.164409
4.72527	-0.348228	-0.348228	-0.166716
4.73526	-0.35219	-0.35219	-0.168612
4.74525	-0.355288	-0.355288	-0.170095
4.75524	-0.357518	-0.357518	-0.171163
4.76523	-0.358878	-0.358878	-0.171814
4.77522	-0.359368	-0.359368	-0.172049
4.78521	-0.358991	-0.358991	-0.171868
4.7952	-0.35775	-0.35775	-0.171274
4.80519	-0.355652	-0.355652	-0.17027
4.81518	-0.352706	-0.352706	-0.168859
4.82517	-0.348922	-0.348922	-0.167048
4.83516	-0.344312	-0.344312	-0.164841
4.84515	-0.33889	-0.33889	-0.162245
4.85514	-0.332673	-0.332673	-0.159269
4.86513	-0.325679	-0.325679	-0.15592
4.87512	-0.317926	-0.317926	-0.152208
4.88511	-0.309436	-0.309436	-0.148144
4.8951	-0.300232	-0.300232	-0.143737
4.90509	-0.290338	-0.290338	-0.139001
4.91508	-0.279779	-0.279779	-0.133946
4.92507	-0.268583	-0.268583	-0.128585
4.93506	-0.256777	-0.256777	-0.122933
4.94505	-0.244391	-0.244391	-0.117003
4.95504	-0.231455	-0.231455	-0.11081
4.96503	-0.218001	-0.218001	-0.104369
4.97502	-0.20406	-0.20406	-0.0976945
4.98501	-0.189666	-0.189666	-0.0908035
4.995	-0.174854	-0.174854	-0.0837119
5.00499	-0.159656	-0.159656	-0.076436
5.01498	-0.144109	-0.144109	-0.0689927
5.02497	-0.128248	-0.128248	-0.061399
5.03496	-0.112108	-0.112108	-0.0536721
5.04495	-0.095726	-0.095726	-0.0458292
5.05494	-0.0791382	-0.0791382	-0.0378877
5.06493	-0.062381	-0.062381	-0.0298652
5.07492	-0.045491	-0.045491	-0.021779
5.08491	-0.0285045	-0.0285045	-0.0136466
5.0949	-0.0114578	-0.0114578	-0.00548546
5.10489	0.00561298	0.00561298	0.00268723
5.11488	0.022672	0.022672	0.0108543
5.12487	0.039684	0.039684	0.0189989
5.13486	0.0566139	0.0566139	0.0271041
5.14485	0.0734272	0.0734272	0.0351536
5.15484	0.0900902	0.0900902	0.043131
5.16483	0.10657	0.10657	0.0510206
5.17482	0.122833	0.122833	0.0588067
5.18481	0.138848	0.138848	0.0664742
5.1948	0.154585	0.154585	0.0740082
5.20479	0.170013	0.170013	0.0813945
5.21478	0.185104	0.185104	0.088619
5.22477	0.199828	0.199828	0.0956685
5.23476	0.21416	0.21416	0.10253
5.24475	0.228073	0.228073	0.109191
5.25474	0.241542	0.241542	0.115639
5.26473	0.254545	0.254545	0.121864
5.27472	0.267057	0.267057	0.127855
5.28471	0.279059	0.279059	0.1336
5.2947	0.290529	0.290529	0.139092
5.30469	0.30145	0.30145	0.14432
5.31468	0.311803	0.311803	0.149277
5.32467	0.321573	0.321573	0.153954
5.33466	0.330745	0.330745	0.158345
5.34465	0.339304	0.339304	0.162443
5.35464	0.34724	0.34724	0.166243
5.36463	0.354541	0.354541	0.169738
5.37462	0.361197	0.361197	0.172924
5.38461	0.3672	0.3672	0.175798
5.3946	0.372544	0.372544	0.178357
5.40459	0.377222	0.377222	0.180596
5.41458	0.38123	0.38123	0.182516
5.42457	0.384566	0.384566	0.184113
5.43456	0.387228	0.387228	0.185387
5.44455	0.389215	0.389215	0.186338
5.45454	0.390527	0.390527	0.186967
5.46453	0.391168	0.391168	0.187273
5.47452	0.39114	0.39114	0.18726
5.48451	0.390447	0.390447	0.186928
5.4945	0.389094	0.389094	0.18628
5.50449	0.38709	0.38709	0.185321
5.51448	0.38444	0.38444	0.184052
5.52447	0.381153	0.381153	0.182479
5.53446	0.37724	0.37724	0.180605
5.54445	0.372711	0.372711	0.178437
5.55444	0.367577	0.367577	0.175979
5.56443	0.361851	0.361851	0.173237
5.57442	0.355545	0.355545	0.170219
5.58441	0.348675	0.348675	0.16693
5.5944	0.341255	0.341255	0.163377
5.60439	0.333299	0.333299	0.159568
5.61438	0.324826	0.324826	0.155511
5.62437	0.31585	0.31585	0.151214
5.63436	0.30639	0.30639	0.146686
5.64435	0.296464	0.296464	0.141933
5.65434	0.28609	0.28609	0.136967
5.66433	0.275287	0.275287	0.131795
5.67432	0.264074	0.264074	0.126426
5.68431	0.252471	0.252471	0.120872
5.6943	0.240498	0.240498	0.115139
5.70429	0.228175	0.228175	0.10924
5.71428	0.215523	0.215523	0.103183
5.72427	0.202563	0.202563	0.0969777
5.73426	0.189314	0.189314	0.090635
5.74425	0.175799	0.175799	0.0841647
5.75424	0.162039	0.162039	0.0775767
5.76423	0.148053	0.148053	0.0708812
5.77422	0.133865	0.133865	0.0640882
5.78421	0.119493	0.119493	0.0572079
5.7942	0.104961	0.104961	0.0502503
5.80419	0.0902872	0.0902872	0.0432254
5.81418	0.0754938	0.0754938	0.036143
5.82417	0.060601	0.060601	0.029013
5.83416	0.0456291	0.0456291	0.0218451
5.84415	0.0305982	0.0305982	0.014649
5.85414	0.0155279	0.0155279	0.00743407
5.86413	0.000437979	0.000437979	0.000209684
5.87412	-0.0146526	-0.0146526	-0.00701498
5.88411	-0.0297249	-0.0297249	-0.0142309
5.8941	-0.0447605	-0.0447605	-0.0214293
5.90409	-0.0597414	-0.0597414	-0.0286014
5.91408	-0.07465	-0.07465	-0.035739
5.92407	-0.089469	-0.089469	-0.0428336
5.93406	-0.104182	-0.104182	-0.0498774
5.94405	-0.118772	-0.118772	-0.0568626
5.95404	-0.133224	-0.133224	-0.0637815
5.96403	-0.147522	-0.147522	-0.070627
5.97402	-0.161653	-0.161653	-0.0773919
5.98401	-0.175601	-0.175601	-0.0840695
5.994	-0.189352	-0.189352	-0.0906532
6.00399	-0.202895	-0.202895	-0.0971368
6.01398	-0.216216	-0.216216	-0.103514
6.02397	-0.229303	-0.229303	-0.10978
6.03396	-0.242145	-0.242145	-0.115928
6.04395	-0.254731	-0.254731	-0.121954
6.05394	-0.267052	-0.267052	-0.127852
6.06393	-0.279096	-0.279096	-0.133618
6.07392	-0.290856	-0.290856	-0.139248
6.08391	-0.302322	-0.302322	-0.144738
6.0939	-0.313487	-0.313487	-0.150083
6.10389	-0.324343	-0.324343	-0.155281
6.11388	-0.334884	-0.334884	-0.160327
6.12387	-0.345104	-0.345104	-0.16522
6.13386	-0.354997	-0.354997	-0.169956
6.14385	-0.364557	-0.364557	-0.174533
6.15384	-0.373781	-0.373781	-0.178949
6.16383	-0.382665	-0.382665	-0.183202
6.17382	-0.391204	-0.391204	-0.187291
6.18381	-0.399397	-0.399397	-0.191213
6.1938	-0.407241	-0.407241	-0.194968
6.20379	-0.414733	-0.414733	-0.198555
6.21378	-0.421874	-0.421874	-0.201974
6.22377	-0.428661	-0.428661	-0.205223
6.23376	-0.435095	-0.435095	-0.208303
6.24375	-0.441175	-0.441175	-0.211214
6.25374	-0.446903	-0.446903	-0.213956
6.26373	-0.452278	-0.452278	-0.21653
6.27372	-0.457304	-0.457304	-0.218936
6.28371	-0.46198	-0.46198	-0.221175
6.2937	-0.46631	-0.46631	-0.223248
6.30369	-0.470297	-0.470297	-0.225156
6.31368	-0.473942	-0.473942	-0.226902
6.32367	-0.47725	-0.47725	-0.228485
6.33366	-0.480224	-0.480224	-0.229909
6.34365	-0.482868	-0.482868	-0.231175
6.35364	-0.485187	-0.485187	-0.232285
6.36363	-0.487184	-0.487184	-0.233241
6.37362	-0.488866	-0.488866	-0.234046
6.38361	-0.490236	-0.490236	-0.234702
6.3936	-0.491301	-0.491301	-0.235212
6.40359	-0.492065	-0.492065	-0.235578
6.41358	-0.492535	-0.492535	-0.235803
6.42357	-0.492717	-0.492717	-0.23589
6.43356	-0.492617	-0.492617	-0.235842
6.44355	-0.492241	-0.492241	-0.235662
6.45354	-0.491596	-0.491596	-0.235354
6.46353	-0.490688	-0.490688	-0.234919
6.47352	-0.489525	-0.489525	-0.234362
6.48351	-0.488113	-0.488113	-0.233686
6.4935	-0.486459	-0.486459	-0.232894
6.50349	-0.48457	-0.48457	-0.23199
6.51348	-0.482454	-0.482454	-0.230977
6.52347	-0.480118	-0.480118	-0.229858
6.53346	-0.477569	-0.477569	-0.228638
6.54345	-0.474814	-0.474814	-0.227319
6.55344	-0.471861	-0.471861	-0.225905
6.56343	-0.468717	-0.468717	-0.2244
6.57342	-0.46539	-0.46539	-0.222807
6.58341	-0.461887	-0.461887	-0.22113
6.5934	-0.458215	-0.458215	-0.219372
6.60339	-0.454382	-0.454382	-0.217537
6.61338	-0.450395	-0.450395	-0.215628
6.62337	-0.446262	-0.446262	-0.213649
6.63336	-0.441989	-0.441989	-0.211604
6.64335	-0.437583	-0.437583	-0.209495
6.65334	-0.433053	-0.433053	-0.207326
6.66333	-0.428404	-0.428404	-0.2051
6.67332	-0.423645	-0.423645	-0.202822
6.68331	-0.418781	-0.418781	-0.200493
6.6933	-0.413819	-0.413819	-0.198118
6.70329	-0.408767	-0.408767	-0.195699
6.71328	-0.403631	-0.403631	-0.19324
6.72327	-0.398416	-0.398416	-0.190743
6.73326	-0.393131	-0.393131	-0.188213
6.74325	-0.38778	-0.38778	-0.185651
6.75324	-0.38237	-0.38237	-0.183061
6.76323	-0.376906	-0.376906	-0.180445
6.77322	-0.371396	-0.371396	-0.177807
6.78321	-0.365844	-0.365844	-0.175149
6.7932	-0.360255	-0.360255	-0.172474
6.80319	-0.354636	-0.354636	-0.169784
6.81318	-0.348992	-0.348992	-0.167081
6.82317	-0.343328	-0.343328	-0.164369
6.83316	-0.337648	-0.337648	-0.16165
6.84315	-0.331958	-0.331958	-0.158926
6.85314	-0.326262	-0.326262	-0.156199
6.86313	-0.320565	-0.320565	-0.153472
6.87312	-0.314872	-0.314872	-0.150746
6.88311	-0.309186	-0.309186	-0.148024
6.8931	-0.303511	-0.303511	-0.145307
6.90309	-0.297853	-0.297853	-0.142598
6.91308	-0.292213	-0.292213	-0.139898
6.92307	-0.286597	-0.286597	-0.137209
6.93306	-0.281007	-0.281007	-0.134533
6.94305	-0.275448	-0.275448	-0.131872
6.95304	-0.269921	-0.269921	-0.129226
6.96303	-0.264431	-0.264431	-0.126597
6.97302	-0.25898	-0.25898	-0.123988
6.98301	-0.25357	-0.25357	-0.121398
6.993	-0.248206	-0.248206	-0.11883
7.00299	-0.242888	-0.242888	-0.116284
7.01298	-0.23762	-0.23762	-0.113762
7.02297	-0.232404	-0.232404	-0.111264
7.03296	-0.227242	-0.227242	-0.108793
7.04295	-0.222135	-0.222135	-0.106348
7.05294	-0.217086	-0.217086	-0.103931
7.06293	-0.212097	-0.212097	-0.101542
7.07292	-0.207169	-0.207169	-0.0991829
7.08291	-0.202303	-0.202303	-0.0968534
7.0929	-0.197501	-0.197501	-0.0945546
7.10289	-0.192765	-0.192765	-0.092287
7.11288	-0.188095	-0.188095	-0.0900512
7.12287	-0.183492	-0.183492	-0.0878476
7.13286	-0.178958	-0.178958	-0.0856768
7.14285	-0.174493	-0.174493	-0.0835392
7.15284	-0.170098	-0.170098	-0.0814351
7.16283	-0.165774	-0.165774	-0.0793649
7.17282	-0.161521	-0.161521	-0.0773287
7.18281	-0.157339	-0.157339	-0.0753269
7.1928	-0.15323	-0.15323	-0.0733596
7.20279	-0.149194	-0.149194	-0.071427
7.21278	-0.145229	-0.145229	-0.0695292
7.22277	-0.141338	-0.141338	-0.0676662
7.23276	-0.13752	-0.13752	-0.0658382
7.24275	-0.133774	-0.133774	-0.064045
7.25274	-0.130102	-0.130102	-0.0622868
7.26273	-0.126502	-0.126502	-0.0605634
7.27272	-0.122975	-0.122975	-0.0588747
7.28271	-0.11952	-0.11952	-0.0572206
7.2927	-0.116137	-0.116137	-0.055601
7.30269	-0.112826	-0.112826	-0.0540158
7.31268	-0.109586	-0.109586	-0.0524646
7.32267	-0.106417	-0.106417	-0.0509474
7.33266	-0.103318	-0.103318	-0.0494638
7.34265	-0.100289	-0.100289	-0.0480137
7.35264	-0.0973291	-0.0973291	-0.0465967
7.36263	-0.0944378	-0.0944378	-0.0452125
7.37262	-0.0916146	-0.0916146	-0.0438608
7.38261	-0.0888586	-0.0888586	-0.0425414
7.3926	-0.0861691	-0.0861691	-0.0412538
7.40259	-0.0835454	-0.0835454	-0.0399977
7.41258	-0.0809868	-0.0809868	-0.0387727
7.42257	-0.0784924	-0.0784924	-0.0375785
7.43256	-0.0760614	-0.0760614	-0.0364147
7.44255	-0.0736929	-0.0736929	-0.0352808
7.45254	-0.0713862	-0.0713862	-0.0341764
7.46253	-0.0691404	-0.0691404	-0.0331012
7.47252	-0.0669545	-0.0669545	-0.0320547
7.48251	-0.0648276	-0.0648276	-0.0310365
7.4925	-0.062759	-0.062759	-0.0300461
7.50249	-0.0607475	-0.0607475	-0.0290831
7.51248	-0.0587924	-0.0587924	-0.0281471
7.52247	-0.0568926	-0.0568926	-0.0272376
7.53246	-0.0550473	-0.0550473	-0.0263541
7.54245	-0.0532555	-0.0532555	-0.0254963
7.55244	-0.0515163	-0.0515163	-0.0246636
7.56243	-0.0498286	-0.0498286	-0.0238557
7.57242	-0.0481917	-0.0481917	-0.023072
7.58241	-0.0466045	-0.0466045	-0.0223121
7.5924	-0.0450661	-0.0450661	-0.0215756
7.60239	-0.0435756	-0.0435756	-0.020862
7.61238	-0.042132	-0.042132	-0.0201709
7.62237	-0.0407345	-0.0407345	-0.0195018
7.63236	-0.0393821	-0.0393821	-0.0188543
7.64235	-0.0380739	-0.0380739	-0.018228
7.65234	-0.0368091	-0.0368091	-0.0176225
7.66233	-0.0355867	-0.0355867	-0.0170373
7.67232	-0.034406	-0.034406	-0.016472
7.68231	-0.0332659	-0.0332659	-0.0159262
7.6923	-0.0321658	-0.0321658	-0.0153995
7.70229	-0.0311048	-0.0311048	-0.0148915
7.71228	-0.030082	-0.030082	-0.0144019
7.72227	-0.0290967	-0.0290967	-0.0139302
7.73226	-0.0281481	-0.0281481	-0.013476
7.74225	-0.0272354	-0.0272354	-0.0130391
7.75224	-0.0263579	-0.0263579	-0.0126189
7.76223	-0.0255148	-0.0255148	-0.0122153
7.77222	-0.0247055	-0.0247055	-0.0118279
7.78221	-0.0239293	-0.0239293	-0.0114562
7.7922	-0.0231854	-0.0231854	-0.0111001
7.80219	-0.0224733	-0.0224733	-0.0107592
7.81218	-0.0217924	-0.0217924	-0.0104332
7.82217	-0.0211419	-0.0211419	-0.0101218
7.83216	-0.0205214	-0.0205214	-0.00982469
7.84215	-0.0199302	-0.0199302	-0.00954167
7.85214	-0.0193679	-0.0193679	-0.00927247
7.86213	-0.0188339	-0.0188339	-0.00901683
7.87212	-0.0183278	-0.0183278	-0.00877452
7.88211	-0.0178491	-0.0178491	-0.00854532
7.8921	-0.0173973	-0.0173973	-0.00832902
7.90209	-0.016972	-0.016972	-0.00812543
7.91208	-0.016573	-0.016573	-0.00793437
7.92207	-0.0161997	-0.0161997	-0.00775566
7.93206	-0.0158519	-0.0158519	-0.00758915
7.94205	-0.0155293	-0.0155293	-0.0074347
7.95204	-0.0152316	-0.0152316	-0.00729218
7.96203	-0.0149586	-0.0149586	-0.00716148
7.97202	-0.01471	-0.01471	-0.00704249
7.98201	-0.0144858	-0.0144858	-0.00693514
7.992	-0.0142858	-0.0142858	-0.00683936
8.00199	-0.0141098	-0.0141098	-0.0067551
8.01198	-0.0139577	-0.0139577	-0.00668232
8.02197	-0.0138297	-0.0138297	-0.00662101
8.03196	-0.0137256	-0.0137256	-0.00657117
8.04195	-0.0136455	-0.0136455	-0.00653282
8.05194	-0.0135894	-0.0135894	-0.00650598
8.06193	-0.0135576	-0.0135576	-0.00649073
8.07192	-0.0135501	0	-0.00648714
8.08191	-0.0135671	0	-0.00649531
8.0919	-0.013609	0	-0.00651535
8.10189	-0.0136759	0	-0.00654741
8.11188	-0.0137684	0	-0.00659165
8.12187	-0.0138866	0	-0.00664827
8.13186	-0.0140312	0	-0.00671747
8.14185	-0.0142025	0	-0.00679949
8.15184	-0.0144012	0	-0.00689461
8.16183	-0.0146278	0	-0.00700312
8.17182	-0.0148831	0	-0.00712534
8.18181	-0.0151678	0	-0.00726163
8.1918	-0.0154826	0	-0.00741237
8.20179	-0.0158286	0	-0.00757799
8.21178	-0.0162065	0	-0.00775894
8.22177	-0.0166176	0	-0.00795572
8.23176	-0.0170627	0	-0.00816886
8.24175	-0.0175433	0	-0.00839892
8.25174	-0.0180605	0	-0.00864654
8.26173	-0.0186157	0	-0.00891235
8.27172	-0.0192105	0	-0.00919708
8.28171	-0.0198463	0	-0.00950148
8.2917	-0.0205248	0	-0.00982635
8.30169	-0.021248	0	-0.0101726
8.31168	-0.0220176	0	-0.010541
8.32167	-0.0228358	0	-0.0109327
8.33166	-0.0237047	0	-0.0113487
8.34165	-0.0246266	0	-0.0117901
8.35164	-0.0256041	0	-0.0122581
8.36163	-0.0266397	0	-0.0127539
8.37162	-0.0277362	0	-0.0132788
8.38161	-0.0288967	0	-0.0138344
8.3916	-0.0301242	0	-0.0144221
8.40159	-0.0314222	0	-0.0150435
8.41158	-0.0327942	0	-0.0157003
8.42157	-0.0342439	0	-0.0163944
8.43156	-0.0357754	0	-0.0171276
8.44155	-0.0373929	0	-0.017902
8.45154	-0.039101	0	-0.0187198
8.46153	-0.0409045	0	-0.0195832
8.47152	-0.0428084	0	-0.0204947
8.48151	-0.0448181	0	-0.0214569
8.4915	-0.0469394	0	-0.0224724
8.50149	-0.0491784	0	-0.0235443
8.51148	-0.0515414	0	-0.0246757
8.52147	-0.0540354	0	-0.0258697
8.53146	-0.0566675	0	-0.0271298
8.54145	-0.0594455	0	-0.0284598
8.55144	-0.0623776	0	-0.0298635
8.56143	-0.0654723	0	-0.0313451
8.57142	-0.068739	0	-0.0329091
8.58141	-0.0721872	0	-0.0345599
8.5914	-0.0758275	0	-0.0363027
8.60139	-0.0796707	0	-0.0381427
8.61138	-0.0837286	0	-0.0400854
8.62137	-0.0880134	0	-0.0421368
8.63136	-0.0925383	0	-0.0443031
8.64135	-0.0973173	0	-0.0465911
8.65134	-0.102365	0	-0.0490077
8.66133	-0.107698	0	-0.0515607
8.67132	-0.113331	0	-0.0542578
8.68131	-0.119284	0	-0.0571076
8.6913	-0.125574	0	-0.0601192
8.70129	-0.132222	0	-0.063302
8.71128	-0.13925	0	-0.0666663
8.72127	-0.146678	0	-0.0702228
8.73126	-0.154533	0	-0.0739831
8.74125	-0.162838	0	-0.0779593
8.75124	-0.171621	0	-0.0821644
8.76123	-0.180912	0	-0.0866121
8.77122	-0.190739	0	-0.0913172
8.78121	-0.201137	0	-0.0962952
8.7912	-0.212139	0	-0.101563
8.80119	-0.223783	0	-0.107137
8.81118	-0.236108	0	-0.113037
8.82117	-0.249154	0	-0.119283
8.83116	-0.262967	0	-0.125896
8.84115	-0.277593	0	-0.132899
8.85114	-0.293083	0	-0.140315
8.86113	-0.309491	0	-0.14817
8.87112	-0.326872	0	-0.156491
8.88111	-0.345287	0	-0.165308
8.8911	-0.364801	0	-0.17465
8.90109	-0.385483	0	-0.184551
8.91108	-0.407405	0	-0.195047
8.92107	-0.430645	0	-0.206173
8.93106	-0.455286	0	-0.21797
8.94105	-0.481416	0	-0.23048
8.95104	-0.509129	0	-0.243748
8.96103	-0.538526	0	-0.257821
8.97102	-0.569713	0	-0.272753
8.98101	-0.602805	0	-0.288595
8.991	-0.637922	0	-0.305408
9.00099	-0.675194	0	-0.323252
9.01098	-0.714759	0	-0.342194
9.02097	-0.756765	0	-0.362304
9.03096	-0.801368	0	-0.383658
9.04095	-0.848735	0	-0.406335
9.05094	-0.899047	0	-0.430422
9.06093	-0.952492	0	-0.456009
9.07092	-1.00928	0	-0.483195
9.08091	-1.06961	0	-0.512082
9.0909	-1.13374	0	-0.542782
9.10089	-1.2019	0	-0.575414
9.11088	-1.27436	0	-0.610104
9.12087	-1.3514	0	-0.646987
9.13086	-1.43332	0	-0.686208
9.14085	-1.52045	0	-0.727921
9.15084	-1.61313	0	-0.77229
9.16083	-1.71172	0	-0.819492
9.17082	-1.81662	0	-0.869715
9.18081	-1.92826	0	-0.92316
9.1908	-2.04707	0	-0.980041
9.20079	-2.17353	0	-1.04059
9.21078	-2.30817	0	-1.10505
9.22077	-2.45153	0	-1.17368
9.23076	-2.6042	0	-1.24677
9.24075	-2.7668	0	-1.32462
9.25074	-2.94001	0	-1.40754
9.26073	-3.12453	0	-1.49588
9.27072	-3.32115	0	-1.59001
9.28071	-3.53069	0	-1.69033
9.2907	-3.75401	0	-1.79725
9.30069	-3.99208	0	-1.91122
9.31068	-4.24588	0	-2.03273
9.32067	-4.51652	0	-2.1623
9.33066	-4.80513	0	-2.30047
9.34065	-5.11296	0	-2.44785
9.35064	-5.44134	0	-2.60506
9.36063	-5.79168	0	-2.77279
9.37062	-6.16552	0	-2.95177
9.38061	-6.56447	0	-3.14277
9.3906	-6.9903	0	-3.34663
9.40059	-7.44486	0	-3.56426
9.41058	-7.93018	0	-3.7966
9.42057	-8.4484	0	-4.0447
9.43056	-9.00183	0	-4.30966
9.44055	-9.59296	0	-4.59267
9.45054	-10.2244	0	-4.89499
9.46053	-10.8991	0	-5.21798
9.47052	-11.62	0	-5.56312
9.48051	-12.3905	0	-5.93198
9.4905	-13.2139	0	-6.32623
9.50049	-14.0942	0	-6.74768
9.51048	-15.0354	0	-7.19827
9.52047	-16.0418	0	-7.6801
9.53046	-17.1182	0	-8.19538
9.54045	-18.2694	0	-8.74653
9.55044	-19.5009	0	-9.33612
9.56043	-20.8185	0	-9.96693
9.57042	-22.2284	0	-10.6419
9.58041	-23.7372	0	-11.3643
9.5904	-25.3522	0	-12.1375
9.60039	-27.081	0	-12.9652
9.61038	-28.932	0	-13.8513
9.62037	-30.914	0	-14.8002
9.63036	-33.0366	0	-15.8164
9.64035	-35.3101	0	-16.9048
9.65034	-37.7455	0	-18.0708
9.66033	-40.3548	0	-19.32
9.67032	-43.1507	0	-20.6586
9.68031	-46.147	0	-22.0931
9.6903	-49.3586	0	-23.6306
9.70029	-52.8012	0	-25.2788
9.71028	-56.4922	0	-27.0459
9.72027	-60.4499	0	-28.9406
9.73026	-64.6942	0	-30.9726
9.74025	-69.2465	0	-33.152
9.75024	-74.1297	0	-35.4899
9.76023	-79.3688	0	-37.9981
9.77022	-84.9903	0	-40.6894
9.78021	-91.023	0	-43.5776
9.7902	-97.4978	0	-46.6775
9.80019	-104.448	0	-50.005
9.81018	-111.91	0	-53.5774
9.82017	-119.922	0	-57.4132
9.83016	-128.526	0	-61.5324
9.84015	-137.767	0	-65.9565
9.85014	-147.693	0	-70.7088
9.86013	-158.358	0	-75.8143
9.87012	-169.816	0	-81.2999
9.88011	-182.129	0	-87.1949
9.8901	-195.362	0	-93.5305
9.90009	-209.587	0	-100.341
9.91008	-224.879	0	-107.662
9.92007	-241.321	0	-115.534
9.93006	-259.002	0	-123.998
9.94005	-278.018	0	-133.102
9.95004	-298.471	0	-142.894
9.96003	-320.475	0	-153.428
9.97002	-344.148	0	-164.762
9.98001	-369.623	0	-176.958
9.99	-397.039	0	-190.084
