0	0	0	0
0.00999	0.048172	0.048172	0.00997912
0.01998	0.0960291	0.0960291	0.019893
0.02997	0.143259	0.143259	0.0296769
0.03996	0.189552	0.189552	0.0392669
0.04995	0.234607	0.234607	0.0486003
0.05994	0.278129	0.278129	0.057616
0.06993	0.319833	0.319833	0.0662553
0.07992	0.359447	0.359447	0.0744617
0.08991	0.396713	0.396713	0.0821814
0.0999	0.431386	0.431386	0.0893642
0.10989	0.463241	0.463241	0.0959631
0.11988	0.492069	0.492069	0.101935
0.12987	0.517682	0.517682	0.107241
0.13986	0.539913	0.539913	0.111846
0.14985	0.558616	0.558616	0.115721
0.15984	0.573671	0.573671	0.118839
0.16983	0.584978	0.584978	0.121182
0.17982	0.592464	0.592464	0.122733
0.18981	0.596081	0.596081	0.123482
0.1998	0.595804	0.595804	0.123424
0.20979	0.591637	0.591637	0.122561
0.21978	0.583606	0.583606	0.120898
0.22977	0.571765	0.571765	0.118445
0.23976	0.55619	0.55619	0.115218
0.24975	0.536985	0.536985	0.11124
0.25974	0.514274	0.514274	0.106535
0.26973	0.488207	0.488207	0.101135
0.27972	0.458954	0.458954	0.0950751
0.28971	0.426706	0.426706	0.0883947
0.2997	0.391673	0.391673	0.0811376
0.30969	0.354086	0.354086	0.0733511
0.31968	0.314189	0.314189	0.0650862
0.32967	0.272243	0.272243	0.0563969
0.33966	0.228522	0.228522	0.0473398
0.34965	0.183311	0.183311	0.037974
0.35964	0.136905	0.136905	0.0283608
0.36963	0.0896071	0.0896071	0.0185627
0.37962	0.0417251	0.0417251	0.00864361
0.38961	-0.00642873	-0.00642873	-0.00133175
0.3996	-0.0545407	-0.0545407	-0.0112984
0.40959	-0.102298	-0.102298	-0.0211916
0.41958	-0.149388	-0.149388	-0.0309467
0.42957	-0.195507	-0.195507	-0.0405005
0.43956	-0.240354	-0.240354	-0.0497908
0.44955	-0.283637	-0.283637	-0.0587572
0.45954	-0.325076	-0.325076	-0.0673415
0.46953	-0.364402	-0.364402	-0.0754881
0.47952	-0.401359	-0.401359	-0.0831441
0.48951	-0.43571	-0.43571	-0.09026
0.4995	-0.467231	-0.467231	-0.0967897
0.50949	-0.495719	-0.495719	-0.102691
0.51948	-0.52099	-0.52099	-0.107926
0.52947	-0.542882	-0.542882	-0.112461
0.53946	-0.561254	-0.561254	-0.116267
0.54945	-0.575989	-0.575989	-0.11932
0.55944	-0.586993	-0.586993	-0.121599
0.56943	-0.594196	-0.594196	-0.123091
0.57942	-0.597555	-0.597555	-0.123787
0.58941	-0.597048	-0.597048	-0.123682
0.5994	-0.592682	-0.592682	-0.122778
0.60939	-0.584487	-0.584487	-0.12108
0.61938	-0.572518	-0.572518	-0.118601
0.62937	-0.556855	-0.556855	-0.115356
0.63936	-0.5376	-0.5376	-0.111367
0.64935	-0.514882	-0.514882	-0.106661
0.65934	-0.488847	-0.488847	-0.101268
0.66933	-0.459667	-0.459667	-0.0952229
0.67932	-0.427531	-0.427531	-0.0885657
0.68931	-0.392648	-0.392648	-0.0813395
0.6993	-0.355244	-0.355244	-0.073591
0.70929	-0.315562	-0.315562	-0.0653705
0.71928	-0.273856	-0.273856	-0.056731
0.72927	-0.230398	-0.230398	-0.0477283
0.73926	-0.185465	-0.185465	-0.0384202
0.74925	-0.139347	-0.139347	-0.0288665
0.75924	-0.0923386	-0.0923386	-0.0191285
0.76923	-0.0447416	-0.0447416	-0.0092685
0.77922	0.00314044	0.00314044	0.000650562
0.78921	0.0510026	0.0510026	0.0105655
0.7992	0.0985406	0.0985406	0.0204133
0.80919	0.145453	0.145453	0.0301315
0.81918	0.191443	0.191443	0.0396586
0.82917	0.236221	0.236221	0.0489346
0.83916	0.279504	0.279504	0.057901
0.84915	0.321022	0.321022	0.0665018
0.85914	0.360516	0.360516	0.0746831
0.86913	0.397739	0.397739	0.082394
0.87912	0.43246	0.43246	0.0895867
0.88911	0.464466	0.464466	0.096217
0.8991	0.49356	0.49356	0.102244
0.90909	0.519565	0.519565	0.107631
0.91908	0.542324	0.542324	0.112346
0.92907	0.5617	0.5617	0.11636
0.93906	0.577579	0.577579	0.119649
0.94905	0.589869	0.589869	0.122195
0.95904	0.598499	0.598499	0.123983
0.96903	0.603426	0.603426	0.125003
0.97902	0.604624	0.604624	0.125252
0.98901	0.602095	0.602095	0.124728
0.999	0.595862	0.595862	0.123437
1.00899	0.585973	0.585973	0.121388
1.01898	0.572495	0.572495	0.118596
1.02897	0.555519	0.555519	0.115079
1.03896	0.535159	0.535159	0.110861
1.04895	0.511545	0.511545	0.10597
1.05894	0.484829	0.484829	0.100435
1.06893	0.455181	0.455181	0.0942936
1.07892	0.422789	0.422789	0.0875833
1.08891	0.387854	0.387854	0.0803463
1.0989	0.350593	0.350593	0.0726274
1.10889	0.311236	0.311236	0.0644744
1.11888	0.270023	0.270023	0.055937
1.12887	0.227207	0.227207	0.0470673
1.13886	0.183044	0.183044	0.0379188
1.14885	0.137802	0.137802	0.0285464
1.15884	0.0917479	0.0917479	0.0190061
1.16883	0.0451563	0.0451563	0.0093544
1.17882	-0.00169923	-0.00169923	-0.000352005
1.18881	-0.048545	-0.048545	-0.0100564
1.1988	-0.0951096	-0.0951096	-0.0197025
1.20879	-0.141125	-0.141125	-0.029235
1.21878	-0.186329	-0.186329	-0.0385993
1.22877	-0.230467	-0.230467	-0.0477426
1.23876	-0.27329	-0.27329	-0.0566137
1.24875	-0.314562	-0.314562	-0.0651634
1.25874	-0.354056	-0.354056	-0.0733448
1.26873	-0.391558	-0.391558	-0.0811136
1.27872	-0.426868	-0.426868	-0.0884283
1.28871	-0.459799	-0.459799	-0.0952502
1.2987	-0.490181	-0.490181	-0.101544
1.30869	-0.51786	-0.51786	-0.107278
1.31868	-0.542697	-0.542697	-0.112423
1.32867	-0.564573	-0.564573	-0.116955
1.33866	-0.583385	-0.583385	-0.120852
1.34865	-0.59905	-0.59905	-0.124097
1.35864	-0.611501	-0.611501	-0.126676
1.36863	-0.620692	-0.620692	-0.12858
1.37862	-0.626594	-0.626594	-0.129803
1.38861	-0.629197	-0.629197	-0.130342
1.3986	-0.628509	-0.628509	-0.130199
1.40859	-0.624555	-0.624555	-0.12938
1.41858	-0.617379	-0.617379	-0.127894
1.42857	-0.607041	-0.607041	-0.125752
1.43856	-0.593614	-0.593614	-0.122971
1.44855	-0.577192	-0.577192	-0.119569
1.45854	-0.557878	-0.557878	-0.115568
1.46853	-0.535792	-0.535792	-0.110993
1.47852	-0.511066	-0.511066	-0.10587
1.48851	-0.483841	-0.483841	-0.100231
1.4985	-0.454271	-0.454271	-0.094105
1.50849	-0.422519	-0.422519	-0.0875274
1.51848	-0.388757	-0.388757	-0.0805333
1.52847	-0.353161	-0.353161	-0.0731594
1.53846	-0.315915	-0.315915	-0.0654438
1.54845	-0.277209	-0.277209	-0.0574256
1.55844	-0.237235	-0.237235	-0.0491446
1.56843	-0.196185	-0.196185	-0.0406409
1.57842	-0.154256	-0.154256	-0.0319552
1.58841	-0.111644	-0.111644	-0.0231277
1.5984	-0.0685425	-0.0685425	-0.014199
1.60839	-0.0251439	-0.0251439	-0.0052087
1.61838	0.0183626	0.0183626	0.00380393
1.62837	0.061792	0.061792	0.0128006
1.63836	0.104964	0.104964	0.021744
1.64835	0.147705	0.147705	0.030598
1.65834	0.189848	0.189848	0.0393281
1.66833	0.231231	0.231231	0.047901
1.67832	0.271704	0.271704	0.0562852
1.68831	0.311124	0.311124	0.0644511
1.6983	0.349354	0.349354	0.0723709
1.70829	0.386273	0.386273	0.0800187
1.71828	0.421763	0.421763	0.0873709
1.72827	0.455722	0.455722	0.0944057
1.73826	0.488056	0.488056	0.101104
1.74825	0.51868	0.51868	0.107448
1.75824	0.547522	0.547522	0.113423
1.76823	0.574521	0.574521	0.119016
1.77822	0.599625	0.599625	0.124216
1.78821	0.622794	0.622794	0.129016
1.7982	0.643997	0.643997	0.133408
1.80819	0.663213	0.663213	0.137389
1.81818	0.680433	0.680433	0.140956
1.82817	0.695656	0.695656	0.144109
1.83816	0.708889	0.708889	0.146851
1.84815	0.72015	0.72015	0.149183
1.85814	0.729463	0.729463	0.151113
1.86813	0.736863	0.736863	0.152646
1.87812	0.742389	0.742389	0.15379
1.88811	0.746088	0.746088	0.154557
1.8981	0.748014	0.748014	0.154956
1.90809	0.748225	0.748225	0.154999
1.91808	0.746785	0.746785	0.154701
1.92807	0.743763	0.743763	0.154075
1.93806	0.739232	0.739232	0.153136
1.94805	0.733267	0.733267	0.151901
1.95804	0.725947	0.725947	0.150384
1.96803	0.717354	0.717354	0.148604
1.97802	0.707569	0.707569	0.146577
1.98801	0.696677	0.696677	0.144321
1.998	0.684762	0.684762	0.141853
2.00799	0.67191	0.67191	0.13919
2.01798	0.658206	0.658206	0.136351
2.02797	0.643733	0.643733	0.133353
2.03796	0.628576	0.628576	0.130213
2.04795	0.612815	0.612815	0.126948
2.05794	0.59653	0.59653	0.123575
2.06793	0.579801	0.579801	0.120109
2.07792	0.562703	0.562703	0.116567
2.08791	0.545308	0.545308	0.112964
2.0979	0.527687	0.527687	0.109314
2.10789	0.509908	0.509908	0.105631
2.11788	0.492035	0.492035	0.101928
2.12787	0.474129	0.474129	0.0982186
2.13786	0.456246	0.456246	0.0945141
2.14785	0.438441	0.438441	0.0908258
2.15784	0.420765	0.420765	0.0871641
2.16783	0.403265	0.403265	0.0835387
2.17782	0.385982	0.385982	0.0799586
2.18781	0.368959	0.368959	0.076432
2.1978	0.352229	0.352229	0.0729664
2.20779	0.335826	0.335826	0.0695685
2.21778	0.31978	0.31978	0.0662444
2.22777	0.304116	0.304116	0.0629994
2.23776	0.288856	0.288856	0.0598383
2.24775	0.27402	0.27402	0.056765
2.25774	0.259625	0.259625	0.0537829
2.26773	0.245684	0.245684	0.0508949
2.27772	0.232207	0.232207	0.0481032
2.28771	0.219204	0.219204	0.0454094
2.2977	0.206679	0.206679	0.0428148
2.30769	0.194636	0.194636	0.0403201
2.31768	0.183077	0.183077	0.0379255
2.32767	0.172	0.172	0.0356308
2.33766	0.161403	0.161403	0.0334356
2.34765	0.151282	0.151282	0.0313389
2.35764	0.14163	0.14163	0.0293395
2.36763	0.132441	0.132441	0.0274359
2.37762	0.123706	0.123706	0.0256265
2.38761	0.115416	0.115416	0.023909
2.3976	0.107559	0.107559	0.0222815
2.40759	0.100125	0.100125	0.0207415
2.41758	0.0931013	0.0931013	0.0192865
2.42757	0.0864754	0.0864754	0.0179139
2.43756	0.0802341	0.0802341	0.016621
2.44755	0.0743637	0.0743637	0.0154049
2.45754	0.0688506	0.0688506	0.0142628
2.46753	0.0636807	0.0636807	0.0131918
2.47752	0.0588399	0.0588399	0.012189
2.48751	0.0543142	0.0543142	0.0112515
2.4975	0.0500895	0.0500895	0.0103763
2.50749	0.046152	0.046152	0.00956066
2.51748	0.0424879	0.0424879	0.00880163
2.52747	0.0390839	0.0390839	0.00809647
2.53746	0.0359268	0.0359268	0.00744246
2.54745	0.0330038	0.0330038	0.00683695
2.55744	0.0303026	0.0303026	0.00627738
2.56743	0.0278112	0.0278112	0.00576126
2.57742	0.0255181	0.0255181	0.00528623
2.58741	0.0234122	0.0234122	0.00484999
2.5974	0.0214832	0.0214832	0.00445037
2.60739	0.0197209	0.0197209	0.0040853
2.61738	0.018116	0.018116	0.00375284
2.62737	0.0166596	0.0166596	0.00345114
2.63736	0.0153435	0.0153435	0.00317851
2.64735	0.0141601	0.0141601	0.00293335
2.65734	0.0131023	0.0131023	0.00271421
2.66733	0.0121637	0.0121637	0.00251977
2.67732	0.0113385	0.0113385	0.00234885
2.68731	0.0106219	0.0106219	0.00220039
2.6973	0.0100094	0.0100094	0.0020735
2.70729	0.00949735	0.00949735	0.00196743
2.71728	0.009083	0.009083	0.0018816
2.72727	0.00876428	0.00876428	0.00181557
2.73726	0.00854001	0.00854001	0.00176912
2.74725	0.00840991	0.00840991	0.00174216
2.75724	0.00837467	0	0.00173486
2.76723	0.00843604	0	0.00174758
2.77722	0.0085969	0	0.0017809
2.78721	0.00886141	0	0.00183569
2.7972	0.00923509	0	0.0019131
2.80719	0.00972501	0	0.0020146
2.81718	0.01034	0	0.00214199
2.82717	0.0110907	0	0.0022975
2.83716	0.0119901	0	0.00248382
2.84715	0.0130535	0	0.00270412
2.85714	0.0142993	0	0.00296219
2.86713	0.0157488	0	0.00326246
2.87712	0.0174273	0	0.00361016
2.88711	0.0193641	0	0.00401139
2.8971	0.0215937	0	0.00447327
2.90709	0.0241562	0	0.00500411
2.91708	0.0270983	0	0.00561358
2.92707	0.0304745	0	0.00631298
2.93706	0.0343481	0	0.00711542
2.94705	0.0387929	0	0.0080362
2.95704	0.043895	0	0.00909313
2.96703	0.0497547	0	0.010307
2.97702	0.0564888	0	0.011702
2.98701	0.0642338	0	0.0133064
2.997	0.0731492	0	0.0151533
3.00699	0.0834215	0	0.0172813
3.01698	0.0952686	0	0.0197355
3.02697	0.108946	0	0.0225689
3.03696	0.124754	0	0.0258435
3.04695	0.143043	0	0.0296322
3.05694	0.164227	0	0.0340206
3.06693	0.188791	0	0.0391091
3.07692	0.217307	0	0.0450165
3.08691	0.250449	0	0.0518821
3.0969	0.289013	0	0.0598708
3.10689	0.333937	0	0.0691771
3.11688	0.386332	0	0.0800311
3.12687	0.447513	0	0.092705
3.13686	0.519036	0	0.107522
3.14685	0.602751	0	0.124864
3.15684	0.700851	0	0.145186
3.16683	0.815947	0	0.169028
3.17682	0.951144	0	0.197035
3.18681	1.11014	0	0.229973
3.1968	1.29736	0	0.268757
3.20679	1.51807	0	0.314478
3.21678	1.77859	0	0.368445
3.22677	2.08645	0	0.43222
3.23676	2.45071	0	0.507679
3.24675	2.88222	0	0.59707
3.25674	3.39403	0	0.703094
3.26673	4.00182	0	0.829002
3.27672	4.72448	0	0.978704
3.28671	5.58476	0	1.15692
3.2967	6.61014	0	1.36933
3.30669	7.83381	0	1.62282
3.31668	9.29592	0	1.92571
3.32667	11.0451	0	2.28806
3.33666	13.1403	0	2.7221
3.34665	15.6531	0	3.24264
3.35664	18.6706	0	3.86772
3.36663	22.2984	0	4.61926
3.37662	26.6657	0	5.52397
3.38661	31.9297	0	6.61444
3.3966	38.2826	0	7.93047
3.40659	45.9591	0	9.52071
3.41658	55.2468	0	11.4447
3.42657	66.4982	0	13.7755
3.43656	80.1455	0	16.6026
3.44655	96.7202	0	20.0362
3.45654	116.876	0	24.2115
3.46653	141.417	0	29.2954
3.47652	171.337	0	35.4935
3.48651	207.86	0	43.0596
3.4965	252.503	0	52.3074
3.50649	307.138	0	63.6255
3.51648	374.091	0	77.4952
3.52647	456.243	0	94.5135
3.53646	557.176	0	115.422
3.54645	681.345	0	141.145
3.55644	834.297	0	172.83
3.56643	1022.95	0	211.91
3.57642	1255.94	0	260.176
3.58641	1544.07	0	319.863
3.5964	1900.85	0	393.772
3.60639	2343.21	0	485.411
3.61638	2892.43	0	599.184
3.62637	3575.19	0	740.623
3.63636	4425.11	0	916.688
3.64635	5484.5	0	1136.15
3.65634	6806.75	0	1410.06
3.66633	8459.29	0	1752.39
3.67632	10527.4	0	2180.81
3.68631	13118.9	0	2717.67
3.6963	16370.9	0	3391.33
3.70629	20456.9	0	4237.77
3.71628	25597.9	0	5302.77
3.72627	32075.1	0	6644.54
3.73626	40246.5	0	8337.32
3.74625	50569.6	0	10475.8
3.75624	63628.5	0	13181
3.76623	80170.7	0	16607.9
3.77622	101154	0	20954.7
3.78621	127807	0	26476
3.7962	161708	0	33498.9
3.80619	204888	0	42443.8
3.81618	259962	0	53852.6
3.82617	330302	0	68424
3.83616	420264	0	87060.3
3.84615	535483	0	110929
3.85614	683253	0	141540
3.86613	873035	0	180855
3.87612	1.11711e+006	0	231416
3.88611	1.43146e+006	0	296535
3.8961	1.83686e+006	0	380517
3.90609	2.36045e+006	0	488981
3.91608	3.03761e+006	0	629259
3.92607	3.91462e+006	0	810939
3.93606	5.05209e+006	0	1.04657e+006
3.94605	6.52944e+006	0	1.35261e+006
3.95604	8.45094e+006	0	1.75066e+006
3.96603	1.09537e+007	0	2.26912e+006
3.97602	1.42181e+007	0	2.94538e+006
3.98601	1.84822e+007	0	3.82871e+006
3.996	2.406e+007	0	4.98417e+006
4.00599	3.13666e+007	0	6.49778e+006
4.01598	4.09516e+007	0	8.48338e+006
4.02597	5.35438e+007	0	1.10919e+007
4.03596	7.01103e+007	0	1.45238e+007
4.04595	9.19369e+007	0	1.90453e+007
4.05594	1.20736e+008	0	2.50111e+007
4.06593	1.58789e+008	0	3.28941e+007
4.07592	2.09143e+008	0	4.33253e+007
4.08591	2.75873e+008	0	5.71488e+007
4.0959	3.64432e+008	0	7.54943e+007
4.10589	4.82134e+008	0	9.9877e+007
4.11588	6.38798e+008	0	1.32331e+008
4.12587	8.47628e+008	0	1.75591e+008
4.13586	1.12641e+009	0	2.33342e+008
4.14585	1.49911e+009	0	3.1055e+008
4.15584	1.99812e+009	0	4.13923e+008
4.16583	2.66723e+009	0	5.52533e+008
4.17582	3.56577e+009	0	7.3867e+008
4.18581	4.77418e+009	0	9.89e+008
4.1958	6.40177e+009	0	1.32616e+009
4.20579	8.59721e+009	0	1.78096e+009
4.21578	1.15631e+010	0	2.39536e+009
4.22577	1.55757e+010	0	3.2266e+009
4.23576	2.10127e+010	0	4.35291e+009
4.24575	2.83908e+010	0	5.88133e+009
4.25574	3.84182e+010	0	7.95857e+009
4.26573	5.20668e+010	0	1.0786e+010
4.27572	7.06724e+010	0	1.46402e+010
4.28571	9.60741e+010	0	1.99023e+010
4.2957	1.30807e+011	0	2.70974e+010
4.30569	1.78371e+011	0	3.69507e+010
4.31568	2.43607e+011	0	5.04646e+010
4.32567	3.33216e+011	0	6.90278e+010
4.33566	4.56495e+011	0	9.45658e+010
4.34565	6.26357e+011	0	1.29754e+011
4.35564	8.60762e+011	0	1.78312e+011
4.36563	1.18474e+012	0	2.45426e+011
4.37562	1.6332e+012	0	3.38328e+011
4.38561	2.25495e+012	0	4.67127e+011
4.3956	3.11829e+012	0	6.45973e+011
4.40559	4.31896e+012	0	8.94699e+011
4.41558	5.99136e+012	0	1.24115e+012
4.42557	8.32448e+012	0	1.72447e+012
4.43556	1.15845e+013	0	2.39979e+012
4.44555	1.61467e+013	0	3.34488e+012
4.45554	2.25413e+013	0	4.66957e+012
4.46553	3.15185e+013	0	6.52926e+012
4.47552	4.41413e+013	0	9.14415e+012
4.48551	6.19182e+013	0	1.28267e+013
4.4955	8.69934e+013	0	1.80212e+013
4.50549	1.22419e+014	0	2.53599e+013
4.51548	1.72549e+014	0	3.57446e+013
4.52547	2.43598e+014	0	5.04627e+013
4.53546	3.44456e+014	0	7.13562e+013
4.54545	4.87862e+014	0	1.01064e+014
4.55544	6.9209e+014	0	1.43371e+014
4.56543	9.83406e+014	0	2.03718e+014
4.57542	1.39962e+015	0	2.89939e+014
4.58541	1.99522e+015	0	4.13323e+014
4.5954	2.84894e+015	0	5.90175e+014
4.60539	4.0746e+015	0	8.44078e+014
4.61538	5.8371e+015	0	1.20919e+015
4.62537	8.37573e+015	0	1.73508e+015
4.63536	1.20382e+016	0	2.49379e+015
4.64535	1.73307e+016	0	3.59016e+015
4.65534	2.49912e+016	0	5.17708e+015
4.66533	3.60975e+016	0	7.47781e+015
4.67532	5.22259e+016	0	1.08189e+016
4.68531	7.56859e+016	0	1.56788e+016
4.6953	1.09867e+017	0	2.27596e+016
4.70529	1.59751e+017	0	3.30933e+016
4.71528	2.32671e+017	0	4.81993e+016
4.72527	3.39445e+017	0	7.03181e+016
4.73526	4.96048e+017	0	1.02759e+017
4.74525	7.26118e+017	0	1.5042e+017
4.75524	1.06468e+018	0	2.20556e+017
4.76523	1.56375e+018	0	3.2394e+017
4.77522	2.30062e+018	0	4.76588e+017
4.78521	3.39047e+018	0	7.02356e+017
4.7952	5.00506e+018	0	1.03683e+018
4.80519	7.4011e+018	0	1.53318e+018
4.81518	1.09628e+019	0	2.27101e+018
4.82517	1.62663e+019	0	3.36966e+018
4.83516	2.41766e+019	0	5.00834e+018
4.84515	3.59954e+019	0	7.45666e+018
4.85514	5.36836e+019	0	1.11209e+019
4.86513	8.02015e+019	0	1.66142e+019
4.87512	1.20025e+020	0	2.48638e+019
4.88511	1.79931e+020	0	3.72739e+019
4.8951	2.70205e+020	0	5.59746e+019
4.90509	4.06473e+020	0	8.42033e+019
4.91508	6.12522e+020	0	1.26888e+020
4.92507	9.24627e+020	0	1.91542e+020
4.93506	1.39819e+021	0	2.89644e+020
4.94505	2.11799e+021	0	4.38755e+020
4.95504	3.21395e+021	0	6.6579e+020
4.96503	4.88556e+021	0	1.01207e+021
4.97502	7.43963e+021	0	1.54116e+021
4.98501	1.13488e+022	0	2.35097e+021
4.995	1.73426e+022	0	3.59262e+021
5.00499	2.65486e+022	0	5.4997e+021
5.01498	4.07133e+022	0	8.43402e+021
5.02497	6.25461e+022	0	1.29568e+022
5.03496	9.62571e+022	0	1.99403e+022
5.04495	1.48401e+023	0	3.07422e+022
5.05494	2.29199e+023	0	4.748e+022
5.06493	3.5462e+023	0	7.34617e+022
5.07492	5.49653e+023	0	1.13864e+023
5.08491	8.53475e+023	0	1.76803e+023
5.0949	1.32761e+024	0	2.75023e+023
5.10489	2.06886e+024	0	4.28576e+023
5.11488	3.22976e+024	0	6.69066e+023
5.12487	5.05119e+024	0	1.04638e+024
5.13486	7.91407e+024	0	1.63945e+024
5.14485	1.2422e+025	0	2.57329e+024
5.15484	1.9533e+025	0	4.04639e+024
5.16483	3.07706e+025	0	6.37432e+024
5.17482	4.85615e+025	0	1.00598e+025
5.18481	7.67782e+025	0	1.59051e+025
5.1948	1.21612e+026	0	2.51927e+025
5.20479	1.92979e+026	0	3.99767e+025
5.21478	3.06787e+026	0	6.35527e+025
5.22477	4.88607e+026	0	1.01218e+026
5.23476	7.79618e+026	0	1.61503e+026
5.24475	1.24624e+027	0	2.58167e+026
5.25474	1.99584e+027	0	4.1345e+026
5.26473	3.2022e+027	0	6.63356e+026
5.27472	5.14726e+027	0	1.06629e+027
5.28471	8.28913e+027	0	1.71714e+027
5.2947	1.33736e+028	0	2.77042e+027
5.30469	2.1617e+028	0	4.47809e+027
5.31468	3.50067e+028	0	7.25186e+027
5.32467	5.67961e+028	0	1.17657e+028
5.33466	9.23205e+028	0	1.91248e+028
5.34465	1.50346e+029	0	3.1145e+028
5.35464	2.45301e+029	0	5.08156e+028
5.36463	4.00981e+029	0	8.30656e+028
5.37462	6.56698e+029	0	1.36039e+029
5.38461	1.07752e+030	0	2.23216e+029
5.3946	1.77137e+030	0	3.6695e+029
5.40459	2.91752e+030	0	6.04383e+029
5.41458	4.8144e+030	0	9.97333e+029
5.42457	7.95968e+030	0	1.6489e+030
5.43456	1.31849e+031	0	2.73132e+030
5.44455	2.18818e+031	0	4.53295e+030
5.45454	3.63848e+031	0	7.53734e+030
5.46453	6.06161e+031	0	1.2557e+031
5.47452	1.01178e+032	0	2.09597e+031
5.48451	1.69208e+032	0	3.50525e+031
5.4945	2.83524e+032	0	5.87338e+031
5.50449	4.75988e+032	0	9.86038e+031
5.51448	8.00643e+032	0	1.65858e+032
5.52447	1.34934e+033	0	2.79524e+032
5.53446	2.27848e+033	0	4.72001e+032
5.54445	3.85488e+033	0	7.98563e+032
5.55444	6.53463e+033	0	1.35369e+033
5.56443	1.10988e+034	0	2.29918e+033
5.57442	1.88876e+034	0	3.91269e+033
5.58441	3.22052e+034	0	6.67151e+033
5.5944	5.50206e+034	0	1.13979e+034
5.60439	9.41836e+034	0	1.95107e+034
5.61438	1.61539e+035	0	3.34638e+034
5.62437	2.77609e+035	0	5.75084e+034
5.63436	4.78019e+035	0	9.90246e+034
5.64435	8.24733e+035	0	1.70848e+035
5.65434	1.42574e+036	0	2.9535e+035
5.66433	2.46959e+036	0	5.11591e+035
5.67432	4.2862e+036	0	8.87912e+035
5.68431	7.45386e+036	0	1.54411e+036
5.6943	1.29884e+037	0	2.69062e+036
5.70429	2.26774e+037	0	4.69776e+036
5.71428	3.96733e+037	0	8.21858e+036
5.72427	6.95461e+037	0	1.44069e+037
5.73426	1.22156e+038	0	2.53054e+037
5.74425	2.14996e+038	0	4.45378e+037
5.75424	3.79156e+038	0	7.85445e+037
5.76423	6.70007e+038	0	1.38796e+038
5.77422	1.18636e+039	0	2.45761e+038
5.78421	2.10489e+039	0	4.36041e+038
5.7942	3.74215e+039	0	7.7521e+038
5.80419	6.66644e+039	0	1.38099e+039
5.81418	1.19e+040	0	2.46516e+039
5.82417	2.12855e+040	0	4.40941e+039
5.83416	3.81508e+040	0	7.90317e+039
5.84415	6.85187e+040	0	1.41941e+040
5.85414	1.23311e+041	0	2.55447e+040
5.86413	2.22374e+041	0	4.60661e+040
5.87412	4.01842e+041	0	8.32441e+040
5.88411	7.27643e+041	0	1.50736e+041
5.8941	1.32031e+042	0	2.73509e+041
5.90409	2.40063e+042	0	4.97305e+041
5.91408	4.37392e+042	0	9.06085e+041
5.92407	7.98573e+042	0	1.65429e+042
5.93406	1.46102e+043	0	3.0266e+042
5.94405	2.67855e+043	0	5.54877e+042
5.95404	4.92088e+043	0	1.01939e+043
5.96403	9.05921e+043	0	1.87667e+043
5.97402	1.67125e+044	0	3.4621e+043
5.98401	3.08958e+044	0	6.40025e+043
5.994	5.72354e+044	0	1.18567e+044
6.00399	1.06252e+045	0	2.20108e+044
6.01398	1.97662e+045	0	4.09469e+044
6.02397	3.68484e+045	0	7.63338e+044
6.03396	6.88381e+045	0	1.42602e+045
6.04395	1.2887e+046	0	2.66963e+045
6.05394	2.41765e+046	0	5.00831e+045
6.06393	4.54518e+046	0	9.41562e+045
6.07392	8.56305e+046	0	1.77389e+046
6.08391	1.61669e+047	0	3.34907e+046
6.0939	3.05877e+047	0	6.33642e+046
6.10389	5.79949e+047	0	1.2014e+047
6.11388	1.10194e+048	0	2.28274e+047
6.12387	2.09823e+048	0	4.34661e+047
6.13386	4.00382e+048	0	8.29417e+047
6.14385	7.65644e+048	0	1.58608e+048
6.15384	1.46727e+049	0	3.03954e+048
6.16383	2.81789e+049	0	5.83744e+048
6.17382	5.42342e+049	0	1.12349e+049
6.18381	1.04606e+050	0	2.16698e+049
6.1938	2.02198e+050	0	4.18866e+049
6.20379	3.91684e+050	0	8.11397e+049
6.21378	7.60386e+050	0	1.57519e+050
6.22377	1.47936e+051	0	3.06458e+050
6.23376	2.88439e+051	0	5.9752e+050
6.24375	5.63612e+051	0	1.16756e+051
6.25374	1.1037e+052	0	2.28638e+051
6.26373	2.16605e+052	0	4.48711e+051
6.27372	4.26025e+052	0	8.82537e+051
6.28371	8.39752e+052	0	1.7396e+052
6.2937	1.65889e+053	0	3.4365e+052
6.30369	3.28426e+053	0	6.80355e+052
6.31368	6.51646e+053	0	1.34993e+053
6.32367	1.29581e+054	0	2.68435e+053
6.33366	2.58243e+054	0	5.34966e+053
6.34365	5.15791e+054	0	1.06849e+054
6.35364	1.03248e+055	0	2.13884e+054
6.36363	2.07132e+055	0	4.29086e+054
6.37362	4.16463e+055	0	8.62729e+054
6.38361	8.39211e+055	0	1.73848e+055
6.3936	1.69485e+056	0	3.51099e+055
6.40359	3.43051e+056	0	7.10652e+055
6.41358	6.95914e+056	0	1.44163e+056
6.42357	1.41489e+057	0	2.93103e+056
6.43356	2.88311e+057	0	5.97254e+056
6.44355	5.88807e+057	0	1.21975e+057
6.45354	1.2052e+058	0	2.49665e+057
6.46353	2.47242e+058	0	5.12177e+057
6.47352	5.0835e+058	0	1.05308e+058
6.48351	1.04757e+059	0	2.1701e+058
6.4935	2.16363e+059	0	4.48208e+058
6.50349	4.47883e+059	0	9.27817e+058
6.51348	9.29245e+059	0	1.92499e+059
6.52347	1.93233e+060	0	4.00293e+059
6.53346	4.02734e+060	0	8.34287e+059
6.54345	8.41284e+060	0	1.74277e+060
6.55344	1.7614e+061	0	3.64884e+060
6.56343	3.69626e+061	0	7.65703e+060
6.57342	7.77428e+061	0	1.61049e+061
6.58341	1.6389e+062	0	3.39507e+061
6.5934	3.46289e+062	0	7.17358e+061
6.60339	7.33367e+062	0	1.51922e+062
6.61338	1.55669e+063	0	3.22479e+062
6.62337	3.31196e+063	0	6.86092e+062
6.63336	7.06264e+063	0	1.46307e+063
6.64335	1.50957e+064	0	3.12716e+063
6.65334	3.23401e+064	0	6.69945e+063
6.66333	6.94442e+064	0	1.43858e+064
6.67332	1.49464e+065	0	3.09625e+064
6.68331	3.22439e+065	0	6.67953e+064
6.6933	6.97217e+065	0	1.44433e+065
6.70329	1.51112e+066	0	3.13038e+065
6.71328	3.2828e+066	0	6.80052e+065
6.72327	7.14831e+066	0	1.48082e+066
6.73326	1.56019e+067	0	3.23204e+066
6.74325	3.41327e+067	0	7.0708e+066
6.75324	7.48482e+067	0	1.55053e+067
6.76323	1.64518e+068	0	3.40809e+067
6.77322	3.62465e+068	0	7.50868e+067
6.78321	8.00465e+068	0	1.65821e+068
6.7932	1.77192e+069	0	3.67063e+068
6.80319	3.93161e+069	0	8.14457e+068
6.81318	8.7443e+069	0	1.81144e+069
6.82317	1.94944e+070	0	4.03838e+069
6.83316	4.35636e+070	0	9.02447e+069
6.84315	9.75822e+070	0	2.02147e+070
6.85314	2.19104e+071	0	4.53888e+070
6.86313	4.93135e+071	0	1.02156e+071
6.87312	1.11254e+072	0	2.3047e+071
6.88311	2.51598e+072	0	5.21201e+071
6.8931	5.70343e+072	0	1.1815e+072
6.90309	1.296e+073	0	2.68475e+072
6.91308	2.95202e+073	0	6.11528e+072
6.92307	6.74023e+073	0	1.39628e+073
6.93306	1.54268e+074	0	3.19576e+073
6.94305	3.53936e+074	0	7.33201e+073
6.95304	8.13995e+074	0	1.68624e+074
6.96303	1.87659e+075	0	3.88746e+074
6.97302	4.33677e+075	0	8.98388e+074
6.98301	1.00465e+076	0	2.0812e+075
6.993	2.33303e+076	0	4.83302e+075
7.00299	5.43102e+076	0	1.12507e+076
7.01298	1.26736e+077	0	2.62541e+076
7.02297	2.96466e+077	0	6.14148e+076
7.03296	6.95203e+077	0	1.44016e+077
7.04295	1.63422e+078	0	3.38538e+077
7.05294	3.85097e+078	0	7.97752e+077
7.06293	9.09695e+078	0	1.88449e+078
7.07292	2.15421e+079	0	4.46257e+078
7.08291	5.11383e+079	0	1.05936e+079
7.0929	1.21695e+080	0	2.52099e+079
7.10289	2.90317e+080	0	6.01409e+079
7.11288	6.94293e+080	0	1.43827e+080
7.12287	1.66451e+081	0	3.44813e+080
7.13286	4.00041e+081	0	8.2871e+080
7.14285	9.63829e+081	0	1.99663e+081
7.15284	2.32794e+082	0	4.82248e+081
7.16283	5.6367e+082	0	1.16768e+082
7.17282	1.36823e+083	0	2.83436e+082
7.18281	3.32945e+083	0	6.89716e+082
7.1928	8.12216e+083	0	1.68256e+083
7.20279	1.98635e+084	0	4.11485e+083
7.21278	4.86997e+084	0	1.00884e+084
7.22277	1.19698e+085	0	2.47961e+084
7.23276	2.9494e+085	0	6.10987e+084
7.24275	7.28575e+085	0	1.50929e+085
7.25274	1.80429e+086	0	3.7377e+085
7.26273	4.47954e+086	0	9.27964e+085
7.27272	1.11495e+087	0	2.30969e+086
7.28271	2.78211e+087	0	5.76331e+086
7.2927	6.95973e+087	0	1.44175e+087
7.30269	1.74546e+088	0	3.61583e+087
7.31268	4.38863e+088	0	9.09132e+087
7.32267	1.10625e+089	0	2.29166e+088
7.33266	2.79562e+089	0	5.7913e+088
7.34265	7.0829e+089	0	1.46727e+089
7.35264	1.79908e+090	0	3.72691e+089
7.36263	4.58142e+090	0	9.49069e+089
7.37262	1.16966e+091	0	2.42302e+090
7.38261	2.99386e+091	0	6.20196e+090
7.3926	7.68273e+091	0	1.59152e+091
7.40259	1.97658e+092	0	4.09461e+091
7.41258	5.09836e+092	0	1.05616e+092
7.42257	1.31845e+093	0	2.73125e+092
7.43256	3.41835e+093	0	7.08133e+092
7.44255	8.88568e+093	0	1.84072e+093
7.45254	2.31572e+094	0	4.79716e+093
7.46253	6.05071e+094	0	1.25344e+094
7.47252	1.58508e+095	0	3.28359e+094
7.48251	4.16315e+095	0	8.62422e+094
7.4925	1.09628e+096	0	2.27101e+095
7.50249	2.89435e+096	0	5.99582e+095
7.51248	7.66146e+096	0	1.58712e+096
7.52247	2.03331e+097	0	4.21213e+096
7.53246	5.41042e+097	0	1.1208e+097
7.54245	1.44342e+098	0	2.99014e+097
7.55244	3.86094e+098	0	7.99818e+097
7.56243	1.03546e+099	0	2.14501e+098
7.57242	2.78426e+099	0	5.76777e+098
7.58241	7.50637e+099	0	1.55499e+099
7.5924	2.02905e+100	0	4.2033e+099
7.60239	5.4992e+100	0	1.13919e+100
7.61238	1.49435e+101	0	3.09564e+100
7.62237	4.07149e+101	0	8.43434e+100
7.63236	1.11225e+102	0	2.3041e+101
7.64235	3.04651e+102	0	6.31104e+101
7.65234	8.36671e+102	0	1.73321e+102
7.66233	2.30388e+103	0	4.77263e+102
7.67232	6.36092e+103	0	1.3177e+103
7.68231	1.76091e+104	0	3.64782e+103
7.6923	4.88776e+104	0	1.01253e+104
7.70229	1.36033e+105	0	2.818e+104
7.71228	3.7961e+105	0	7.86386e+104
7.72227	1.06217e+106	0	2.20035e+105
7.73226	2.97999e+106	0	6.17323e+105
7.74225	8.38302e+106	0	1.73659e+106
7.75224	2.36457e+107	0	4.89836e+106
7.76223	6.68764e+107	0	1.38539e+107
7.77222	1.89655e+108	0	3.92881e+107
7.78221	5.39293e+108	0	1.11718e+108
7.7922	1.53765e+109	0	3.18534e+108
7.80219	4.39609e+109	0	9.10677e+108
7.81218	1.26023e+110	0	2.61065e+109
7.82217	3.62252e+110	0	7.50428e+109
7.83216	1.04412e+111	0	2.16296e+110
7.84215	3.01766e+111	0	6.25127e+110
7.85214	8.74523e+111	0	1.81163e+111
7.86213	2.5413e+112	0	5.26445e+111
7.87212	7.40499e+112	0	1.53399e+112
7.88211	2.16361e+113	0	4.48205e+112
7.8921	6.33901e+113	0	1.31316e+113
7.90209	1.86231e+114	0	3.85789e+113
7.91208	5.48623e+114	0	1.13651e+114
7.92207	1.62065e+115	0	3.35727e+114
7.93206	4.8006e+115	0	9.94473e+114
7.94205	1.42593e+116	0	2.95389e+115
7.95204	4.24713e+116	0	8.79819e+115
7.96203	1.2685e+117	0	2.62778e+116
7.97202	3.79916e+117	0	7.8702e+116
7.98201	1.141e+118	0	2.36365e+117
7.992	3.43624e+118	0	7.11838e+117
8.00199	1.03774e+119	0	2.14973e+118
8.01198	3.14264e+119	0	6.51017e+118
8.02197	9.54355e+119	0	1.977e+119
8.03196	2.90625e+120	0	6.02048e+119
8.04195	8.87496e+120	0	1.8385e+120
8.05194	2.71776e+121	0	5.63e+120
8.06193	8.3458e+121	0	1.72888e+121
8.07192	2.57004e+122	0	5.32399e+121
8.08191	7.93646e+122	0	1.64409e+122
8.0919	2.45771e+123	0	5.0913e+122
8.10189	7.63228e+123	0	1.58107e+123
8.11188	2.37683e+124	0	4.92374e+123
8.12187	7.42271e+124	0	1.53766e+124
8.13186	2.32461e+125	0	4.81558e+124
8.14185	7.30069e+125	0	1.51238e+125
8.15184	2.29934e+126	0	4.76322e+125
8.16183	7.26222e+126	0	1.50441e+126
8.17182	2.3002e+127	0	4.765e+126
8.18181	7.3062e+127	0	1.51352e+127
8.1918	2.32729e+128	0	4.82112e+127
8.20179	7.43434e+128	0	1.54007e+128
8.21178	2.3816e+129	0	4.93364e+128
8.22177	7.65126e+129	0	1.58501e+129
8.23176	2.4651e+130	0	5.10661e+129
8.24175	7.96483e+130	0	1.64996e+130
8.25174	2.58083e+131	0	5.34634e+130
8.26173	8.38655e+131	0	1.73733e+131
8.27172	2.73308e+132	0	5.66174e+131
8.28171	8.93237e+132	0	1.85039e+132
8.2917	2.92771e+133	0	6.06493e+132
8.30169	9.6236e+133	0	1.99359e+133
8.31168	3.17247e+134	0	6.57196e+133
8.32167	1.04884e+135	0	2.17273e+134
8.33166	3.47754e+135	0	7.20394e+134
8.34165	1.15635e+136	0	2.39546e+135
8.35164	3.85625e+136	0	7.98846e+135
8.36163	1.28973e+137	0	2.67174e+136
8.37162	4.32601e+137	0	8.9616e+136
8.38161	1.45525e+138	0	3.01465e+137
8.3916	4.90966e+138	0	1.01707e+138
8.40159	1.66122e+139	0	3.44133e+138
8.41158	5.63727e+139	0	1.1678e+139
8.42157	1.91856e+140	0	3.97442e+139
8.43156	6.54865e+140	0	1.35659e+140
8.44155	2.2418e+141	0	4.64402e+140
8.45154	7.69682e+141	0	1.59444e+141
8.46153	2.65032e+142	0	5.49031e+141
8.47152	9.15293e+142	0	1.89609e+142
8.48151	3.17027e+143	0	6.56742e+142
8.4915	1.10131e+144	0	2.28143e+143
8.50149	3.83709e+144	0	7.94876e+143
8.51148	1.34083e+145	0	2.77761e+144
8.52147	4.69921e+145	0	9.73471e+144
8.53146	1.65181e+146	0	3.42183e+145
8.54145	5.82344e+146	0	1.20636e+146
8.55144	2.05914e+147	0	4.26562e+146
8.56143	7.30259e+147	0	1.51278e+147
8.57142	2.59751e+148	0	5.38091e+147
8.58141	9.26678e+148	0	1.91967e+148
8.5914	3.31582e+149	0	6.86893e+148
8.60139	1.19e+150	0	2.46516e+149
8.61138	4.28349e+150	0	8.87351e+149
8.62137	1.54648e+151	0	3.20363e+150
8.63136	5.6e+151	0	1.16007e+151
8.64135	2.03391e+152	0	4.21336e+151
8.65134	7.40926e+152	0	1.53487e+152
8.66133	2.7072e+153	0	5.60813e+152
8.67132	9.92133e+153	0	2.05526e+153
8.68131	3.6469e+154	0	7.55478e+153
8.6913	1.34458e+155	0	2.78537e+154
8.70129	4.97226e+155	0	1.03003e+155
8.71128	1.8443e+156	0	3.82059e+155
8.72127	6.86154e+156	0	1.42141e+156
8.73126	2.56049e+157	0	5.30422e+156
8.74125	9.58384e+157	0	1.98535e+157
8.75124	3.59808e+158	0	7.45365e+157
8.76123	1.35494e+159	0	2.80684e+158
8.77122	5.11783e+159	0	1.06019e+159
8.78121	1.93898e+160	0	4.01671e+159
8.7912	7.36853e+160	0	1.52644e+160
8.80119	2.80874e+161	0	5.81848e+160
8.81118	1.07391e+162	0	2.22467e+161
8.82117	4.11859e+162	0	8.53191e+161
8.83116	1.58437e+163	0	3.28213e+162
8.84115	6.11357e+163	0	1.26646e+163
8.85114	2.36626e+164	0	4.90186e+163
8.86113	9.18677e+164	0	1.9031e+164
8.87112	3.57764e+165	0	7.41129e+164
8.88111	1.39754e+166	0	2.89509e+165
8.8911	5.47607e+166	0	1.1344e+166
8.90109	2.15234e+167	0	4.4587e+166
8.91108	8.48579e+167	0	1.75788e+167
8.92107	3.35595e+168	0	6.95205e+167
8.93106	1.33131e+169	0	2.75789e+168
8.94105	5.29771e+169	0	1.09745e+169
8.95104	2.11467e+170	0	4.38066e+169
8.96103	8.46725e+170	0	1.75404e+170
8.97102	3.40088e+171	0	7.04513e+170
8.98101	1.37022e+172	0	2.83849e+171
8.991	5.53783e+172	0	1.14719e+172
9.00099	2.24513e+173	0	4.65093e+172
9.01098	9.13058e+173	0	1.89146e+173
9.02097	3.72487e+174	0	7.71629e+173
9.03096	1.52434e+175	0	3.15775e+174
9.04095	6.25762e+175	0	1.2963e+175
9.05094	2.5769e+176	0	5.33821e+175
9.06093	1.06451e+177	0	2.20519e+176
9.07092	4.41125e+177	0	9.13817e+176
9.08091	1.83375e+178	0	3.79872e+177
9.0909	7.64687e+178	0	1.5841e+178
9.10089	3.19886e+179	0	6.62664e+178
9.11088	1.34238e+180	0	2.78083e+179
9.12087	5.65104e+180	0	1.17065e+180
9.13086	2.38645e+181	0	4.94367e+180
9.14085	1.011e+182	0	2.09434e+181
9.15084	4.29657e+182	0	8.90061e+181
9.16083	1.83177e+183	0	3.79462e+182
9.17082	7.83426e+183	0	1.62292e+183
9.18081	3.36128e+184	0	6.9631e+183
9.1908	1.44675e+185	0	2.99703e+184
9.20079	6.24688e+185	0	1.29408e+185
9.21078	2.70594e+186	0	5.60552e+185
9.22077	1.17587e+187	0	2.43588e+186
9.23076	5.12607e+187	0	1.0619e+187
9.24075	2.24182e+188	0	4.64407e+187
9.25074	9.83572e+188	0	2.03753e+188
9.26073	4.32916e+189	0	8.96811e+188
9.27072	1.91158e+190	0	3.95997e+189
9.28071	8.46795e+190	0	1.75419e+190
9.2907	3.76321e+191	0	7.79573e+190
9.30069	1.67779e+192	0	3.47564e+191
9.31068	7.50437e+192	0	1.55458e+192
9.32067	3.36738e+193	0	6.97573e+192
9.33066	1.5159e+194	0	3.14029e+193
9.34065	6.84628e+194	0	1.41825e+194
9.35064	3.10201e+195	0	6.42599e+194
9.36063	1.41006e+196	0	2.92102e+195
9.37062	6.43042e+196	0	1.3321e+196
9.38061	2.94206e+197	0	6.09465e+196
9.3906	1.35044e+198	0	2.79751e+197
9.40059	6.21883e+198	0	1.28827e+198
9.41058	2.87315e+199	0	5.9519e+198
9.42057	1.33175e+200	0	2.7588e+199
9.43056	6.19304e+200	0	1.28293e+200
9.44055	2.88937e+201	0	5.98551e+200
9.45054	1.35246e+202	0	2.80169e+201
9.46053	6.35132e+202	0	1.31571e+202
9.47052	2.99246e+203	0	6.19905e+202
9.48051	1.41454e+204	0	2.93031e+203
9.4905	6.70857e+204	0	1.38972e+204
9.50049	3.19206e+205	0	6.61255e+204
9.51048	1.52385e+206	0	3.15674e+205
9.52047	7.29864e+206	0	1.51196e+206
9.53046	3.50731e+207	0	7.26561e+206
9.54045	1.69098e+208	0	3.50298e+207
9.55044	8.17975e+208	0	1.69449e+208
9.56043	3.96988e+209	0	8.22384e+208
9.57042	1.93309e+210	0	4.00451e+209
9.58041	9.4442e+210	0	1.95642e+210
9.5904	4.62935e+211	0	9.58998e+210
9.60039	2.27676e+212	0	4.71644e+211
9.61038	1.12346e+213	0	2.32731e+212
9.62037	5.56215e+213	0	1.15223e+213
9.63036	2.76297e+214	0	5.72365e+213
9.64035	1.37707e+215	0	2.85269e+214
9.65034	6.88632e+215	0	1.42654e+215
9.66033	3.45516e+216	0	7.15758e+215
9.67032	1.73942e+217	0	3.6033e+216
9.68031	8.78602e+217	0	1.82008e+217
9.6903	4.45283e+218	0	9.22432e+217
9.70029	2.26432e+219	0	4.69068e+218
9.71028	1.15531e+220	0	2.39329e+219
9.72027	5.91451e+220	0	1.22523e+220
9.73026	3.03809e+221	0	6.2936e+220
9.74025	1.56584e+222	0	3.24373e+221
9.75024	8.0976e+222	0	1.67747e+222
9.76023	4.20177e+223	0	8.70423e+222
9.77022	2.18764e+224	0	4.53184e+223
9.78021	1.14285e+225	0	2.36749e+224
9.7902	5.99064e+225	0	1.241e+225
9.80019	3.15086e+226	0	6.5272e+225
9.81018	1.66287e+227	0	3.44474e+226
9.82017	8.80568e+227	0	1.82415e+227
9.83016	4.6789e+228	0	9.69263e+227
9.84015	2.49461e+229	0	5.16774e+228
9.85014	1.33457e+230	0	2.76465e+229
9.86013	7.16411e+230	0	1.48409e+230
9.87012	3.85891e+231	0	7.99397e+230
9.88011	2.0857e+232	0	4.32065e+231
9.8901	1.13116e+233	0	2.34326e+232
9.90009	6.15578e+233	0	1.27521e+233
9.91008	3.36148e+234	0	6.96351e+233
9.92007	1.84191e+235	0	3.81563e+234
9.93006	1.01274e+236	0	2.09795e+235
9.94005	5.58754e+236	0	1.15749e+236
9.95004	3.09341e+237	0	6.40819e+236
9.96003	1.7185e+238	0	3.55999e+237
9.97002	9.57991e+238	0	1.98454e+238
9.98001	5.35884e+239	0	1.11012e+239
9.99	3.00802e+240	0	6.2313e+239
