0	0	0	0
0.00999	0.0220655	0.0220655	0.0099802
0.01998	0.0440012	0.0440012	0.0199017
0.02997	0.0656778	0.0656778	0.029706
0.03996	0.086968	0.086968	0.0393355
0.04995	0.107746	0.107746	0.0487335
0.05994	0.127891	0.127891	0.0578448
0.06993	0.147282	0.147282	0.0666156
0.07992	0.165807	0.165807	0.0749944
0.08991	0.183356	0.183356	0.0829319
0.0999	0.199827	0.199827	0.0903813
0.10989	0.215121	0.215121	0.097299
0.11988	0.22915	0.22915	0.103644
0.12987	0.24183	0.24183	0.109379
0.13986	0.253088	0.253088	0.114471
0.14985	0.262856	0.262856	0.11889
0.15984	0.271079	0.271079	0.122608
0.16983	0.277706	0.277706	0.125606
0.17982	0.2827	0.2827	0.127865
0.18981	0.286031	0.286031	0.129372
0.1998	0.28768	0.28768	0.130117
0.20979	0.287637	0.287637	0.130098
0.21978	0.285902	0.285902	0.129313
0.22977	0.282486	0.282486	0.127768
0.23976	0.277409	0.277409	0.125472
0.24975	0.270701	0.270701	0.122438
0.25974	0.262402	0.262402	0.118684
0.26973	0.25256	0.25256	0.114233
0.27972	0.241233	0.241233	0.10911
0.28971	0.228489	0.228489	0.103345
0.2997	0.214402	0.214402	0.0969738
0.30969	0.199055	0.199055	0.0900323
0.31968	0.182538	0.182538	0.0825619
0.32967	0.164949	0.164949	0.0746064
0.33966	0.146391	0.146391	0.0662126
0.34965	0.126974	0.126974	0.05743
0.35964	0.10681	0.10681	0.04831
0.36963	0.0860191	0.0860191	0.0389063
0.37962	0.0647232	0.0647232	0.0292742
0.38961	0.0430473	0.0430473	0.0194702
0.3996	0.0211187	0.0211187	0.00955198
0.40959	-0.000933787	-0.000933787	-0.000422351
0.41958	-0.0229808	-0.0229808	-0.0103942
0.42957	-0.0448931	-0.0448931	-0.0203051
0.43956	-0.0665419	-0.0665419	-0.0300968
0.44955	-0.0878004	-0.0878004	-0.039712
0.45954	-0.108544	-0.108544	-0.0490943
0.46953	-0.128651	-0.128651	-0.0581887
0.47952	-0.148004	-0.148004	-0.0669419
0.48951	-0.166489	-0.166489	-0.0753027
0.4995	-0.183998	-0.183998	-0.0832221
0.50949	-0.200429	-0.200429	-0.0906538
0.51948	-0.215686	-0.215686	-0.0975543
0.52947	-0.229679	-0.229679	-0.103883
0.53946	-0.242326	-0.242326	-0.109604
0.54945	-0.253555	-0.253555	-0.114683
0.55944	-0.263299	-0.263299	-0.11909
0.56943	-0.271501	-0.271501	-0.1228
0.57942	-0.278115	-0.278115	-0.125791
0.58941	-0.283101	-0.283101	-0.128046
0.5994	-0.286431	-0.286431	-0.129552
0.60939	-0.288085	-0.288085	-0.130301
0.61938	-0.288055	-0.288055	-0.130287
0.62937	-0.28634	-0.28634	-0.129511
0.63936	-0.282952	-0.282952	-0.127979
0.64935	-0.277909	-0.277909	-0.125698
0.65934	-0.271243	-0.271243	-0.122683
0.66933	-0.262992	-0.262992	-0.118951
0.67932	-0.253206	-0.253206	-0.114525
0.68931	-0.24194	-0.24194	-0.109429
0.6993	-0.229263	-0.229263	-0.103695
0.70929	-0.215247	-0.215247	-0.0973559
0.71928	-0.199975	-0.199975	-0.0904485
0.72927	-0.183537	-0.183537	-0.0830135
0.73926	-0.166028	-0.166028	-0.0750942
0.74925	-0.147551	-0.147551	-0.0667372
0.75924	-0.128214	-0.128214	-0.0579911
0.76923	-0.10813	-0.10813	-0.048907
0.77922	-0.0874158	-0.0874158	-0.039538
0.78921	-0.0661924	-0.0661924	-0.0299387
0.7992	-0.0445836	-0.0445836	-0.0201651
0.80919	-0.0227152	-0.0227152	-0.010274
0.81918	-0.000714608	-0.000714608	-0.000323216
0.82917	0.0212901	0.0212901	0.0096295
0.83916	0.0431711	0.0431711	0.0195262
0.84915	0.0648009	0.0648009	0.0293094
0.85914	0.0860541	0.0860541	0.0389222
0.86913	0.106807	0.106807	0.0483087
0.87912	0.12694	0.12694	0.0574147
0.88911	0.146335	0.146335	0.0661871
0.8991	0.164881	0.164881	0.0745752
0.90909	0.182469	0.182469	0.0825305
0.91908	0.198999	0.198999	0.0900068
0.92907	0.214374	0.214374	0.0969611
0.93906	0.228506	0.228506	0.103353
0.94905	0.241313	0.241313	0.109146
0.95904	0.252722	0.252722	0.114306
0.96903	0.262667	0.262667	0.118804
0.97902	0.27109	0.27109	0.122614
0.98901	0.277944	0.277944	0.125714
0.999	0.28319	0.28319	0.128086
1.00899	0.286796	0.286796	0.129718
1.01898	0.288744	0.288744	0.130599
1.02897	0.289023	0.289023	0.130725
1.03896	0.287631	0.287631	0.130095
1.04895	0.284578	0.284578	0.128714
1.05894	0.27988	0.27988	0.126589
1.06893	0.273567	0.273567	0.123734
1.07892	0.265675	0.265675	0.120165
1.08891	0.25625	0.25625	0.115902
1.0989	0.245348	0.245348	0.110971
1.10889	0.233031	0.233031	0.1054
1.11888	0.219371	0.219371	0.0992213
1.12887	0.204448	0.204448	0.0924715
1.13886	0.188347	0.188347	0.0851891
1.14885	0.171162	0.171162	0.0774165
1.15884	0.152993	0.152993	0.0691984
1.16883	0.133943	0.133943	0.0605823
1.17882	0.114123	0.114123	0.0516179
1.18881	0.093648	0.093648	0.0423569
1.1988	0.0726346	0.0726346	0.0328525
1.20879	0.0512041	0.0512041	0.0231595
1.21878	0.0294797	0.0294797	0.0133336
1.22877	0.00758619	0.00758619	0.00343123
1.23876	-0.0143508	-0.0143508	-0.00649087
1.24875	-0.0362056	-0.0362056	-0.0163758
1.25874	-0.057853	-0.057853	-0.0261668
1.26873	-0.079169	-0.079169	-0.035808
1.27872	-0.100032	-0.100032	-0.0452442
1.28871	-0.120322	-0.120322	-0.0544216
1.2987	-0.139924	-0.139924	-0.0632876
1.30869	-0.158727	-0.158727	-0.0717918
1.31868	-0.176622	-0.176622	-0.0798858
1.32867	-0.193508	-0.193508	-0.0875235
1.33866	-0.20929	-0.20929	-0.0946615
1.34865	-0.223877	-0.223877	-0.101259
1.35864	-0.237188	-0.237188	-0.10728
1.36863	-0.249146	-0.249146	-0.112688
1.37862	-0.259684	-0.259684	-0.117455
1.38861	-0.268743	-0.268743	-0.121552
1.3986	-0.276272	-0.276272	-0.124958
1.40859	-0.28223	-0.28223	-0.127652
1.41858	-0.286582	-0.286582	-0.129621
1.42857	-0.289305	-0.289305	-0.130852
1.43856	-0.290384	-0.290384	-0.13134
1.44855	-0.289814	-0.289814	-0.131083
1.45854	-0.287599	-0.287599	-0.130081
1.46853	-0.283753	-0.283753	-0.128341
1.47852	-0.278298	-0.278298	-0.125874
1.48851	-0.271265	-0.271265	-0.122693
1.4985	-0.262696	-0.262696	-0.118817
1.50849	-0.25264	-0.25264	-0.114269
1.51848	-0.241154	-0.241154	-0.109074
1.52847	-0.228304	-0.228304	-0.103262
1.53846	-0.214164	-0.214164	-0.0968662
1.54845	-0.198814	-0.198814	-0.0899234
1.55844	-0.182342	-0.182342	-0.0824729
1.56843	-0.16484	-0.16484	-0.074557
1.57842	-0.146409	-0.146409	-0.0662206
1.58841	-0.127153	-0.127153	-0.0575109
1.5984	-0.10718	-0.10718	-0.0484772
1.60839	-0.0866033	-0.0866033	-0.0391706
1.61838	-0.0655397	-0.0655397	-0.0296435
1.62837	-0.0441074	-0.0441074	-0.0199497
1.63836	-0.0224271	-0.0224271	-0.0101438
1.64835	-0.000620884	-0.000620884	-0.000280825
1.65834	0.0211888	0.0211888	0.00958369
1.66833	0.0428797	0.0428797	0.0193944
1.67832	0.0643301	0.0643301	0.0290964
1.68831	0.08542	0.08542	0.0386353
1.6983	0.106031	0.106031	0.0479579
1.70829	0.126049	0.126049	0.057012
1.71828	0.145362	0.145362	0.0657471
1.72827	0.163862	0.163862	0.0741147
1.73826	0.181447	0.181447	0.0820682
1.74825	0.198018	0.198018	0.0895634
1.75824	0.213485	0.213485	0.0965588
1.76823	0.22776	0.22776	0.103016
1.77822	0.240767	0.240767	0.108898
1.78821	0.252432	0.252432	0.114175
1.7982	0.262692	0.262692	0.118815
1.80819	0.271491	0.271491	0.122795
1.81818	0.27878	0.27878	0.126092
1.82817	0.284521	0.284521	0.128689
1.83816	0.288682	0.288682	0.130571
1.84815	0.291242	0.291242	0.131728
1.85814	0.292186	0.292186	0.132155
1.86813	0.291512	0.291512	0.13185
1.87812	0.289223	0.289223	0.130815
1.88811	0.285334	0.285334	0.129056
1.8981	0.279867	0.279867	0.126583
1.90809	0.272854	0.272854	0.123411
1.91808	0.264333	0.264333	0.119558
1.92807	0.254354	0.254354	0.115044
1.93806	0.242973	0.242973	0.109896
1.94805	0.230252	0.230252	0.104143
1.95804	0.216264	0.216264	0.0978158
1.96803	0.201085	0.201085	0.0909505
1.97802	0.184801	0.184801	0.0835851
1.98801	0.167501	0.167501	0.0757603
1.998	0.149281	0.149281	0.0675195
2.00799	0.130242	0.130242	0.0589083
2.01798	0.110489	0.110489	0.049974
2.02797	0.0901305	0.0901305	0.0407659
2.03796	0.0692785	0.0692785	0.0313346
2.04795	0.0480475	0.0480475	0.0217318
2.05794	0.0265538	0.0265538	0.0120103
2.06793	0.00491504	0.00491504	0.00222307
2.07792	-0.0167506	-0.0167506	-0.00757626
2.08791	-0.0383248	-0.0383248	-0.0173343
2.0979	-0.0596902	-0.0596902	-0.0269978
2.10789	-0.0807305	-0.0807305	-0.0365143
2.11788	-0.101331	-0.101331	-0.0458321
2.12787	-0.121381	-0.121381	-0.0549007
2.13786	-0.140772	-0.140772	-0.0636709
2.14785	-0.159398	-0.159398	-0.0720954
2.15784	-0.177159	-0.177159	-0.0801289
2.16783	-0.19396	-0.19396	-0.0877279
2.17782	-0.20971	-0.20971	-0.0948518
2.18781	-0.224326	-0.224326	-0.101462
2.1978	-0.237728	-0.237728	-0.107524
2.20779	-0.249846	-0.249846	-0.113005
2.21778	-0.260614	-0.260614	-0.117875
2.22777	-0.269977	-0.269977	-0.12211
2.23776	-0.277884	-0.277884	-0.125687
2.24775	-0.284295	-0.284295	-0.128586
2.25774	-0.289176	-0.289176	-0.130794
2.26773	-0.292502	-0.292502	-0.132298
2.27772	-0.294256	-0.294256	-0.133092
2.28771	-0.294431	-0.294431	-0.133171
2.2977	-0.293027	-0.293027	-0.132536
2.30769	-0.290052	-0.290052	-0.13119
2.31768	-0.285525	-0.285525	-0.129142
2.32767	-0.27947	-0.27947	-0.126404
2.33766	-0.271921	-0.271921	-0.122989
2.34765	-0.26292	-0.26292	-0.118918
2.35764	-0.252516	-0.252516	-0.114213
2.36763	-0.240766	-0.240766	-0.108898
2.37762	-0.227734	-0.227734	-0.103004
2.38761	-0.213489	-0.213489	-0.0965609
2.3976	-0.19811	-0.19811	-0.0896048
2.40759	-0.181678	-0.181678	-0.0821727
2.41758	-0.164282	-0.164282	-0.0743045
2.42757	-0.146015	-0.146015	-0.0660423
2.43756	-0.126974	-0.126974	-0.0574302
2.44755	-0.107261	-0.107261	-0.0485141
2.45754	-0.0869813	-0.0869813	-0.0393415
2.46753	-0.0662418	-0.0662418	-0.0299611
2.47752	-0.0451526	-0.0451526	-0.0204224
2.48751	-0.0238253	-0.0238253	-0.0107761
2.4975	-0.00237242	-0.00237242	-0.00107304
2.50749	0.0190929	0.0190929	0.00863571
2.51748	0.0404579	0.0404579	0.0182991
2.52747	0.0616104	0.0616104	0.0278663
2.53746	0.0824395	0.0824395	0.0372873
2.54745	0.102836	0.102836	0.0465127
2.55744	0.122695	0.122695	0.0554946
2.56743	0.141911	0.141911	0.064186
2.57742	0.160385	0.160385	0.0725419
2.58741	0.178022	0.178022	0.080519
2.5974	0.194729	0.194729	0.0880759
2.60739	0.210422	0.210422	0.0951737
2.61738	0.225019	0.225019	0.101776
2.62737	0.238446	0.238446	0.107849
2.63736	0.250633	0.250633	0.113361
2.64735	0.261519	0.261519	0.118285
2.65734	0.271049	0.271049	0.122595
2.66733	0.279174	0.279174	0.12627
2.67732	0.285854	0.285854	0.129292
2.68731	0.291057	0.291057	0.131645
2.6973	0.294756	0.294756	0.133318
2.70729	0.296934	0.296934	0.134303
2.71728	0.297582	0.297582	0.134596
2.72727	0.296697	0.296697	0.134196
2.73726	0.294286	0.294286	0.133105
2.74725	0.290364	0.290364	0.131331
2.75724	0.28495	0.28495	0.128883
2.76723	0.278076	0.278076	0.125773
2.77722	0.269778	0.269778	0.12202
2.78721	0.260099	0.260099	0.117643
2.7972	0.249091	0.249091	0.112664
2.80719	0.236812	0.236812	0.10711
2.81718	0.223324	0.223324	0.101009
2.82717	0.2087	0.2087	0.0943946
2.83716	0.193013	0.193013	0.0872995
2.84715	0.176345	0.176345	0.0797607
2.85714	0.158782	0.158782	0.0718169
2.86713	0.140414	0.140414	0.0635089
2.87712	0.121334	0.121334	0.0548792
2.88711	0.10164	0.10164	0.0459718
2.8971	0.0814332	0.0814332	0.0368321
2.90709	0.0608147	0.0608147	0.0275064
2.91708	0.0398896	0.0398896	0.018042
2.92707	0.0187636	0.0187636	0.00848673
2.93706	-0.00245692	-0.00245692	-0.00111126
2.94705	-0.0236651	-0.0236651	-0.0107037
2.95704	-0.0447544	-0.0447544	-0.0202424
2.96703	-0.0656195	-0.0656195	-0.0296796
2.97702	-0.0861559	-0.0861559	-0.0389682
2.98701	-0.106262	-0.106262	-0.0480619
2.997	-0.125836	-0.125836	-0.0569156
3.00699	-0.144783	-0.144783	-0.0654852
3.01698	-0.163009	-0.163009	-0.0737285
3.02697	-0.180423	-0.180423	-0.0816049
3.03696	-0.19694	-0.19694	-0.0890755
3.04695	-0.212479	-0.212479	-0.0961038
3.05694	-0.226964	-0.226964	-0.102655
3.06693	-0.240325	-0.240325	-0.108699
3.07692	-0.252497	-0.252497	-0.114204
3.08691	-0.263422	-0.263422	-0.119145
3.0969	-0.273046	-0.273046	-0.123498
3.10689	-0.281325	-0.281325	-0.127243
3.11688	-0.288218	-0.288218	-0.130361
3.12687	-0.293695	-0.293695	-0.132838
3.13686	-0.29773	-0.29773	-0.134663
3.14685	-0.300304	-0.300304	-0.135827
3.15684	-0.301408	-0.301408	-0.136326
3.16683	-0.301037	-0.301037	-0.136159
3.17682	-0.299196	-0.299196	-0.135326
3.18681	-0.295895	-0.295895	-0.133833
3.1968	-0.291152	-0.291152	-0.131688
3.20679	-0.284992	-0.284992	-0.128902
3.21678	-0.277447	-0.277447	-0.125489
3.22677	-0.268556	-0.268556	-0.121468
3.23676	-0.258363	-0.258363	-0.116857
3.24675	-0.246919	-0.246919	-0.111681
3.25674	-0.234282	-0.234282	-0.105965
3.26673	-0.220514	-0.220514	-0.099738
3.27672	-0.205682	-0.205682	-0.0930297
3.28671	-0.18986	-0.18986	-0.0858735
3.2967	-0.173126	-0.173126	-0.0783044
3.30669	-0.155559	-0.155559	-0.0703594
3.31668	-0.137248	-0.137248	-0.0620769
3.32667	-0.118278	-0.118278	-0.0534972
3.33666	-0.0987436	-0.0987436	-0.0446616
3.34665	-0.0787373	-0.0787373	-0.0356128
3.35664	-0.0583555	-0.0583555	-0.0263941
3.36663	-0.0376959	-0.0376959	-0.0170498
3.37662	-0.0168569	-0.0168569	-0.00762437
3.38661	0.00406208	0.00406208	0.00183728
3.3966	0.0249619	0.0249619	0.0112902
3.40659	0.0457435	0.0457435	0.0206897
3.41658	0.0663088	0.0663088	0.0299914
3.42657	0.0865611	0.0865611	0.0391515
3.43656	0.106405	0.106405	0.048127
3.44655	0.125749	0.125749	0.056876
3.45654	0.144501	0.144501	0.0653576
3.46653	0.162575	0.162575	0.0735324
3.47652	0.179887	0.179887	0.0813626
3.48651	0.196357	0.196357	0.0888121
3.4965	0.21191	0.21191	0.0958465
3.50649	0.226473	0.226473	0.102434
3.51648	0.239982	0.239982	0.108544
3.52647	0.252374	0.252374	0.114149
3.53646	0.263594	0.263594	0.119223
3.54645	0.273591	0.273591	0.123745
3.55644	0.282322	0.282322	0.127694
3.56643	0.289746	0.289746	0.131052
3.57642	0.295833	0.295833	0.133805
3.58641	0.300557	0.300557	0.135941
3.5964	0.303897	0.303897	0.137452
3.60639	0.30584	0.30584	0.138331
3.61638	0.30638	0.30638	0.138575
3.62637	0.305517	0.305517	0.138185
3.63636	0.303256	0.303256	0.137162
3.64635	0.29961	0.29961	0.135513
3.65634	0.294598	0.294598	0.133246
3.66633	0.288245	0.288245	0.130373
3.67632	0.280582	0.280582	0.126907
3.68631	0.271646	0.271646	0.122865
3.6963	0.261479	0.261479	0.118267
3.70629	0.250129	0.250129	0.113133
3.71628	0.23765	0.23765	0.107489
3.72627	0.2241	0.2241	0.10136
3.73626	0.209541	0.209541	0.0947752
3.74625	0.194041	0.194041	0.0877644
3.75624	0.17767	0.17767	0.0803598
3.76623	0.160503	0.160503	0.0725954
3.77622	0.142619	0.142619	0.0645063
3.78621	0.124098	0.124098	0.0561294
3.7962	0.105024	0.105024	0.0475024
3.80619	0.0854833	0.0854833	0.038664
3.81618	0.0655627	0.0655627	0.0296539
3.82617	0.0453514	0.0453514	0.0205124
3.83616	0.0249394	0.0249394	0.01128
3.84615	0.00441716	0.00441716	0.00199788
3.85614	-0.0161246	-0.0161246	-0.00729312
3.86613	-0.0365953	-0.0365953	-0.016552
3.87612	-0.0569053	-0.0569053	-0.0257382
3.88611	-0.0769656	-0.0769656	-0.0348115
3.8961	-0.0966889	-0.0966889	-0.0437323
3.90609	-0.11599	-0.11599	-0.0524619
3.91608	-0.134784	-0.134784	-0.0609627
3.92607	-0.152992	-0.152992	-0.0691979
3.93606	-0.170534	-0.170534	-0.0771322
3.94605	-0.187336	-0.187336	-0.0847317
3.95604	-0.203326	-0.203326	-0.0919641
3.96603	-0.218437	-0.218437	-0.0987989
3.97602	-0.232605	-0.232605	-0.105207
3.98601	-0.245771	-0.245771	-0.111162
3.996	-0.25788	-0.25788	-0.116639
4.00599	-0.268882	-0.268882	-0.121615
4.01598	-0.278732	-0.278732	-0.12607
4.02597	-0.287389	-0.287389	-0.129986
4.03596	-0.29482	-0.29482	-0.133347
4.04595	-0.300995	-0.300995	-0.136139
4.05594	-0.305889	-0.305889	-0.138353
4.06593	-0.309485	-0.309485	-0.13998
4.07592	-0.31177	-0.31177	-0.141013
4.08591	-0.312736	-0.312736	-0.14145
4.0959	-0.312383	-0.312383	-0.14129
4.10589	-0.310713	-0.310713	-0.140535
4.11588	-0.307738	-0.307738	-0.139189
4.12587	-0.303471	-0.303471	-0.137259
4.13586	-0.297933	-0.297933	-0.134755
4.14585	-0.29115	-0.29115	-0.131687
4.15584	-0.283152	-0.283152	-0.128069
4.16583	-0.273976	-0.273976	-0.123919
4.17582	-0.263661	-0.263661	-0.119254
4.18581	-0.252253	-0.252253	-0.114094
4.1958	-0.239801	-0.239801	-0.108462
4.20579	-0.226359	-0.226359	-0.102382
4.21578	-0.211984	-0.211984	-0.0958802
4.22577	-0.196737	-0.196737	-0.088984
4.23576	-0.180683	-0.180683	-0.0817226
4.24575	-0.163888	-0.163888	-0.0741264
4.25574	-0.146424	-0.146424	-0.0662272
4.26573	-0.128362	-0.128362	-0.0580578
4.27572	-0.109777	-0.109777	-0.0496521
4.28571	-0.0907468	-0.0907468	-0.0410446
4.2957	-0.0713485	-0.0713485	-0.0322708
4.30569	-0.0516615	-0.0516615	-0.0233664
4.31568	-0.031766	-0.031766	-0.0143677
4.32567	-0.0117425	-0.0117425	-0.00531111
4.33566	0.00832824	0.00832824	0.00376685
4.34565	0.0283656	0.0283656	0.0128297
4.35564	0.0482895	0.0482895	0.0218413
4.36563	0.0680205	0.0680205	0.0307656
4.37562	0.0874805	0.0874805	0.0395673
4.38561	0.106593	0.106593	0.0482118
4.3956	0.125282	0.125282	0.0566649
4.40559	0.143476	0.143476	0.0648938
4.41558	0.161102	0.161102	0.0728664
4.42557	0.178094	0.178094	0.0805518
4.43556	0.194386	0.194386	0.0879205
4.44555	0.209915	0.209915	0.0949443
4.45554	0.224622	0.224622	0.101596
4.46553	0.238452	0.238452	0.107852
4.47552	0.251353	0.251353	0.113687
4.48551	0.263277	0.263277	0.11908
4.4955	0.274179	0.274179	0.124011
4.50549	0.284021	0.284021	0.128462
4.51548	0.292766	0.292766	0.132418
4.52547	0.300383	0.300383	0.135863
4.53546	0.306846	0.306846	0.138786
4.54545	0.312132	0.312132	0.141177
4.55544	0.316224	0.316224	0.143028
4.56543	0.31911	0.31911	0.144333
4.57542	0.320781	0.320781	0.145089
4.58541	0.321234	0.321234	0.145294
4.5954	0.32047	0.32047	0.144948
4.60539	0.318494	0.318494	0.144055
4.61538	0.315318	0.315318	0.142618
4.62537	0.310956	0.310956	0.140645
4.63536	0.305427	0.305427	0.138144
4.64535	0.298755	0.298755	0.135127
4.65534	0.290968	0.290968	0.131604
4.66533	0.282097	0.282097	0.127592
4.67532	0.272178	0.272178	0.123106
4.68531	0.261251	0.261251	0.118163
4.6953	0.249358	0.249358	0.112784
4.70529	0.236546	0.236546	0.106989
4.71528	0.222863	0.222863	0.100801
4.72527	0.208364	0.208364	0.0942426
4.73526	0.193101	0.193101	0.0873395
4.74525	0.177135	0.177135	0.0801177
4.75524	0.160523	0.160523	0.0726043
4.76523	0.143329	0.143329	0.0648274
4.77522	0.125615	0.125615	0.0568156
4.78521	0.107448	0.107448	0.0485987
4.7952	0.0888942	0.0888942	0.0402067
4.80519	0.0700208	0.0700208	0.0316703
4.81518	0.0508965	0.0508965	0.0230204
4.82517	0.0315903	0.0315903	0.0142882
4.83516	0.0121715	0.0121715	0.00550514
4.84515	-0.00729062	-0.00729062	-0.00329754
4.85514	-0.0267269	-0.0267269	-0.0120885
4.86513	-0.0460688	-0.0460688	-0.0208368
4.87512	-0.0652482	-0.0652482	-0.0295117
4.88511	-0.0841984	-0.0841984	-0.0380828
4.8951	-0.102853	-0.102853	-0.0465205
4.90509	-0.121149	-0.121149	-0.0547955
4.91508	-0.139022	-0.139022	-0.0628796
4.92507	-0.156412	-0.156412	-0.070745
4.93506	-0.17326	-0.17326	-0.0783653
4.94505	-0.189509	-0.189509	-0.0857147
4.95504	-0.205105	-0.205105	-0.0927687
4.96503	-0.219996	-0.219996	-0.0995039
4.97502	-0.234133	-0.234133	-0.105898
4.98501	-0.24747	-0.24747	-0.11193
4.995	-0.259964	-0.259964	-0.117581
5.00499	-0.271575	-0.271575	-0.122833
5.01498	-0.282266	-0.282266	-0.127668
5.02497	-0.292004	-0.292004	-0.132073
5.03496	-0.300758	-0.300758	-0.136032
5.04495	-0.308503	-0.308503	-0.139535
5.05494	-0.315215	-0.315215	-0.142571
5.06493	-0.320875	-0.320875	-0.145132
5.07492	-0.325468	-0.325468	-0.147209
5.08491	-0.328982	-0.328982	-0.148798
5.0949	-0.331407	-0.331407	-0.149895
5.10489	-0.33274	-0.33274	-0.150498
5.11488	-0.332979	-0.332979	-0.150606
5.12487	-0.332128	-0.332128	-0.150221
5.13486	-0.330191	-0.330191	-0.149345
5.14485	-0.32718	-0.32718	-0.147983
5.15484	-0.323107	-0.323107	-0.146141
5.16483	-0.317988	-0.317988	-0.143826
5.17482	-0.311844	-0.311844	-0.141047
5.18481	-0.304697	-0.304697	-0.137814
5.1948	-0.296574	-0.296574	-0.13414
5.20479	-0.287504	-0.287504	-0.130038
5.21478	-0.277518	-0.277518	-0.125521
5.22477	-0.266652	-0.266652	-0.120606
5.23476	-0.254942	-0.254942	-0.11531
5.24475	-0.242429	-0.242429	-0.10965
5.25474	-0.229153	-0.229153	-0.103646
5.26473	-0.21516	-0.21516	-0.0973168
5.27472	-0.200496	-0.200496	-0.090684
5.28471	-0.185208	-0.185208	-0.0837692
5.2947	-0.169345	-0.169345	-0.0765947
5.30469	-0.15296	-0.15296	-0.0691835
5.31468	-0.136103	-0.136103	-0.0615593
5.32467	-0.118829	-0.118829	-0.0537462
5.33466	-0.101191	-0.101191	-0.0457687
5.34465	-0.0832454	-0.0832454	-0.0376518
5.35464	-0.0650466	-0.0650466	-0.0294205
5.36463	-0.0466509	-0.0466509	-0.0211002
5.37462	-0.0281146	-0.0281146	-0.0127162
5.38461	-0.00949374	-0.00949374	-0.00429401
5.3946	0.00915557	0.00915557	0.00414105
5.40459	0.0277776	0.0277776	0.0125638
5.41458	0.0463171	0.0463171	0.0209492
5.42457	0.0647195	0.0647195	0.0292725
5.43456	0.0829309	0.0829309	0.0375095
5.44455	0.100899	0.100899	0.0456363
5.45454	0.118571	0.118571	0.0536294
5.46453	0.135897	0.135897	0.061466
5.47452	0.152828	0.152828	0.0691239
5.48451	0.169317	0.169317	0.0765817
5.4945	0.185317	0.185317	0.0838184
5.50449	0.200784	0.200784	0.0908143
5.51448	0.215676	0.215676	0.0975501
5.52447	0.229953	0.229953	0.104008
5.53446	0.243577	0.243577	0.11017
5.54445	0.256512	0.256512	0.11602
5.55444	0.268723	0.268723	0.121543
5.56443	0.280179	0.280179	0.126725
5.57442	0.290852	0.290852	0.131552
5.58441	0.300714	0.300714	0.136013
5.5944	0.309742	0.309742	0.140096
5.60439	0.317914	0.317914	0.143792
5.61438	0.32521	0.32521	0.147092
5.62437	0.331615	0.331615	0.149989
5.63436	0.337115	0.337115	0.152476
5.64435	0.341697	0.341697	0.154549
5.65434	0.345355	0.345355	0.156204
5.66433	0.348081	0.348081	0.157437
5.67432	0.349872	0.349872	0.158247
5.68431	0.350728	0.350728	0.158634
5.6943	0.35065	0.35065	0.158599
5.70429	0.349642	0.349642	0.158143
5.71428	0.347711	0.347711	0.157269
5.72427	0.344866	0.344866	0.155982
5.73426	0.341118	0.341118	0.154287
5.74425	0.336481	0.336481	0.15219
5.75424	0.330972	0.330972	0.149698
5.76423	0.324607	0.324607	0.146819
5.77422	0.317408	0.317408	0.143563
5.78421	0.309396	0.309396	0.139939
5.7942	0.300595	0.300595	0.135959
5.80419	0.291032	0.291032	0.131633
5.81418	0.280734	0.280734	0.126975
5.82417	0.26973	0.26973	0.121998
5.83416	0.258051	0.258051	0.116716
5.84415	0.245729	0.245729	0.111143
5.85414	0.232798	0.232798	0.105294
5.86413	0.219293	0.219293	0.099186
5.87412	0.205249	0.205249	0.092834
5.88411	0.190704	0.190704	0.0862551
5.8941	0.175694	0.175694	0.0794663
5.90409	0.16026	0.16026	0.0724853
5.91408	0.144439	0.144439	0.0653296
5.92407	0.128272	0.128272	0.0580173
5.93406	0.111799	0.111799	0.0505666
5.94405	0.0950607	0.0950607	0.0429958
5.95404	0.0780978	0.0780978	0.0353236
5.96403	0.0609514	0.0609514	0.0275683
5.97402	0.0436625	0.0436625	0.0197485
5.98401	0.026272	0.026272	0.0118828
5.994	0.00882064	0.00882064	0.00398956
6.00399	-0.00865105	-0.00865105	-0.00391286
6.01398	-0.026103	-0.026103	-0.0118063
6.02397	-0.0434954	-0.0434954	-0.0196729
6.03396	-0.0607894	-0.0607894	-0.027495
6.04395	-0.0779464	-0.0779464	-0.035255
6.05394	-0.0949286	-0.0949286	-0.0429361
6.06393	-0.111699	-0.111699	-0.0505214
6.07392	-0.128222	-0.128222	-0.0579947
6.08391	-0.144462	-0.144462	-0.06534
6.0939	-0.160385	-0.160385	-0.072542
6.10389	-0.175959	-0.175959	-0.0795858
6.11388	-0.19115	-0.19115	-0.086457
6.12387	-0.205929	-0.205929	-0.0931416
6.13386	-0.220267	-0.220267	-0.0996265
6.14385	-0.234135	-0.234135	-0.105899
6.15384	-0.247506	-0.247506	-0.111947
6.16383	-0.260356	-0.260356	-0.117759
6.17382	-0.27266	-0.27266	-0.123324
6.18381	-0.284395	-0.284395	-0.128632
6.1938	-0.295542	-0.295542	-0.133673
6.20379	-0.30608	-0.30608	-0.13844
6.21378	-0.315992	-0.315992	-0.142923
6.22377	-0.32526	-0.32526	-0.147115
6.23376	-0.333872	-0.333872	-0.15101
6.24375	-0.341812	-0.341812	-0.154601
6.25374	-0.349069	-0.349069	-0.157884
6.26373	-0.355634	-0.355634	-0.160853
6.27372	-0.361497	-0.361497	-0.163505
6.28371	-0.366652	-0.366652	-0.165836
6.2937	-0.371094	-0.371094	-0.167845
6.30369	-0.374817	-0.374817	-0.169529
6.31368	-0.377819	-0.377819	-0.170887
6.32367	-0.380101	-0.380101	-0.171919
6.33366	-0.381661	-0.381661	-0.172625
6.34365	-0.382502	-0.382502	-0.173005
6.35364	-0.382627	-0.382627	-0.173062
6.36363	-0.382041	-0.382041	-0.172797
6.37362	-0.380749	-0.380749	-0.172212
6.38361	-0.378759	-0.378759	-0.171312
6.3936	-0.37608	-0.37608	-0.1701
6.40359	-0.37272	-0.37272	-0.168581
6.41358	-0.368692	-0.368692	-0.166759
6.42357	-0.364006	-0.364006	-0.164639
6.43356	-0.358676	-0.358676	-0.162228
6.44355	-0.352715	-0.352715	-0.159533
6.45354	-0.346139	-0.346139	-0.156558
6.46353	-0.338964	-0.338964	-0.153313
6.47352	-0.331207	-0.331207	-0.149804
6.48351	-0.322884	-0.322884	-0.14604
6.4935	-0.314015	-0.314015	-0.142029
6.50349	-0.304619	-0.304619	-0.137779
6.51348	-0.294714	-0.294714	-0.133299
6.52347	-0.284323	-0.284323	-0.128599
6.53346	-0.273464	-0.273464	-0.123688
6.54345	-0.262161	-0.262161	-0.118575
6.55344	-0.250434	-0.250434	-0.113271
6.56343	-0.238306	-0.238306	-0.107786
6.57342	-0.225799	-0.225799	-0.102129
6.58341	-0.212937	-0.212937	-0.0963112
6.5934	-0.199742	-0.199742	-0.090343
6.60339	-0.186237	-0.186237	-0.0842349
6.61338	-0.172447	-0.172447	-0.0779974
6.62337	-0.158393	-0.158393	-0.071641
6.63336	-0.144101	-0.144101	-0.0651765
6.64335	-0.129592	-0.129592	-0.0586144
6.65334	-0.114892	-0.114892	-0.0519654
6.66333	-0.100022	-0.100022	-0.04524
6.67332	-0.0850071	-0.0850071	-0.0384486
6.68331	-0.0698691	-0.0698691	-0.0316017
6.6933	-0.0546312	-0.0546312	-0.0247096
6.70329	-0.0393158	-0.0393158	-0.0177825
6.71328	-0.0239453	-0.0239453	-0.0108304
6.72327	-0.00854135	-0.00854135	-0.00386324
6.73326	0.00687435	0.00687435	0.00310926
6.74325	0.0222807	0.0222807	0.0100775
6.75324	0.037657	0.037657	0.0170322
6.76323	0.052983	0.052983	0.0239642
6.77322	0.068239	0.068239	0.0308644
6.78321	0.0834057	0.0834057	0.0377243
6.7932	0.0984642	0.0984642	0.0445352
6.80319	0.113397	0.113397	0.0512891
6.81318	0.128185	0.128185	0.0579779
6.82317	0.142813	0.142813	0.064594
6.83316	0.157263	0.157263	0.0711298
6.84315	0.17152	0.17152	0.0775783
6.85314	0.185569	0.185569	0.0839326
6.86313	0.199395	0.199395	0.0901862
6.87312	0.212985	0.212985	0.0963326
6.88311	0.226324	0.226324	0.102366
6.8931	0.239401	0.239401	0.108281
6.90309	0.252204	0.252204	0.114071
6.91308	0.264721	0.264721	0.119733
6.92307	0.276942	0.276942	0.125261
6.93306	0.288857	0.288857	0.13065
6.94305	0.300458	0.300458	0.135897
6.95304	0.311734	0.311734	0.140997
6.96303	0.322679	0.322679	0.145947
6.97302	0.333286	0.333286	0.150745
6.98301	0.343547	0.343547	0.155386
6.993	0.353458	0.353458	0.159868
7.00299	0.363012	0.363012	0.16419
7.01298	0.372206	0.372206	0.168348
7.02297	0.381035	0.381035	0.172342
7.03296	0.389496	0.389496	0.176169
7.04295	0.397587	0.397587	0.179828
7.05294	0.405304	0.405304	0.183319
7.06293	0.412648	0.412648	0.18664
7.07292	0.419616	0.419616	0.189792
7.08291	0.426208	0.426208	0.192773
7.0929	0.432425	0.432425	0.195585
7.10289	0.438267	0.438267	0.198227
7.11288	0.443735	0.443735	0.200701
7.12287	0.44883	0.44883	0.203005
7.13286	0.453556	0.453556	0.205143
7.14285	0.457914	0.457914	0.207114
7.15284	0.461907	0.461907	0.20892
7.16283	0.465539	0.465539	0.210563
7.17282	0.468814	0.468814	0.212044
7.18281	0.471736	0.471736	0.213365
7.1928	0.474309	0.474309	0.214529
7.20279	0.476538	0.476538	0.215537
7.21278	0.478428	0.478428	0.216393
7.22277	0.479986	0.479986	0.217097
7.23276	0.481216	0.481216	0.217654
7.24275	0.482126	0.482126	0.218065
7.25274	0.48272	0.48272	0.218334
7.26273	0.483007	0.483007	0.218463
7.27272	0.482992	0.482992	0.218456
7.28271	0.482682	0.482682	0.218317
7.2927	0.482086	0.482086	0.218047
7.30269	0.48121	0.48121	0.21765
7.31268	0.480061	0.480061	0.217131
7.32267	0.478648	0.478648	0.216492
7.33266	0.476978	0.476978	0.215736
7.34265	0.475059	0.475059	0.214868
7.35264	0.472898	0.472898	0.213891
7.36263	0.470505	0.470505	0.212809
7.37262	0.467887	0.467887	0.211625
7.38261	0.465052	0.465052	0.210342
7.3926	0.462008	0.462008	0.208966
7.40259	0.458764	0.458764	0.207498
7.41258	0.455328	0.455328	0.205944
7.42257	0.451707	0.451707	0.204306
7.43256	0.44791	0.44791	0.202589
7.44255	0.443946	0.443946	0.200796
7.45254	0.439821	0.439821	0.19893
7.46253	0.435545	0.435545	0.196996
7.47252	0.431125	0.431125	0.194997
7.48251	0.426568	0.426568	0.192936
7.4925	0.421884	0.421884	0.190818
7.50249	0.417079	0.417079	0.188644
7.51248	0.412161	0.412161	0.18642
7.52247	0.407138	0.407138	0.184148
7.53246	0.402017	0.402017	0.181832
7.54245	0.396805	0.396805	0.179474
7.55244	0.391509	0.391509	0.177079
7.56243	0.386137	0.386137	0.174649
7.57242	0.380696	0.380696	0.172188
7.58241	0.375191	0.375191	0.169698
7.5924	0.36963	0.36963	0.167183
7.60239	0.364018	0.364018	0.164645
7.61238	0.358363	0.358363	0.162087
7.62237	0.352671	0.352671	0.159513
7.63236	0.346947	0.346947	0.156924
7.64235	0.341197	0.341197	0.154323
7.65234	0.335426	0.335426	0.151713
7.66233	0.329641	0.329641	0.149096
7.67232	0.323847	0.323847	0.146475
7.68231	0.318048	0.318048	0.143853
7.6923	0.31225	0.31225	0.14123
7.70229	0.306457	0.306457	0.13861
7.71228	0.300674	0.300674	0.135994
7.72227	0.294905	0.294905	0.133385
7.73226	0.289155	0.289155	0.130784
7.74225	0.283428	0.283428	0.128194
7.75224	0.277727	0.277727	0.125616
7.76223	0.272057	0.272057	0.123051
7.77222	0.266421	0.266421	0.120502
7.78221	0.260822	0.260822	0.11797
7.7922	0.255264	0.255264	0.115456
7.80219	0.24975	0.24975	0.112962
7.81218	0.244283	0.244283	0.110489
7.82217	0.238865	0.238865	0.108038
7.83216	0.233499	0.233499	0.105611
7.84215	0.228188	0.228188	0.103209
7.85214	0.222933	0.222933	0.100832
7.86213	0.217738	0.217738	0.0984826
7.87212	0.212604	0.212604	0.0961604
7.88211	0.207533	0.207533	0.0938668
7.8921	0.202526	0.202526	0.0916024
7.90209	0.197586	0.197586	0.0893681
7.91208	0.192714	0.192714	0.0871645
7.92207	0.187912	0.187912	0.0849922
7.93206	0.183179	0.183179	0.0828518
7.94205	0.178519	0.178519	0.0807438
7.95204	0.173931	0.173931	0.0786687
7.96203	0.169416	0.169416	0.0766268
7.97202	0.164976	0.164976	0.0746185
7.98201	0.160611	0.160611	0.0726441
7.992	0.156321	0.156321	0.0707039
8.00199	0.152108	0.152108	0.0687981
8.01198	0.14797	0.14797	0.0669268
8.02197	0.14391	0.14391	0.0650902
8.03196	0.139926	0.139926	0.0632884
8.04195	0.136019	0.136019	0.0615213
8.05194	0.13219	0.13219	0.0597892
8.06193	0.128437	0.128437	0.0580918
8.07192	0.124761	0.124761	0.0564292
8.08191	0.121162	0.121162	0.0548012
8.0919	0.117639	0.117639	0.0532078
8.10189	0.114192	0.114192	0.0516488
8.11188	0.110821	0.110821	0.0501241
8.12187	0.107525	0.107525	0.0486334
8.13186	0.104304	0.104304	0.0471764
8.14185	0.101157	0.101157	0.0457531
8.15184	0.0980834	0.0980834	0.044363
8.16183	0.095083	0.095083	0.0430059
8.17182	0.0921549	0.0921549	0.0416815
8.18181	0.0892983	0.0892983	0.0403895
8.1918	0.0865125	0.0865125	0.0391295
8.20179	0.0837967	0.0837967	0.0379011
8.21178	0.08115	0.08115	0.0367041
8.22177	0.0785717	0.0785717	0.0355379
8.23176	0.0760608	0.0760608	0.0344022
8.24175	0.0736163	0.0736163	0.0332966
8.25174	0.0712375	0.0712375	0.0322206
8.26173	0.0689233	0.0689233	0.0311739
8.27172	0.0666728	0.0666728	0.030156
8.28171	0.064485	0.064485	0.0291665
8.2917	0.0623589	0.0623589	0.0282048
8.30169	0.0602934	0.0602934	0.0272706
8.31168	0.0582877	0.0582877	0.0263634
8.32167	0.0563406	0.0563406	0.0254828
8.33166	0.0544512	0.0544512	0.0246282
8.34165	0.0526183	0.0526183	0.0237992
8.35164	0.0508411	0.0508411	0.0229954
8.36163	0.0491184	0.0491184	0.0222162
8.37162	0.0474492	0.0474492	0.0214612
8.38161	0.0458325	0.0458325	0.02073
8.3916	0.0442673	0.0442673	0.020022
8.40159	0.0427525	0.0427525	0.0193369
8.41158	0.0412872	0.0412872	0.0186741
8.42157	0.0398703	0.0398703	0.0180333
8.43156	0.0385008	0.0385008	0.0174139
8.44155	0.0371778	0.0371778	0.0168155
8.45154	0.0359003	0.0359003	0.0162377
8.46153	0.0346674	0.0346674	0.01568
8.47152	0.033478	0.033478	0.0151421
8.48151	0.0323313	0.0323313	0.0146234
8.4915	0.0312263	0.0312263	0.0141236
8.50149	0.0301622	0.0301622	0.0136423
8.51148	0.0291381	0.0291381	0.0131791
8.52147	0.028153	0.028153	0.0127336
8.53146	0.0272062	0.0272062	0.0123053
8.54145	0.0262968	0.0262968	0.011894
8.55144	0.0254241	0.0254241	0.0114993
8.56143	0.0245872	0.0245872	0.0111208
8.57142	0.0237854	0.0237854	0.0107581
8.58141	0.023018	0.023018	0.010411
8.5914	0.0222842	0.0222842	0.0100791
8.60139	0.0215833	0.0215833	0.00976211
8.61138	0.0209147	0.0209147	0.00945971
8.62137	0.0202778	0.0202778	0.00917162
8.63136	0.0196719	0.0196719	0.00889757
8.64135	0.0190964	0.0190964	0.00863728
8.65134	0.0185508	0.0185508	0.0083905
8.66133	0.0180345	0.0180345	0.00815699
8.67132	0.0175471	0.0175471	0.00793652
8.68131	0.017088	0.017088	0.00772888
8.6913	0.0166568	0.0166568	0.00753387
8.70129	0.0162532	0.0162532	0.00735129
8.71128	0.0158766	0.0158766	0.00718098
8.72127	0.0155268	0.0155268	0.00702276
8.73126	0.0152035	0.0152035	0.00687651
8.74125	0.0149063	0.0149063	0.00674209
8.75124	0.014635	0.014635	0.00661938
8.76123	0.0143894	0.0143894	0.0065083
8.77122	0.0141693	0.0141693	0.00640874
8.78121	0.0139745	0.0139745	0.00632067
8.7912	0.0138051	0.0138051	0.00624401
8.80119	0.0136608	0.0136608	0.00617876
8.81118	0.0135417	0.0135417	0.00612489
8.82117	0.0134478	0.0134478	0.00608241
8.83116	0.0133791	0.0133791	0.00605135
8.84115	0.0133358	0.0133358	0.00603177
8.85114	0.013318	0.013318	0.00602373
8.86113	0.013326	0	0.00602731
8.87112	0.0133598	0	0.00604264
8.88111	0.01342	0	0.00606985
8.8911	0.0135068	0	0.00610911
8.90109	0.0136206	0	0.00616059
8.91108	0.0137619	0	0.00622451
8.92107	0.0139313	0	0.00630111
8.93106	0.0141293	0	0.00639066
8.94105	0.0143566	0	0.00649345
8.95104	0.0146138	0	0.00660982
8.96103	0.0149019	0	0.00674013
8.97102	0.0152217	0	0.00688476
8.98101	0.0155741	0	0.00704416
8.991	0.0159602	0	0.00721879
9.00099	0.0163811	0	0.00740916
9.01098	0.016838	0	0.00761581
9.02097	0.0173322	0	0.00783934
9.03096	0.0178651	0	0.00808038
9.04095	0.0184383	0	0.00833961
9.05094	0.0190533	0	0.00861778
9.06093	0.0197119	0	0.00891566
9.07092	0.0204159	0	0.0092341
9.08091	0.0211674	0	0.00957401
9.0909	0.0219685	0	0.00993634
9.10089	0.0228215	0	0.0103221
9.11088	0.0237287	0	0.0107325
9.12087	0.0246928	0	0.0111685
9.13086	0.0257165	0	0.0116315
9.14085	0.0268028	0	0.0121229
9.15084	0.0279548	0	0.0126439
9.16083	0.0291758	0	0.0131962
9.17082	0.0304694	0	0.0137813
9.18081	0.0318394	0	0.0144009
9.1908	0.0332897	0	0.0150569
9.20079	0.0348247	0	0.0157512
9.21078	0.0364489	0	0.0164858
9.22077	0.0381671	0	0.0172629
9.23076	0.0399845	0	0.0180849
9.24075	0.0419064	0	0.0189542
9.25074	0.0439388	0	0.0198735
9.26073	0.0460878	0	0.0208454
9.27072	0.0483598	0	0.0218731
9.28071	0.050762	0	0.0229596
9.2907	0.0533017	0	0.0241083
9.30069	0.0559867	0	0.0253227
9.31068	0.0588254	0	0.0266067
9.32067	0.0618268	0	0.0279642
9.33066	0.0650002	0	0.0293995
9.34065	0.0683556	0	0.0309172
9.35064	0.0719039	0	0.032522
9.36063	0.0756563	0	0.0342192
9.37062	0.0796248	0	0.0360142
9.38061	0.0838223	0	0.0379127
9.3906	0.0882625	0	0.039921
9.40059	0.0929599	0	0.0420456
9.41058	0.0979298	0	0.0442935
9.42057	0.103189	0	0.0466721
9.43056	0.108754	0	0.0491893
9.44055	0.114644	0	0.0518535
9.45054	0.120879	0	0.0546736
9.46053	0.12748	0	0.0576592
9.47052	0.13447	0	0.0608204
9.48051	0.141871	0	0.0641679
9.4905	0.149709	0	0.0677133
9.50049	0.158012	0	0.0714687
9.51048	0.166808	0	0.0754471
9.52047	0.176128	0	0.0796624
9.53046	0.186004	0	0.0841293
9.54045	0.196471	0	0.0888636
9.55044	0.207566	0	0.0938819
9.56043	0.219329	0	0.0992021
9.57042	0.231801	0	0.104843
9.58041	0.245027	0	0.110826
9.5904	0.259056	0	0.117171
9.60039	0.273937	0	0.123901
9.61038	0.289725	0	0.131042
9.62037	0.306479	0	0.13862
9.63036	0.324258	0	0.146662
9.64035	0.343131	0	0.155198
9.65034	0.363165	0	0.164259
9.66033	0.384438	0	0.173881
9.67032	0.407027	0	0.184098
9.68031	0.431019	0	0.194949
9.6903	0.456505	0	0.206476
9.70029	0.483581	0	0.218723
9.71028	0.512352	0	0.231736
9.72027	0.542927	0	0.245565
9.73026	0.575427	0	0.260265
9.74025	0.609975	0	0.275891
9.75024	0.646709	0	0.292506
9.76023	0.685771	0	0.310173
9.77022	0.727316	0	0.328964
9.78021	0.771508	0	0.348952
9.7902	0.818523	0	0.370217
9.80019	0.86855	0	0.392844
9.81018	0.921788	0	0.416924
9.82017	0.978454	0	0.442553
9.83016	1.03878	0	0.469837
9.84015	1.103	0	0.498887
9.85014	1.17139	0	0.52982
9.86013	1.24423	0	0.562765
9.87012	1.32182	0	0.597857
9.88011	1.40448	0	0.635243
9.8901	1.49255	0	0.675077
9.90009	1.5864	0	0.717528
9.91008	1.68644	0	0.762774
9.92007	1.79307	0	0.811005
9.93006	1.90677	0	0.862427
9.94005	2.028	0	0.91726
9.95004	2.15729	0	0.975738
9.96003	2.29519	0	1.03811
9.97002	2.44231	0	1.10465
9.98001	2.59928	0	1.17565
9.99	2.76679	0	1.25142
