0	0.356885	0.356885	1
0.00999	0.356441	0.356441	0.998754
0.01998	0.355107	0.355107	0.995016
0.02997	0.352887	0.352887	0.988797
0.03996	0.349787	0.349787	0.980111
0.04995	0.345815	0.345815	0.96898
0.05994	0.34098	0.34098	0.955432
0.06993	0.335294	0.335294	0.939501
0.07992	0.328773	0.328773	0.921227
0.08991	0.321431	0.321431	0.900656
0.0999	0.313288	0.313288	0.877838
0.10989	0.304363	0.304363	0.852832
0.11988	0.29468	0.29468	0.825699
0.12987	0.284262	0.284262	0.796507
0.13986	0.273135	0.273135	0.76533
0.14985	0.261328	0.261328	0.732246
0.15984	0.248869	0.248869	0.697336
0.16983	0.23579	0.23579	0.660688
0.17982	0.222124	0.222124	0.622395
0.18981	0.207904	0.207904	0.58255
0.1998	0.193166	0.193166	0.541255
0.20979	0.177947	0.177947	0.498612
0.21978	0.162285	0.162285	0.454726
0.22977	0.146219	0.146219	0.409709
0.23976	0.129789	0.129789	0.363672
0.24975	0.113036	0.113036	0.31673
0.25974	0.096002	0.096002	0.268999
0.26973	0.0787288	0.0787288	0.2206
0.27972	0.0612599	0.0612599	0.171651
0.28971	0.0436386	0.0436386	0.122276
0.2997	0.0259088	0.0259088	0.072597
0.30969	0.00811464	0.00811464	0.0227374
0.31968	-0.00969971	-0.00969971	-0.0271788
0.32967	-0.02749	-0.02749	-0.0770274
0.33966	-0.0452119	-0.0452119	-0.126685
0.34965	-0.0628217	-0.0628217	-0.176028
0.35964	-0.0802754	-0.0802754	-0.224933
0.36963	-0.09753	-0.09753	-0.273281
0.37962	-0.114543	-0.114543	-0.320951
0.38961	-0.131271	-0.131271	-0.367824
0.3996	-0.147674	-0.147674	-0.413786
0.40959	-0.163711	-0.163711	-0.458722
0.41958	-0.179343	-0.179343	-0.502521
0.42957	-0.19453	-0.19453	-0.545076
0.43956	-0.209235	-0.209235	-0.586281
0.44955	-0.223423	-0.223423	-0.626035
0.45954	-0.237057	-0.237057	-0.664239
0.46953	-0.250106	-0.250106	-0.700801
0.47952	-0.262536	-0.262536	-0.73563
0.48951	-0.274317	-0.274317	-0.768641
0.4995	-0.28542	-0.28542	-0.799752
0.50949	-0.295818	-0.295818	-0.828889
0.51948	-0.305487	-0.305487	-0.855979
0.52947	-0.314401	-0.314401	-0.880957
0.53946	-0.32254	-0.32254	-0.903763
0.54945	-0.329883	-0.329883	-0.924339
0.55944	-0.336414	-0.336414	-0.942638
0.56943	-0.342116	-0.342116	-0.958615
0.57942	-0.346975	-0.346975	-0.972232
0.58941	-0.350981	-0.350981	-0.983456
0.5994	-0.354123	-0.354123	-0.99226
0.60939	-0.356395	-0.356395	-0.998625
0.61938	-0.357791	-0.357791	-1.00254
0.62937	-0.358307	-0.358307	-1.00398
0.63936	-0.357945	-0.357945	-1.00297
0.64935	-0.356704	-0.356704	-0.99949
0.65934	-0.354588	-0.354588	-0.993561
0.66933	-0.351603	-0.351603	-0.985197
0.67932	-0.347756	-0.347756	-0.974419
0.68931	-0.343058	-0.343058	-0.961256
0.6993	-0.337521	-0.337521	-0.945739
0.70929	-0.331158	-0.331158	-0.92791
0.71928	-0.323985	-0.323985	-0.907813
0.72927	-0.316021	-0.316021	-0.885498
0.73926	-0.307286	-0.307286	-0.861021
0.74925	-0.297801	-0.297801	-0.834443
0.75924	-0.287589	-0.287589	-0.80583
0.76923	-0.276677	-0.276677	-0.775253
0.77922	-0.26509	-0.26509	-0.742789
0.78921	-0.252859	-0.252859	-0.708516
0.7992	-0.240012	-0.240012	-0.67252
0.80919	-0.226583	-0.226583	-0.634889
0.81918	-0.212602	-0.212602	-0.595715
0.82917	-0.198106	-0.198106	-0.555096
0.83916	-0.183129	-0.183129	-0.51313
0.84915	-0.167707	-0.167707	-0.46992
0.85914	-0.15188	-0.15188	-0.425571
0.86913	-0.135685	-0.135685	-0.380192
0.87912	-0.119162	-0.119162	-0.333893
0.88911	-0.10235	-0.10235	-0.286788
0.8991	-0.0852917	-0.0852917	-0.238989
0.90909	-0.0680272	-0.0680272	-0.190613
0.91908	-0.0505985	-0.0505985	-0.141778
0.92907	-0.0330479	-0.0330479	-0.092601
0.93906	-0.0154177	-0.0154177	-0.0432008
0.94905	0.00224956	0.00224956	0.0063033
0.95904	0.0199115	0.0199115	0.0557923
0.96903	0.0375255	0.0375255	0.105147
0.97902	0.0550495	0.0550495	0.15425
0.98901	0.0724414	0.0724414	0.202982
0.999	0.0896597	0.0896597	0.251228
1.00899	0.106663	0.106663	0.298872
1.01898	0.123412	0.123412	0.345802
1.02897	0.139865	0.139865	0.391904
1.03896	0.155984	0.155984	0.43707
1.04895	0.171731	0.171731	0.481193
1.05894	0.187068	0.187068	0.524168
1.06893	0.20196	0.20196	0.565895
1.07892	0.21637	0.21637	0.606274
1.08891	0.230266	0.230266	0.645211
1.0989	0.243615	0.243615	0.682615
1.10889	0.256386	0.256386	0.718399
1.11888	0.268549	0.268549	0.752479
1.12887	0.280075	0.280075	0.784775
1.13886	0.290938	0.290938	0.815214
1.14885	0.301113	0.301113	0.843724
1.15884	0.310576	0.310576	0.870241
1.16883	0.319307	0.319307	0.894704
1.17882	0.327284	0.327284	0.917056
1.18881	0.33449	0.33449	0.937248
1.1988	0.340909	0.340909	0.955235
1.20879	0.346527	0.346527	0.970975
1.21878	0.35133	0.35133	0.984435
1.22877	0.35531	0.35531	0.995585
1.23876	0.358456	0.358456	1.0044
1.24875	0.360763	0.360763	1.01087
1.25874	0.362226	0.362226	1.01497
1.26873	0.362843	0.362843	1.01669
1.27872	0.362613	0.362613	1.01605
1.28871	0.361538	0.361538	1.01304
1.2987	0.359621	0.359621	1.00766
1.30869	0.356867	0.356867	0.999948
1.31868	0.353284	0.353284	0.989908
1.32867	0.34888	0.34888	0.97757
1.33866	0.343668	0.343668	0.962965
1.34865	0.33766	0.33766	0.946131
1.35864	0.330872	0.330872	0.927108
1.36863	0.323318	0.323318	0.905944
1.37862	0.315019	0.315019	0.882688
1.38861	0.305993	0.305993	0.857398
1.3986	0.296263	0.296263	0.830134
1.40859	0.285851	0.285851	0.800961
1.41858	0.274784	0.274784	0.769949
1.42857	0.263085	0.263085	0.737171
1.43856	0.250785	0.250785	0.702703
1.44855	0.23791	0.23791	0.666628
1.45854	0.224492	0.224492	0.62903
1.46853	0.210561	0.210561	0.589995
1.47852	0.19615	0.19615	0.549616
1.48851	0.181293	0.181293	0.507986
1.4985	0.166023	0.166023	0.465201
1.50849	0.150377	0.150377	0.421359
1.51848	0.13439	0.13439	0.376562
1.52847	0.118098	0.118098	0.330912
1.53846	0.101539	0.101539	0.284514
1.54845	0.0847508	0.0847508	0.237473
1.55844	0.0677715	0.0677715	0.189897
1.56843	0.0506395	0.0506395	0.141893
1.57842	0.0333937	0.0333937	0.0935697
1.58841	0.0160728	0.0160728	0.0450362
1.5984	-0.00128416	-0.00128416	-0.00359824
1.60839	-0.0186382	-0.0186382	-0.0522247
1.61838	-0.0359506	-0.0359506	-0.100734
1.62837	-0.0531827	-0.0531827	-0.149019
1.63836	-0.0702963	-0.0702963	-0.196972
1.64835	-0.0872533	-0.0872533	-0.244485
1.65834	-0.104016	-0.104016	-0.291456
1.66833	-0.120548	-0.120548	-0.337779
1.67832	-0.136813	-0.136813	-0.383353
1.68831	-0.152775	-0.152775	-0.428079
1.6983	-0.1684	-0.1684	-0.471859
1.70829	-0.183652	-0.183652	-0.514597
1.71828	-0.1985	-0.1985	-0.556202
1.72827	-0.212912	-0.212912	-0.596583
1.73826	-0.226855	-0.226855	-0.635653
1.74825	-0.240302	-0.240302	-0.67333
1.75824	-0.253222	-0.253222	-0.709532
1.76823	-0.265588	-0.265588	-0.744183
1.77822	-0.277375	-0.277375	-0.77721
1.78821	-0.288557	-0.288557	-0.808543
1.7982	-0.299112	-0.299112	-0.838117
1.80819	-0.309017	-0.309017	-0.865871
1.81818	-0.318252	-0.318252	-0.891747
1.82817	-0.326797	-0.326797	-0.915693
1.83816	-0.334637	-0.334637	-0.93766
1.84815	-0.341755	-0.341755	-0.957604
1.85814	-0.348137	-0.348137	-0.975485
1.86813	-0.35377	-0.35377	-0.991269
1.87812	-0.358643	-0.358643	-1.00493
1.88811	-0.362749	-0.362749	-1.01643
1.8981	-0.366078	-0.366078	-1.02576
1.90809	-0.368626	-0.368626	-1.0329
1.91808	-0.370388	-0.370388	-1.03783
1.92807	-0.371362	-0.371362	-1.04056
1.93806	-0.371548	-0.371548	-1.04108
1.94805	-0.370946	-0.370946	-1.0394
1.95804	-0.369559	-0.369559	-1.03551
1.96803	-0.367391	-0.367391	-1.02944
1.97802	-0.364449	-0.364449	-1.02119
1.98801	-0.36074	-0.36074	-1.0108
1.998	-0.356273	-0.356273	-0.998284
2.00799	-0.35106	-0.35106	-0.983676
2.01798	-0.345111	-0.345111	-0.967009
2.02797	-0.338443	-0.338443	-0.948323
2.03796	-0.331069	-0.331069	-0.92766
2.04795	-0.323006	-0.323006	-0.905068
2.05794	-0.314272	-0.314272	-0.880597
2.06793	-0.304887	-0.304887	-0.854301
2.07792	-0.294872	-0.294872	-0.826238
2.08791	-0.284248	-0.284248	-0.79647
2.0979	-0.273039	-0.273039	-0.765061
2.10789	-0.261269	-0.261269	-0.73208
2.11788	-0.248962	-0.248962	-0.697598
2.12787	-0.236146	-0.236146	-0.661687
2.13786	-0.222848	-0.222848	-0.624424
2.14785	-0.209095	-0.209095	-0.585888
2.15784	-0.194917	-0.194917	-0.546161
2.16783	-0.180343	-0.180343	-0.505325
2.17782	-0.165404	-0.165404	-0.463465
2.18781	-0.15013	-0.15013	-0.420668
2.1978	-0.134554	-0.134554	-0.377023
2.20779	-0.118707	-0.118707	-0.332618
2.21778	-0.102621	-0.102621	-0.287546
2.22777	-0.0863297	-0.0863297	-0.241898
2.23776	-0.0698658	-0.0698658	-0.195765
2.24775	-0.0532625	-0.0532625	-0.149243
2.25774	-0.0365532	-0.0365532	-0.102423
2.26773	-0.0197713	-0.0197713	-0.0553995
2.27772	-0.00295014	-0.00295014	-0.00826635
2.28771	0.0138768	0.0138768	0.0388832
2.2977	0.0306764	0.0306764	0.085956
2.30769	0.0474157	0.0474157	0.13286
2.31768	0.0640619	0.0640619	0.179503
2.32767	0.0805826	0.0805826	0.225794
2.33766	0.0969459	0.0969459	0.271644
2.34765	0.11312	0.11312	0.316965
2.35764	0.129074	0.129074	0.361669
2.36763	0.144778	0.144778	0.405672
2.37762	0.160202	0.160202	0.44889
2.38761	0.175317	0.175317	0.491241
2.3976	0.190093	0.190093	0.532646
2.40759	0.204505	0.204505	0.573027
2.41758	0.218525	0.218525	0.612311
2.42757	0.232127	0.232127	0.650425
2.43756	0.245287	0.245287	0.687298
2.44755	0.25798	0.25798	0.722864
2.45754	0.270183	0.270183	0.757059
2.46753	0.281876	0.281876	0.789822
2.47752	0.293036	0.293036	0.821094
2.48751	0.303646	0.303646	0.850821
2.4975	0.313685	0.313685	0.87895
2.50749	0.323136	0.323136	0.905434
2.51748	0.331985	0.331985	0.930228
2.52747	0.340215	0.340215	0.953288
2.53746	0.347813	0.347813	0.974579
2.54745	0.354767	0.354767	0.994064
2.55744	0.361066	0.361066	1.01171
2.56743	0.366699	0.366699	1.0275
2.57742	0.371659	0.371659	1.0414
2.58741	0.375939	0.375939	1.05339
2.5974	0.379531	0.379531	1.06345
2.60739	0.382432	0.382432	1.07158
2.61738	0.384639	0.384639	1.07777
2.62737	0.386149	0.386149	1.082
2.63736	0.386962	0.386962	1.08427
2.64735	0.387077	0.387077	1.0846
2.65734	0.386498	0.386498	1.08298
2.66733	0.385227	0.385227	1.07941
2.67732	0.383269	0.383269	1.07393
2.68731	0.380628	0.380628	1.06653
2.6973	0.377313	0.377313	1.05724
2.70729	0.373329	0.373329	1.04608
2.71728	0.368688	0.368688	1.03307
2.72727	0.363398	0.363398	1.01825
2.73726	0.357472	0.357472	1.00164
2.74725	0.350921	0.350921	0.983287
2.75724	0.343759	0.343759	0.963219
2.76723	0.336	0.336	0.941478
2.77722	0.327659	0.327659	0.918108
2.78721	0.318754	0.318754	0.893154
2.7972	0.3093	0.3093	0.866664
2.80719	0.299316	0.299316	0.838689
2.81718	0.28882	0.28882	0.809281
2.82717	0.277833	0.277833	0.778494
2.83716	0.266375	0.266375	0.746387
2.84715	0.254465	0.254465	0.713017
2.85714	0.242127	0.242127	0.678445
2.86713	0.229382	0.229382	0.642733
2.87712	0.216253	0.216253	0.605945
2.88711	0.202763	0.202763	0.568146
2.8971	0.188936	0.188936	0.529401
2.90709	0.174795	0.174795	0.48978
2.91708	0.160366	0.160366	0.449349
2.92707	0.145673	0.145673	0.408179
2.93706	0.130741	0.130741	0.36634
2.94705	0.115596	0.115596	0.323902
2.95704	0.100262	0.100262	0.280937
2.96703	0.0847659	0.0847659	0.237516
2.97702	0.0691325	0.0691325	0.193711
2.98701	0.0533878	0.0533878	0.149594
2.997	0.0375574	0.0375574	0.105237
3.00699	0.021667	0.021667	0.0607113
3.01698	0.005742	0.005742	0.0160892
3.02697	-0.0101921	-0.0101921	-0.0285584
3.03696	-0.0261101	-0.0261101	-0.073161
3.04695	-0.041987	-0.041987	-0.117648
3.05694	-0.0577981	-0.0577981	-0.161951
3.06693	-0.0735189	-0.0735189	-0.206001
3.07692	-0.0891253	-0.0891253	-0.249731
3.08691	-0.104594	-0.104594	-0.293073
3.0969	-0.1199	-0.1199	-0.335963
3.10689	-0.135023	-0.135023	-0.378337
3.11688	-0.149938	-0.149938	-0.420131
3.12687	-0.164625	-0.164625	-0.461284
3.13686	-0.179062	-0.179062	-0.501736
3.14685	-0.193228	-0.193228	-0.54143
3.15684	-0.207103	-0.207103	-0.580308
3.16683	-0.220668	-0.220668	-0.618315
3.17682	-0.233902	-0.233902	-0.655398
3.18681	-0.246789	-0.246789	-0.691507
3.1968	-0.25931	-0.25931	-0.726591
3.20679	-0.271448	-0.271448	-0.760604
3.21678	-0.283188	-0.283188	-0.793499
3.22677	-0.294514	-0.294514	-0.825234
3.23676	-0.305411	-0.305411	-0.855768
3.24675	-0.315866	-0.315866	-0.885062
3.25674	-0.325864	-0.325864	-0.913079
3.26673	-0.335395	-0.335395	-0.939784
3.27672	-0.344446	-0.344446	-0.965145
3.28671	-0.353007	-0.353007	-0.989133
3.2967	-0.361068	-0.361068	-1.01172
3.30669	-0.368619	-0.368619	-1.03288
3.31668	-0.375653	-0.375653	-1.05259
3.32667	-0.382163	-0.382163	-1.07083
3.33666	-0.388141	-0.388141	-1.08758
3.34665	-0.393582	-0.393582	-1.10282
3.35664	-0.39848	-0.39848	-1.11655
3.36663	-0.402833	-0.402833	-1.12875
3.37662	-0.406636	-0.406636	-1.1394
3.38661	-0.409888	-0.409888	-1.14851
3.3966	-0.412586	-0.412586	-1.15607
3.40659	-0.41473	-0.41473	-1.16208
3.41658	-0.416319	-0.416319	-1.16653
3.42657	-0.417355	-0.417355	-1.16944
3.43656	-0.417838	-0.417838	-1.17079
3.44655	-0.417771	-0.417771	-1.1706
3.45654	-0.417158	-0.417158	-1.16888
3.46653	-0.416001	-0.416001	-1.16564
3.47652	-0.414305	-0.414305	-1.16089
3.48651	-0.412075	-0.412075	-1.15464
3.4965	-0.409317	-0.409317	-1.14691
3.50649	-0.406037	-0.406037	-1.13772
3.51648	-0.402242	-0.402242	-1.12709
3.52647	-0.39794	-0.39794	-1.11504
3.53646	-0.393139	-0.393139	-1.10158
3.54645	-0.387848	-0.387848	-1.08676
3.55644	-0.382076	-0.382076	-1.07058
3.56643	-0.375833	-0.375833	-1.05309
3.57642	-0.36913	-0.36913	-1.03431
3.58641	-0.361977	-0.361977	-1.01427
3.5964	-0.354385	-0.354385	-0.992993
3.60639	-0.346366	-0.346366	-0.970526
3.61638	-0.337933	-0.337933	-0.946896
3.62637	-0.329098	-0.329098	-0.92214
3.63636	-0.319874	-0.319874	-0.896293
3.64635	-0.310274	-0.310274	-0.869393
3.65634	-0.300311	-0.300311	-0.841477
3.66633	-0.29	-0.29	-0.812585
3.67632	-0.279354	-0.279354	-0.782755
3.68631	-0.268388	-0.268388	-0.752028
3.6963	-0.257116	-0.257116	-0.720445
3.70629	-0.245554	-0.245554	-0.688047
3.71628	-0.233715	-0.233715	-0.654875
3.72627	-0.221616	-0.221616	-0.620971
3.73626	-0.20927	-0.20927	-0.586379
3.74625	-0.196694	-0.196694	-0.551141
3.75624	-0.183903	-0.183903	-0.515299
3.76623	-0.170912	-0.170912	-0.478898
3.77622	-0.157736	-0.157736	-0.441979
3.78621	-0.144391	-0.144391	-0.404587
3.7962	-0.130893	-0.130893	-0.366764
3.80619	-0.117256	-0.117256	-0.328554
3.81618	-0.103496	-0.103496	-0.289998
3.82617	-0.0896285	-0.0896285	-0.251141
3.83616	-0.0756682	-0.0756682	-0.212024
3.84615	-0.0616302	-0.0616302	-0.172689
3.85614	-0.0475294	-0.0475294	-0.133178
3.86613	-0.0333805	-0.0333805	-0.0935327
3.87612	-0.0191981	-0.0191981	-0.0537934
3.88611	-0.00499654	-0.00499654	-0.0140004
3.8961	0.00920994	0.00920994	0.0258064
3.90609	0.0234074	0.0234074	0.065588
3.91608	0.0375821	0.0375821	0.105306
3.92607	0.0517206	0.0517206	0.144922
3.93606	0.0658097	0.0658097	0.1844
3.94605	0.0798363	0.0798363	0.223703
3.95604	0.0937878	0.0937878	0.262795
3.96603	0.107652	0.107652	0.301643
3.97602	0.121416	0.121416	0.340211
3.98601	0.135069	0.135069	0.378467
3.996	0.1486	0.1486	0.416379
4.00599	0.161996	0.161996	0.453916
4.01598	0.175248	0.175248	0.491047
4.02597	0.188344	0.188344	0.527744
4.03596	0.201275	0.201275	0.563977
4.04595	0.214032	0.214032	0.599721
4.05594	0.226603	0.226603	0.634947
4.06593	0.238982	0.238982	0.669632
4.07592	0.251159	0.251159	0.703752
4.08591	0.263125	0.263125	0.737282
4.0959	0.274873	0.274873	0.770201
4.10589	0.286396	0.286396	0.802488
4.11588	0.297686	0.297686	0.834123
4.12587	0.308737	0.308737	0.865087
4.13586	0.319542	0.319542	0.895362
4.14585	0.330095	0.330095	0.924932
4.15584	0.340391	0.340391	0.953781
4.16583	0.350424	0.350424	0.981894
4.17582	0.36019	0.36019	1.00926
4.18581	0.369684	0.369684	1.03586
4.1958	0.378902	0.378902	1.06169
4.20579	0.38784	0.38784	1.08674
4.21578	0.396495	0.396495	1.11099
4.22577	0.404865	0.404865	1.13444
4.23576	0.412945	0.412945	1.15708
4.24575	0.420735	0.420735	1.17891
4.25574	0.428232	0.428232	1.19992
4.26573	0.435435	0.435435	1.2201
4.27572	0.442342	0.442342	1.23945
4.28571	0.448952	0.448952	1.25797
4.2957	0.455266	0.455266	1.27566
4.30569	0.461281	0.461281	1.29252
4.31568	0.467	0.467	1.30854
4.32567	0.472421	0.472421	1.32373
4.33566	0.477546	0.477546	1.33809
4.34565	0.482375	0.482375	1.35162
4.35564	0.486909	0.486909	1.36433
4.36563	0.491151	0.491151	1.37621
4.37562	0.495101	0.495101	1.38728
4.38561	0.498762	0.498762	1.39754
4.3956	0.502137	0.502137	1.407
4.40559	0.505226	0.505226	1.41565
4.41558	0.508034	0.508034	1.42352
4.42557	0.510562	0.510562	1.43061
4.43556	0.512815	0.512815	1.43692
4.44555	0.514795	0.514795	1.44247
4.45554	0.516506	0.516506	1.44726
4.46553	0.517952	0.517952	1.45131
4.47552	0.519136	0.519136	1.45463
4.48551	0.520062	0.520062	1.45722
4.4955	0.520736	0.520736	1.45911
4.50549	0.52116	0.52116	1.4603
4.51548	0.521339	0.521339	1.4608
4.52547	0.521279	0.521279	1.46063
4.53546	0.520984	0.520984	1.45981
4.54545	0.520458	0.520458	1.45833
4.55544	0.519707	0.519707	1.45623
4.56543	0.518736	0.518736	1.45351
4.57542	0.517549	0.517549	1.45018
4.58541	0.516152	0.516152	1.44627
4.5954	0.514551	0.514551	1.44178
4.60539	0.51275	0.51275	1.43674
4.61538	0.510755	0.510755	1.43115
4.62537	0.508572	0.508572	1.42503
4.63536	0.506205	0.506205	1.4184
4.64535	0.503661	0.503661	1.41127
4.65534	0.500945	0.500945	1.40366
4.66533	0.498063	0.498063	1.39558
4.67532	0.495019	0.495019	1.38705
4.68531	0.491821	0.491821	1.37809
4.6953	0.488473	0.488473	1.36871
4.70529	0.484981	0.484981	1.35892
4.71528	0.48135	0.48135	1.34875
4.72527	0.477586	0.477586	1.33821
4.73526	0.473695	0.473695	1.3273
4.74525	0.469683	0.469683	1.31606
4.75524	0.465553	0.465553	1.30449
4.76523	0.461313	0.461313	1.29261
4.77522	0.456967	0.456967	1.28043
4.78521	0.452521	0.452521	1.26797
4.7952	0.44798	0.44798	1.25525
4.80519	0.443349	0.443349	1.24227
4.81518	0.438634	0.438634	1.22906
4.82517	0.433839	0.433839	1.21563
4.83516	0.42897	0.42897	1.20198
4.84515	0.424032	0.424032	1.18814
4.85514	0.419028	0.419028	1.17413
4.86513	0.413965	0.413965	1.15994
4.87512	0.408848	0.408848	1.1456
4.88511	0.403679	0.403679	1.13112
4.8951	0.398465	0.398465	1.11651
4.90509	0.39321	0.39321	1.10178
4.91508	0.387917	0.387917	1.08695
4.92507	0.382592	0.382592	1.07203
4.93506	0.377239	0.377239	1.05703
4.94505	0.371861	0.371861	1.04196
4.95504	0.366463	0.366463	1.02684
4.96503	0.361049	0.361049	1.01167
4.97502	0.355622	0.355622	0.996459
4.98501	0.350186	0.350186	0.981228
4.995	0.344745	0.344745	0.965982
5.00499	0.339302	0.339302	0.95073
5.01498	0.333861	0.333861	0.935484
5.02497	0.328424	0.328424	0.920251
5.03496	0.322996	0.322996	0.905041
5.04495	0.317579	0.317579	0.889863
5.05494	0.312177	0.312177	0.874725
5.06493	0.306791	0.306791	0.859635
5.07492	0.301426	0.301426	0.844601
5.08491	0.296083	0.296083	0.82963
5.0949	0.290765	0.290765	0.81473
5.10489	0.285476	0.285476	0.799909
5.11488	0.280216	0.280216	0.785171
5.12487	0.274989	0.274989	0.770525
5.13486	0.269797	0.269797	0.755975
5.14485	0.264641	0.264641	0.741529
5.15484	0.259524	0.259524	0.727192
5.16483	0.254448	0.254448	0.712968
5.17482	0.249414	0.249414	0.698864
5.18481	0.244425	0.244425	0.684883
5.1948	0.239481	0.239481	0.671031
5.20479	0.234585	0.234585	0.657312
5.21478	0.229738	0.229738	0.64373
5.22477	0.224941	0.224941	0.630289
5.23476	0.220196	0.220196	0.616993
5.24475	0.215503	0.215503	0.603844
5.25474	0.210865	0.210865	0.590847
5.26473	0.206281	0.206281	0.578003
5.27472	0.201753	0.201753	0.565316
5.28471	0.197282	0.197282	0.552788
5.2947	0.192869	0.192869	0.540422
5.30469	0.188514	0.188514	0.528219
5.31468	0.184218	0.184218	0.516182
5.32467	0.179982	0.179982	0.504312
5.33466	0.175806	0.175806	0.492611
5.34465	0.17169	0.17169	0.481079
5.35464	0.167636	0.167636	0.469719
5.36463	0.163643	0.163643	0.458531
5.37462	0.159712	0.159712	0.447515
5.38461	0.155842	0.155842	0.436673
5.3946	0.152035	0.152035	0.426006
5.40459	0.14829	0.14829	0.415512
5.41458	0.144608	0.144608	0.405193
5.42457	0.140987	0.140987	0.395049
5.43456	0.137429	0.137429	0.385079
5.44455	0.133933	0.133933	0.375283
5.45454	0.130499	0.130499	0.365661
5.46453	0.127127	0.127127	0.356213
5.47452	0.123817	0.123817	0.346937
5.48451	0.120568	0.120568	0.337833
5.4945	0.11738	0.11738	0.328901
5.50449	0.114253	0.114253	0.320139
5.51448	0.111186	0.111186	0.311546
5.52447	0.10818	0.10818	0.303121
5.53446	0.105233	0.105233	0.294864
5.54445	0.102345	0.102345	0.286772
5.55444	0.0995153	0.0995153	0.278844
5.56443	0.0967441	0.0967441	0.271079
5.57442	0.0940305	0.0940305	0.263475
5.58441	0.0913739	0.0913739	0.256031
5.5944	0.0887736	0.0887736	0.248745
5.60439	0.0862292	0.0862292	0.241616
5.61438	0.0837398	0.0837398	0.234641
5.62437	0.081305	0.081305	0.227818
5.63436	0.078924	0.078924	0.221147
5.64435	0.0765961	0.0765961	0.214624
5.65434	0.0743207	0.0743207	0.208248
5.66433	0.0720969	0.0720969	0.202017
5.67432	0.0699241	0.0699241	0.195929
5.68431	0.0678016	0.0678016	0.189981
5.6943	0.0657285	0.0657285	0.184173
5.70429	0.0637041	0.0637041	0.1785
5.71428	0.0617276	0.0617276	0.172962
5.72427	0.0597983	0.0597983	0.167556
5.73426	0.0579153	0.0579153	0.16228
5.74425	0.0560779	0.0560779	0.157131
5.75424	0.0542852	0.0542852	0.152108
5.76423	0.0525365	0.0525365	0.147208
5.77422	0.0508309	0.0508309	0.142429
5.78421	0.0491676	0.0491676	0.137768
5.7942	0.0475458	0.0475458	0.133224
5.80419	0.0459646	0.0459646	0.128794
5.81418	0.0444233	0.0444233	0.124475
5.82417	0.0429211	0.0429211	0.120266
5.83416	0.0414571	0.0414571	0.116163
5.84415	0.0400304	0.0400304	0.112166
5.85414	0.0386403	0.0386403	0.108271
5.86413	0.037286	0.037286	0.104476
5.87412	0.0359666	0.0359666	0.100779
5.88411	0.0346813	0.0346813	0.0971777
5.8941	0.0334293	0.0334293	0.0936696
5.90409	0.0322098	0.0322098	0.0902526
5.91408	0.031022	0	0.0869244
5.92407	0.0298651	0	0.0836827
5.93406	0.0287383	0	0.0805253
5.94405	0.0276408	0	0.07745
5.95404	0.0265717	0	0.0744545
5.96403	0.0255304	0	0.0715367
5.97402	0.024516	0	0.0686943
5.98401	0.0235277	0	0.0659252
5.994	0.0225649	0	0.0632272
6.00399	0.0216266	0	0.0605982
6.01398	0.0207122	0	0.058036
6.02397	0.0198209	0	0.0555384
6.03396	0.0189519	0	0.0531035
6.04395	0.0181044	0	0.050729
6.05394	0.0172778	0	0.0484128
6.06393	0.0164713	0	0.0461529
6.07392	0.0156842	0	0.0439473
6.08391	0.0149156	0	0.0417938
6.0939	0.0141649	0	0.0396904
6.10389	0.0134314	0	0.0376351
6.11388	0.0127143	0	0.0356258
6.12387	0.012013	0	0.0336606
6.13386	0.0113266	0	0.0317373
6.14385	0.0106545	0	0.029854
6.15384	0.00999591	0	0.0280087
6.16383	0.00935018	0	0.0261994
6.17382	0.00871658	0	0.024424
6.18381	0.00809439	0	0.0226806
6.1938	0.00748289	0	0.0209672
6.20379	0.00688137	0	0.0192817
6.21378	0.00628912	0	0.0176222
6.22377	0.0057054	0	0.0159866
6.23376	0.00512951	0	0.014373
6.24375	0.00456071	0	0.0127792
6.25374	0.00399827	0	0.0112032
6.26373	0.00344146	0	0.00964305
6.27372	0.00288954	0	0.00809656
6.28371	0.00234177	0	0.00656167
6.2937	0.00179737	0	0.00503627
6.30369	0.0012556	0	0.00351821
6.31368	0.000715668	0	0.00200532
6.32367	0.000176799	0	0.000495395
6.33366	-0.000361806	0	-0.00101379
6.34365	-0.000900958	0	-0.0025245
6.35364	-0.00144148	0	-0.00403906
6.36363	-0.00198422	0	-0.00555982
6.37362	-0.00253002	0	-0.00708918
6.38361	-0.00307978	0	-0.00862959
6.3936	-0.00363437	0	-0.0101836
6.40359	-0.00419473	0	-0.0117537
6.41358	-0.00476178	0	-0.0133426
6.42357	-0.00533651	0	-0.014953
6.43356	-0.0059199	0	-0.0165877
6.44355	-0.00651298	0	-0.0182495
6.45354	-0.00711679	0	-0.0199414
6.46353	-0.00773244	0	-0.0216664
6.47352	-0.00836103	0	-0.0234278
6.48351	-0.00900373	0	-0.0252286
6.4935	-0.00966175	0	-0.0270724
6.50349	-0.0103363	0	-0.0289626
6.51348	-0.0110287	0	-0.0309027
6.52347	-0.0117403	0	-0.0328966
6.53346	-0.0124725	0	-0.0349482
6.54345	-0.0132267	0	-0.0370614
6.55344	-0.0140044	0	-0.0392406
6.56343	-0.0148072	0	-0.04149
6.57342	-0.0156367	0	-0.0438144
6.58341	-0.0164946	0	-0.0462183
6.5934	-0.0173828	0	-0.0487069
6.60339	-0.018303	0	-0.0512853
6.61338	-0.0192572	0	-0.0539589
6.62337	-0.0202474	0	-0.0567335
6.63336	-0.0212757	0	-0.0596149
6.64335	-0.0223444	0	-0.0626094
6.65334	-0.0234557	0	-0.0657235
6.66333	-0.0246122	0	-0.0689639
6.67332	-0.0258163	0	-0.0723379
6.68331	-0.0270708	0	-0.075853
6.6933	-0.0283784	0	-0.0795169
6.70329	-0.0297421	0	-0.083338
6.71328	-0.031165	0	-0.0873249
6.72327	-0.0326503	0	-0.0914868
6.73326	-0.0342015	0	-0.0958332
6.74325	-0.035822	0	-0.100374
6.75324	-0.0375158	0	-0.10512
6.76323	-0.0392868	0	-0.110082
6.77322	-0.041139	0	-0.115272
6.78321	-0.043077	0	-0.120703
6.7932	-0.0451054	0	-0.126386
6.80319	-0.047229	0	-0.132337
6.81318	-0.0494529	0	-0.138568
6.82317	-0.0517825	0	-0.145096
6.83316	-0.0542236	0	-0.151936
6.84315	-0.0567821	0	-0.159104
6.85314	-0.0594643	0	-0.16662
6.86313	-0.0622768	0	-0.174501
6.87312	-0.0652268	0	-0.182767
6.88311	-0.0683216	0	-0.191438
6.8931	-0.071569	0	-0.200538
6.90309	-0.0749772	0	-0.210088
6.91308	-0.078555	0	-0.220113
6.92307	-0.0823115	0	-0.230638
6.93306	-0.0862563	0	-0.241692
6.94305	-0.0903998	0	-0.253302
6.95304	-0.0947527	0	-0.265499
6.96303	-0.0993264	0	-0.278315
6.97302	-0.104133	0	-0.291783
6.98301	-0.109185	0	-0.305939
6.993	-0.114496	0	-0.32082
7.00299	-0.12008	0	-0.336467
7.01298	-0.125953	0	-0.352922
7.02297	-0.132129	0	-0.370229
7.03296	-0.138626	0	-0.388434
7.04295	-0.145462	0	-0.407588
7.05294	-0.152655	0	-0.427743
7.06293	-0.160225	0	-0.448955
7.07292	-0.168193	0	-0.471281
7.08291	-0.176582	0	-0.494785
7.0929	-0.185414	0	-0.519532
7.10289	-0.194714	0	-0.545592
7.11288	-0.204509	0	-0.573038
7.12287	-0.214826	0	-0.601948
7.13286	-0.225696	0	-0.632404
7.14285	-0.237148	0	-0.664494
7.15284	-0.249217	0	-0.69831
7.16283	-0.261936	0	-0.733949
7.17282	-0.275343	0	-0.771516
7.18281	-0.289477	0	-0.81112
7.1928	-0.304379	0	-0.852877
7.20279	-0.320094	0	-0.89691
7.21278	-0.336668	0	-0.94335
7.22277	-0.35415	0	-0.992335
7.23276	-0.372592	0	-1.04401
7.24275	-0.392051	0	-1.09853
7.25274	-0.412584	0	-1.15607
7.26273	-0.434253	0	-1.21679
7.27272	-0.457126	0	-1.28088
7.28271	-0.481271	0	-1.34853
7.2927	-0.506764	0	-1.41996
7.30269	-0.533682	0	-1.49539
7.31268	-0.562109	0	-1.57504
7.32267	-0.592134	0	-1.65917
7.33266	-0.623851	0	-1.74804
7.34265	-0.65736	0	-1.84194
7.35264	-0.692766	0	-1.94114
7.36263	-0.730182	0	-2.04598
7.37262	-0.769726	0	-2.15679
7.38261	-0.811527	0	-2.27391
7.3926	-0.855717	0	-2.39774
7.40259	-0.902441	0	-2.52866
7.41258	-0.951849	0	-2.6671
7.42257	-1.0041	0	-2.81351
7.43256	-1.05937	0	-2.96838
7.44255	-1.11784	0	-3.13221
7.45254	-1.1797	0	-3.30554
7.46253	-1.24516	0	-3.48895
7.47252	-1.31443	0	-3.68305
7.48251	-1.38774	0	-3.88849
7.4925	-1.46535	0	-4.10595
7.50249	-1.54752	0	-4.33618
7.51248	-1.63452	0	-4.57995
7.52247	-1.72665	0	-4.8381
7.53246	-1.82422	0	-5.1115
7.54245	-1.92757	0	-5.4011
7.55244	-2.03706	0	-5.70789
7.56243	-2.15307	0	-6.03293
7.57242	-2.27599	0	-6.37737
7.58241	-2.40626	0	-6.74239
7.5924	-2.54434	0	-7.12929
7.60239	-2.69071	0	-7.53941
7.61238	-2.84589	0	-7.97423
7.62237	-3.01042	0	-8.43527
7.63236	-3.18491	0	-8.92418
7.64235	-3.36997	0	-9.44272
7.65234	-3.56627	0	-9.99275
7.66233	-3.77451	0	-10.5763
7.67232	-3.99546	0	-11.1954
7.68231	-4.22992	0	-11.8523
7.6923	-4.47874	0	-12.5495
7.70229	-4.74284	0	-13.2895
7.71228	-5.02319	0	-14.0751
7.72227	-5.32083	0	-14.9091
7.73226	-5.63687	0	-15.7946
7.74225	-5.97248	0	-16.735
7.75224	-6.32893	0	-17.7338
7.76223	-6.70755	0	-18.7947
7.77222	-7.10978	0	-19.9217
7.78221	-7.53714	0	-21.1192
7.7922	-7.99126	0	-22.3917
7.80219	-8.47388	0	-23.744
7.81218	-8.98684	0	-25.1813
7.82217	-9.53213	0	-26.7092
7.83216	-10.1119	0	-28.3336
7.84215	-10.7283	0	-30.0608
7.85214	-11.3838	0	-31.8976
7.86213	-12.0809	0	-33.851
7.87212	-12.8225	0	-35.9289
7.88211	-13.6114	0	-38.1394
7.8921	-14.4507	0	-40.4912
7.90209	-15.3439	0	-42.9938
7.91208	-16.2943	0	-45.6571
7.92207	-17.306	0	-48.4917
7.93206	-18.3829	0	-51.5092
7.94205	-19.5294	0	-54.7216
7.95204	-20.7501	0	-58.1421
7.96203	-22.05	0	-61.7845
7.97202	-23.4344	0	-65.6637
7.98201	-24.9091	0	-69.7957
7.992	-26.48	0	-74.1974
8.00199	-28.1536	0	-78.887
8.01198	-29.937	0	-83.8841
8.02197	-31.8375	0	-89.2093
8.03196	-33.8631	0	-94.8851
8.04195	-36.0223	0	-100.935
8.05194	-38.3241	0	-107.385
8.06193	-40.7784	0	-114.262
8.07192	-43.3955	0	-121.595
8.08191	-46.1865	0	-129.415
8.0919	-49.1635	0	-137.757
8.10189	-52.3391	0	-146.655
8.11188	-55.7271	0	-156.148
8.12187	-59.3421	0	-166.278
8.13186	-63.1998	0	-177.087
8.14185	-67.317	0	-188.624
8.15184	-71.7117	0	-200.938
8.16183	-76.4032	0	-214.083
8.17182	-81.4121	0	-228.118
8.18181	-86.7606	0	-243.105
8.1918	-92.4723	0	-259.109
8.20179	-98.5729	0	-276.203
8.21178	-105.089	0	-294.462
8.22177	-112.051	0	-313.969
8.23176	-119.489	0	-334.811
8.24175	-127.438	0	-357.083
8.25174	-135.932	0	-380.885
8.26173	-145.011	0	-406.325
8.27172	-154.717	0	-433.52
8.28171	-165.093	0	-462.595
8.2917	-176.188	0	-493.682
8.30169	-188.052	0	-526.927
8.31168	-200.741	0	-562.481
8.32167	-214.314	0	-600.511
8.33166	-228.833	0	-641.194
8.34165	-244.367	0	-684.721
8.35164	-260.989	0	-731.295
8.36163	-278.776	0	-781.137
8.37162	-297.814	0	-834.482
8.38161	-318.193	0	-891.582
8.3916	-340.009	0	-952.711
8.40159	-363.367	0	-1018.16
8.41158	-388.378	0	-1088.24
8.42157	-415.164	0	-1163.3
8.43156	-443.853	0	-1243.69
8.44155	-474.585	0	-1329.8
8.45154	-507.509	0	-1422.05
8.46153	-542.785	0	-1520.9
8.47152	-580.587	0	-1626.82
8.48151	-621.099	0	-1740.33
8.4915	-664.523	0	-1862.01
8.50149	-711.071	0	-1992.43
8.51148	-760.976	0	-2132.27
8.52147	-814.485	0	-2282.2
8.53146	-871.866	0	-2442.99
8.54145	-933.408	0	-2615.43
8.55144	-999.418	0	-2800.39
8.56143	-1070.23	0	-2998.81
8.57142	-1146.2	0	-3211.69
8.58141	-1227.72	0	-3440.11
8.5914	-1315.21	0	-3685.24
8.60139	-1409.1	0	-3948.33
8.61138	-1509.88	0	-4230.72
8.62137	-1618.08	0	-4533.89
8.63136	-1734.24	0	-4859.38
8.64135	-1858.98	0	-5208.89
8.65134	-1992.93	0	-5584.23
8.66133	-2136.8	0	-5987.37
8.67132	-2291.35	0	-6420.4
8.68131	-2457.37	0	-6885.61
8.6913	-2635.76	0	-7385.45
8.70129	-2827.44	0	-7922.55
8.71128	-3033.44	0	-8499.77
8.72127	-3254.86	0	-9120.17
8.73126	-3492.86	0	-9787.07
8.74125	-3748.74	0	-10504
8.75124	-4023.85	0	-11274.9
8.76123	-4319.7	0	-12103.9
8.77122	-4637.86	0	-12995.4
8.78121	-4980.08	0	-13954.3
8.7912	-5348.2	0	-14985.8
8.80119	-5744.25	0	-16095.5
8.81118	-6170.38	0	-17289.5
8.82117	-6628.94	0	-18574.4
8.83116	-7122.46	0	-19957.3
8.84115	-7653.66	0	-21445.7
8.85114	-8225.5	0	-23048
8.86113	-8841.14	0	-24773
8.87112	-9504.02	0	-26630.5
8.88111	-10217.9	0	-28630.7
8.8911	-10986.7	0	-30784.9
8.90109	-11814.8	0	-33105.2
8.91108	-12706.8	0	-35604.8
8.92107	-13667.9	0	-38297.9
8.93106	-14703.5	0	-41199.6
8.94105	-15819.5	0	-44326.7
8.95104	-17022.3	0	-47696.9
8.96103	-18318.8	0	-51329.6
8.97102	-19716.4	0	-55245.7
8.98101	-21223.2	0	-59467.9
8.991	-22848	0	-64020.6
9.00099	-24600.2	0	-68930.2
9.01098	-26490	0	-74225.4
9.02097	-28528.4	0	-79937
9.03096	-30727.4	0	-86098.7
9.04095	-33099.9	0	-92746.6
9.05094	-35660	0	-99919.9
9.06093	-38422.7	0	-107661
9.07092	-41404.5	0	-116016
9.08091	-44623.1	0	-125035
9.0909	-48097.7	0	-134771
9.10089	-51849.2	0	-145282
9.11088	-55900.1	0	-156633
9.12087	-60274.7	0	-168891
9.13086	-64999.6	0	-182130
9.14085	-70103.3	0	-196431
9.15084	-75616.9	0	-211880
9.16083	-81574	0	-228572
9.17082	-88011	0	-246609
9.18081	-94967.4	0	-266101
9.1908	-102486	0	-287168
9.20079	-110613	0	-309941
9.21078	-119399	0	-334559
9.22077	-128899	0	-361177
9.23076	-139171	0	-389960
9.24075	-150280	0	-421087
9.25074	-162295	0	-454753
9.26073	-175291	0	-491170
9.27072	-189351	0	-530566
9.28071	-204564	0	-573192
9.2907	-221025	0	-619317
9.30069	-238840	0	-669233
9.31068	-258121	0	-723260
9.32067	-278992	0	-781741
9.33066	-301587	0	-845053
9.34065	-326051	0	-913601
9.35064	-352542	0	-987828
9.36063	-381230	0	-1.06821e+006
9.37062	-412302	0	-1.15528e+006
9.38061	-445961	0	-1.24959e+006
9.3906	-482424	0	-1.35176e+006
9.40059	-521931	0	-1.46246e+006
9.41058	-564741	0	-1.58242e+006
9.42057	-611135	0	-1.71241e+006
9.43056	-661420	0	-1.85331e+006
9.44055	-715927	0	-2.00604e+006
9.45054	-775018	0	-2.17162e+006
9.46053	-839086	0	-2.35114e+006
9.47052	-908559	0	-2.5458e+006
9.48051	-983901	0	-2.75691e+006
9.4905	-1.06562e+006	0	-2.98588e+006
9.50049	-1.15426e+006	0	-3.23425e+006
9.51048	-1.25042e+006	0	-3.5037e+006
9.52047	-1.35475e+006	0	-3.79605e+006
9.53046	-1.46797e+006	0	-4.11328e+006
9.54045	-1.59083e+006	0	-4.45755e+006
9.55044	-1.72419e+006	0	-4.8312e+006
9.56043	-1.86894e+006	0	-5.2368e+006
9.57042	-2.02608e+006	0	-5.67712e+006
9.58041	-2.1967e+006	0	-6.15519e+006
9.5904	-2.38196e+006	0	-6.67431e+006
9.60039	-2.58316e+006	0	-7.23807e+006
9.61038	-2.80169e+006	0	-7.85038e+006
9.62037	-3.03905e+006	0	-8.51549e+006
9.63036	-3.29692e+006	0	-9.23805e+006
9.64035	-3.5771e+006	0	-1.00231e+007
9.65034	-3.88154e+006	0	-1.08761e+007
9.66033	-4.21238e+006	0	-1.18032e+007
9.67032	-4.57197e+006	0	-1.28107e+007
9.68031	-4.96284e+006	0	-1.3906e+007
9.6903	-5.38776e+006	0	-1.50966e+007
9.70029	-5.84974e+006	0	-1.63911e+007
9.71028	-6.3521e+006	0	-1.77987e+007
9.72027	-6.8984e+006	0	-1.93295e+007
9.73026	-7.49257e+006	0	-2.09943e+007
9.74025	-8.13887e+006	0	-2.28053e+007
9.75024	-8.84197e+006	0	-2.47754e+007
9.76023	-9.60692e+006	0	-2.69188e+007
9.77022	-1.04393e+007	0	-2.92511e+007
9.78021	-1.13451e+007	0	-3.17892e+007
9.7902	-1.2331e+007	0	-3.45516e+007
9.80019	-1.34041e+007	0	-3.75585e+007
9.81018	-1.45723e+007	0	-4.08318e+007
9.82017	-1.58441e+007	0	-4.43956e+007
9.83016	-1.7229e+007	0	-4.82761e+007
9.84015	-1.87372e+007	0	-5.25019e+007
9.85014	-2.03797e+007	0	-5.71044e+007
9.86013	-2.21688e+007	0	-6.21175e+007
9.87012	-2.41179e+007	0	-6.75787e+007
9.88011	-2.62413e+007	0	-7.35286e+007
9.8901	-2.8555e+007	0	-8.00117e+007
9.90009	-3.10764e+007	0	-8.70766e+007
9.91008	-3.38243e+007	0	-9.47765e+007
9.92007	-3.68196e+007	0	-1.03169e+008
9.93006	-4.00847e+007	0	-1.12318e+008
9.94005	-4.36445e+007	0	-1.22293e+008
9.95004	-4.7526e+007	0	-1.33169e+008
9.96003	-5.17587e+007	0	-1.45029e+008
9.97002	-5.6375e+007	0	-1.57964e+008
9.98001	-6.14101e+007	0	-1.72072e+008
9.99	-6.69027e+007	0	-1.87463e+008
