0	0.323556	0.323556	1
0.00999	0.322959	0.322959	0.998156
0.01998	0.321171	0.321171	0.992627
0.02997	0.318196	0.318196	0.983434
0.03996	0.314047	0.314047	0.970611
0.04995	0.308739	0.308739	0.954205
0.05994	0.302291	0.302291	0.934277
0.06993	0.294727	0.294727	0.9109
0.07992	0.286075	0.286075	0.884161
0.08991	0.276368	0.276368	0.854158
0.0999	0.26564	0.26564	0.821003
0.10989	0.253933	0.253933	0.784818
0.11988	0.241288	0.241288	0.745737
0.12987	0.227752	0.227752	0.703904
0.13986	0.213377	0.213377	0.659473
0.14985	0.198214	0.198214	0.61261
0.15984	0.182319	0.182319	0.563486
0.16983	0.165753	0.165753	0.512284
0.17982	0.148574	0.148574	0.459192
0.18981	0.130848	0.130848	0.404406
0.1998	0.112639	0.112639	0.348129
0.20979	0.0940151	0.0940151	0.290568
0.21978	0.0750443	0.0750443	0.231936
0.22977	0.0557968	0.0557968	0.172449
0.23976	0.0363437	0.0363437	0.112326
0.24975	0.0167566	0.0167566	0.0517888
0.25974	-0.0028923	-0.0028923	-0.00893909
0.26973	-0.0225305	-0.0225305	-0.069634
0.27972	-0.0420857	-0.0420857	-0.130072
0.28971	-0.0614859	-0.0614859	-0.190032
0.2997	-0.0806596	-0.0806596	-0.249291
0.30969	-0.0995363	-0.0995363	-0.307632
0.31968	-0.118046	-0.118046	-0.364841
0.32967	-0.136122	-0.136122	-0.420706
0.33966	-0.153697	-0.153697	-0.475024
0.34965	-0.170706	-0.170706	-0.527592
0.35964	-0.187087	-0.187087	-0.57822
0.36963	-0.202779	-0.202779	-0.626721
0.37962	-0.217726	-0.217726	-0.672917
0.38961	-0.231872	-0.231872	-0.716638
0.3996	-0.245166	-0.245166	-0.757724
0.40959	-0.257559	-0.257559	-0.796026
0.41958	-0.269005	-0.269005	-0.831402
0.42957	-0.279463	-0.279463	-0.863724
0.43956	-0.288894	-0.288894	-0.892873
0.44955	-0.297265	-0.297265	-0.918743
0.45954	-0.304544	-0.304544	-0.94124
0.46953	-0.310705	-0.310705	-0.960283
0.47952	-0.315726	-0.315726	-0.975801
0.48951	-0.319589	-0.319589	-0.98774
0.4995	-0.32228	-0.32228	-0.996056
0.50949	-0.323789	-0.323789	-1.00072
0.51948	-0.324111	-0.324111	-1.00172
0.52947	-0.323245	-0.323245	-0.99904
0.53946	-0.321196	-0.321196	-0.992705
0.54945	-0.317969	-0.317969	-0.982734
0.55944	-0.313579	-0.313579	-0.969164
0.56943	-0.308041	-0.308041	-0.952047
0.57942	-0.301375	-0.301375	-0.931447
0.58941	-0.293607	-0.293607	-0.907439
0.5994	-0.284766	-0.284766	-0.880113
0.60939	-0.274883	-0.274883	-0.849569
0.61938	-0.263996	-0.263996	-0.81592
0.62937	-0.252144	-0.252144	-0.779291
0.63936	-0.239372	-0.239372	-0.739816
0.64935	-0.225725	-0.225725	-0.697639
0.65934	-0.211255	-0.211255	-0.652917
0.66933	-0.196014	-0.196014	-0.605813
0.67932	-0.180059	-0.180059	-0.556499
0.68931	-0.163447	-0.163447	-0.505157
0.6993	-0.146239	-0.146239	-0.451974
0.70929	-0.128498	-0.128498	-0.397144
0.71928	-0.11029	-0.11029	-0.340868
0.72927	-0.0916802	-0.0916802	-0.283352
0.73926	-0.0727368	-0.0727368	-0.224804
0.74925	-0.0535288	-0.0535288	-0.165439
0.75924	-0.0341263	-0.0341263	-0.105473
0.76923	-0.0145997	-0.0145997	-0.0451225
0.77922	0.00497996	0.00497996	0.0153913
0.78921	0.0245415	0.0245415	0.0758494
0.7992	0.044014	0.044014	0.136032
0.80919	0.0633268	0.0633268	0.195721
0.81918	0.08241	0.08241	0.254701
0.82917	0.101194	0.101194	0.312757
0.83916	0.119612	0.119612	0.369681
0.84915	0.137597	0.137597	0.425265
0.85914	0.155084	0.155084	0.47931
0.86913	0.172009	0.172009	0.531622
0.87912	0.188313	0.188313	0.58201
0.88911	0.203936	0.203936	0.630295
0.8991	0.218822	0.218822	0.676303
0.90909	0.232918	0.232918	0.719869
0.91908	0.246173	0.246173	0.760837
0.92907	0.258541	0.258541	0.799061
0.93906	0.269976	0.269976	0.834403
0.94905	0.280438	0.280438	0.866739
0.95904	0.289891	0.289891	0.895952
0.96903	0.2983	0.2983	0.921941
0.97902	0.305635	0.305635	0.944613
0.98901	0.311872	0.311872	0.963887
0.999	0.316987	0.316987	0.979698
1.00899	0.320964	0.320964	0.991989
1.01898	0.323789	0.323789	1.00072
1.02897	0.325452	0.325452	1.00586
1.03896	0.325948	0.325948	1.00739
1.04895	0.325276	0.325276	1.00531
1.05894	0.323438	0.323438	0.999636
1.06893	0.320443	0.320443	0.990379
1.07892	0.316302	0.316302	0.977579
1.08891	0.311029	0.311029	0.961284
1.0989	0.304645	0.304645	0.941554
1.10889	0.297174	0.297174	0.918461
1.11888	0.288641	0.288641	0.892091
1.12887	0.279079	0.279079	0.862538
1.13886	0.268523	0.268523	0.829911
1.14885	0.25701	0.25701	0.794328
1.15884	0.244582	0.244582	0.755917
1.16883	0.231283	0.231283	0.714817
1.17882	0.217163	0.217163	0.671176
1.18881	0.202271	0.202271	0.625149
1.1988	0.186661	0.186661	0.576904
1.20879	0.170388	0.170388	0.526611
1.21878	0.153511	0.153511	0.474451
1.22877	0.136091	0.136091	0.420609
1.23876	0.118188	0.118188	0.365278
1.24875	0.0998673	0.0998673	0.308655
1.25874	0.0811933	0.0811933	0.250941
1.26873	0.0622325	0.0622325	0.192339
1.27872	0.0430519	0.0430519	0.133058
1.28871	0.0237194	0.0237194	0.0733084
1.2987	0.00430321	0.00430321	0.0132997
1.30869	-0.0151281	-0.0151281	-0.0467558
1.31868	-0.0345062	-0.0345062	-0.106647
1.32867	-0.0537629	-0.0537629	-0.166162
1.33866	-0.0728305	-0.0728305	-0.225094
1.34865	-0.0916424	-0.0916424	-0.283235
1.35864	-0.110133	-0.110133	-0.340382
1.36863	-0.128236	-0.128236	-0.396335
1.37862	-0.145891	-0.145891	-0.450899
1.38861	-0.163035	-0.163035	-0.503884
1.3986	-0.179608	-0.179608	-0.555105
1.40859	-0.195553	-0.195553	-0.604386
1.41858	-0.210815	-0.210815	-0.651556
1.42857	-0.225341	-0.225341	-0.696451
1.43856	-0.239081	-0.239081	-0.738916
1.44855	-0.251988	-0.251988	-0.778807
1.45854	-0.264017	-0.264017	-0.815985
1.46853	-0.275128	-0.275128	-0.850325
1.47852	-0.285282	-0.285282	-0.881708
1.48851	-0.294445	-0.294445	-0.910029
1.4985	-0.302587	-0.302587	-0.935191
1.50849	-0.309679	-0.309679	-0.957111
1.51848	-0.315698	-0.315698	-0.975715
1.52847	-0.320625	-0.320625	-0.990941
1.53846	-0.324442	-0.324442	-1.00274
1.54845	-0.327139	-0.327139	-1.01107
1.55844	-0.328706	-0.328706	-1.01592
1.56843	-0.329139	-0.329139	-1.01726
1.57842	-0.328438	-0.328438	-1.01509
1.58841	-0.326607	-0.326607	-1.00943
1.5984	-0.323651	-0.323651	-1.00029
1.60839	-0.319584	-0.319584	-0.987723
1.61838	-0.314419	-0.314419	-0.97176
1.62837	-0.308175	-0.308175	-0.952464
1.63836	-0.300876	-0.300876	-0.929904
1.64835	-0.292546	-0.292546	-0.904159
1.65834	-0.283216	-0.283216	-0.875322
1.66833	-0.272917	-0.272917	-0.843494
1.67832	-0.261688	-0.261688	-0.808786
1.68831	-0.249565	-0.249565	-0.771319
1.6983	-0.236592	-0.236592	-0.731225
1.70829	-0.222814	-0.222814	-0.688641
1.71828	-0.208278	-0.208278	-0.643716
1.72827	-0.193035	-0.193035	-0.596604
1.73826	-0.177136	-0.177136	-0.547468
1.74825	-0.160637	-0.160637	-0.496475
1.75824	-0.143594	-0.143594	-0.443801
1.76823	-0.126066	-0.126066	-0.389625
1.77822	-0.108111	-0.108111	-0.334132
1.78821	-0.0897906	-0.0897906	-0.277512
1.7982	-0.0711678	-0.0711678	-0.219955
1.80819	-0.0523053	-0.0523053	-0.161658
1.81818	-0.0332667	-0.0332667	-0.102816
1.82817	-0.0141162	-0.0141162	-0.0436284
1.83816	0.00508164	0.00508164	0.0157056
1.84815	0.0242625	0.0242625	0.0749869
1.85814	0.043362	0.043362	0.134017
1.86813	0.0623164	0.0623164	0.192599
1.87812	0.0810625	0.0810625	0.250536
1.88811	0.0995379	0.0995379	0.307637
1.8981	0.117681	0.117681	0.363712
1.90809	0.135432	0.135432	0.418575
1.91808	0.152733	0.152733	0.472044
1.92807	0.169525	0.169525	0.523945
1.93806	0.185755	0.185755	0.574105
1.94805	0.201369	0.201369	0.622361
1.95804	0.216315	0.216315	0.668556
1.96803	0.230546	0.230546	0.712538
1.97802	0.244015	0.244015	0.754165
1.98801	0.256678	0.256678	0.793302
1.998	0.268494	0.268494	0.829824
2.00799	0.279427	0.279427	0.863612
2.01798	0.28944	0.28944	0.89456
2.02797	0.298503	0.298503	0.922569
2.03796	0.306586	0.306586	0.947551
2.04795	0.313664	0.313664	0.969427
2.05794	0.319716	0.319716	0.98813
2.06793	0.324722	0.324722	1.0036
2.07792	0.328668	0.328668	1.0158
2.08791	0.331542	0.331542	1.02468
2.0979	0.333337	0.333337	1.03023
2.10789	0.334047	0.334047	1.03243
2.11788	0.333673	0.333673	1.03127
2.12787	0.332216	0.332216	1.02676
2.13786	0.329682	0.329682	1.01893
2.14785	0.326082	0.326082	1.00781
2.15784	0.321428	0.321428	0.993423
2.16783	0.315737	0.315737	0.975833
2.17782	0.309028	0.309028	0.955099
2.18781	0.301324	0.301324	0.93129
2.1978	0.292653	0.292653	0.904488
2.20779	0.283041	0.283041	0.874783
2.21778	0.272523	0.272523	0.842274
2.22777	0.261132	0.261132	0.807069
2.23776	0.248906	0.248906	0.769284
2.24775	0.235886	0.235886	0.729043
2.25774	0.222114	0.222114	0.686478
2.26773	0.207635	0.207635	0.641728
2.27772	0.192496	0.192496	0.594939
2.28771	0.176746	0.176746	0.546261
2.2977	0.160436	0.160436	0.495851
2.30769	0.143618	0.143618	0.443872
2.31768	0.126346	0.126346	0.39049
2.32767	0.108675	0.108675	0.335876
2.33766	0.0906617	0.0906617	0.280204
2.34765	0.0723632	0.0723632	0.22365
2.35764	0.0538374	0.0538374	0.166393
2.36763	0.0351427	0.0351427	0.108614
2.37762	0.0163378	0.0163378	0.0504946
2.38761	-0.0025181	-0.0025181	-0.00778257
2.3976	-0.0213662	-0.0213662	-0.0660355
2.40759	-0.0401477	-0.0401477	-0.124083
2.41758	-0.0588042	-0.0588042	-0.181743
2.42757	-0.0772779	-0.0772779	-0.238839
2.43756	-0.0955118	-0.0955118	-0.295194
2.44755	-0.11345	-0.11345	-0.350634
2.45754	-0.131037	-0.131037	-0.404989
2.46753	-0.148219	-0.148219	-0.458093
2.47752	-0.164944	-0.164944	-0.509784
2.48751	-0.181161	-0.181161	-0.559906
2.4975	-0.196821	-0.196821	-0.608306
2.50749	-0.211877	-0.211877	-0.654839
2.51748	-0.226284	-0.226284	-0.699365
2.52747	-0.239998	-0.239998	-0.741752
2.53746	-0.25298	-0.25298	-0.781873
2.54745	-0.26519	-0.26519	-0.819611
2.55744	-0.276593	-0.276593	-0.854853
2.56743	-0.287155	-0.287155	-0.887497
2.57742	-0.296846	-0.296846	-0.917448
2.58741	-0.305638	-0.305638	-0.944621
2.5974	-0.313505	-0.313505	-0.968937
2.60739	-0.320427	-0.320427	-0.990328
2.61738	-0.326382	-0.326382	-1.00874
2.62737	-0.331356	-0.331356	-1.02411
2.63736	-0.335335	-0.335335	-1.03641
2.64735	-0.338309	-0.338309	-1.0456
2.65734	-0.34027	-0.34027	-1.05166
2.66733	-0.341215	-0.341215	-1.05458
2.67732	-0.341142	-0.341142	-1.05435
2.68731	-0.340054	-0.340054	-1.05099
2.6973	-0.337955	-0.337955	-1.0445
2.70729	-0.334854	-0.334854	-1.03492
2.71728	-0.330762	-0.330762	-1.02227
2.72727	-0.325693	-0.325693	-1.0066
2.73726	-0.319662	-0.319662	-0.987966
2.74725	-0.312691	-0.312691	-0.966419
2.75724	-0.3048	-0.3048	-0.942033
2.76723	-0.296016	-0.296016	-0.914883
2.77722	-0.286365	-0.286365	-0.885055
2.78721	-0.275877	-0.275877	-0.85264
2.7972	-0.264584	-0.264584	-0.817739
2.80719	-0.252522	-0.252522	-0.780457
2.81718	-0.239725	-0.239725	-0.740907
2.82717	-0.226233	-0.226233	-0.699209
2.83716	-0.212087	-0.212087	-0.655487
2.84715	-0.197328	-0.197328	-0.609871
2.85714	-0.181999	-0.181999	-0.562497
2.86713	-0.166148	-0.166148	-0.513505
2.87712	-0.149819	-0.149819	-0.463038
2.88711	-0.13306	-0.13306	-0.411244
2.8971	-0.115922	-0.115922	-0.358274
2.90709	-0.0984518	-0.0984518	-0.304281
2.91708	-0.0807016	-0.0807016	-0.249421
2.92707	-0.0627219	-0.0627219	-0.193852
2.93706	-0.0445643	-0.0445643	-0.137733
2.94705	-0.0262805	-0.0262805	-0.0812239
2.95704	-0.00792242	-0.00792242	-0.0244855
2.96703	0.010458	0.010458	0.0323221
2.97702	0.028809	0.028809	0.0890388
2.98701	0.0470792	0.0470792	0.145506
2.997	0.0652175	0.0652175	0.201565
3.00699	0.0831734	0.0831734	0.25706
3.01698	0.100897	0.100897	0.311839
3.02697	0.118341	0.118341	0.36575
3.03696	0.135455	0.135455	0.418645
3.04695	0.152194	0.152194	0.470379
3.05694	0.168512	0.168512	0.520813
3.06693	0.184365	0.184365	0.56981
3.07692	0.199711	0.199711	0.617237
3.08691	0.214508	0.214508	0.66297
3.0969	0.228717	0.228717	0.706885
3.10689	0.2423	0.2423	0.748867
3.11688	0.255223	0.255223	0.788805
3.12687	0.26745	0.26745	0.826596
3.13686	0.278951	0.278951	0.862142
3.14685	0.289696	0.289696	0.895351
3.15684	0.299658	0.299658	0.926139
3.16683	0.308811	0.308811	0.95443
3.17682	0.317134	0.317134	0.980151
3.18681	0.324605	0.324605	1.00324
3.1968	0.331206	0.331206	1.02364
3.20679	0.336923	0.336923	1.04131
3.21678	0.341741	0.341741	1.0562
3.22677	0.345651	0.345651	1.06829
3.23676	0.348643	0.348643	1.07754
3.24675	0.350713	0.350713	1.08393
3.25674	0.351857	0.351857	1.08747
3.26673	0.352074	0.352074	1.08814
3.27672	0.351366	0.351366	1.08595
3.28671	0.349738	0.349738	1.08092
3.2967	0.347195	0.347195	1.07306
3.30669	0.343747	0.343747	1.0624
3.31668	0.339405	0.339405	1.04898
3.32667	0.334183	0.334183	1.03284
3.33666	0.328095	0.328095	1.01403
3.34665	0.321161	0.321161	0.992599
3.35664	0.3134	0.3134	0.968612
3.36663	0.304835	0.304835	0.942139
3.37662	0.295488	0.295488	0.913252
3.38661	0.285387	0.285387	0.882033
3.3966	0.274559	0.274559	0.848567
3.40659	0.263033	0.263033	0.812945
3.41658	0.250841	0.250841	0.775263
3.42657	0.238015	0.238015	0.735622
3.43656	0.224589	0.224589	0.694126
3.44655	0.210598	0.210598	0.650886
3.45654	0.19608	0.19608	0.606014
3.46653	0.181071	0.181071	0.559627
3.47652	0.165611	0.165611	0.511845
3.48651	0.149739	0.149739	0.462791
3.4965	0.133496	0.133496	0.412589
3.50649	0.116923	0.116923	0.361368
3.51648	0.100061	0.100061	0.309255
3.52647	0.082954	0.082954	0.256382
3.53646	0.0656433	0.0656433	0.202881
3.54645	0.0481722	0.0481722	0.148884
3.55644	0.0305836	0.0305836	0.0945235
3.56643	0.0129208	0.0129208	0.0399336
3.57642	-0.00477344	-0.00477344	-0.014753
3.58641	-0.0224561	-0.0224561	-0.0694041
3.5964	-0.0400848	-0.0400848	-0.123888
3.60639	-0.0576171	-0.0576171	-0.178075
3.61638	-0.0750116	-0.0750116	-0.231835
3.62637	-0.092227	-0.092227	-0.285042
3.63636	-0.109223	-0.109223	-0.337571
3.64635	-0.12596	-0.12596	-0.389299
3.65634	-0.142399	-0.142399	-0.440106
3.66633	-0.158502	-0.158502	-0.489875
3.67632	-0.174233	-0.174233	-0.538493
3.68631	-0.189555	-0.189555	-0.585849
3.6963	-0.204435	-0.204435	-0.631837
3.70629	-0.218838	-0.218838	-0.676353
3.71628	-0.232734	-0.232734	-0.719299
3.72627	-0.246091	-0.246091	-0.760581
3.73626	-0.25888	-0.25888	-0.800109
3.74625	-0.271074	-0.271074	-0.837797
3.75624	-0.282647	-0.282647	-0.873565
3.76623	-0.293575	-0.293575	-0.907338
3.77622	-0.303834	-0.303834	-0.939046
3.78621	-0.313404	-0.313404	-0.968622
3.7962	-0.322265	-0.322265	-0.996009
3.80619	-0.330399	-0.330399	-1.02115
3.81618	-0.337791	-0.337791	-1.044
3.82617	-0.344428	-0.344428	-1.06451
3.83616	-0.350295	-0.350295	-1.08264
3.84615	-0.355384	-0.355384	-1.09837
3.85614	-0.359685	-0.359685	-1.11166
3.86613	-0.363192	-0.363192	-1.1225
3.87612	-0.3659	-0.3659	-1.13087
3.88611	-0.367805	-0.367805	-1.13676
3.8961	-0.368907	-0.368907	-1.14016
3.90609	-0.369205	-0.369205	-1.14108
3.91608	-0.368702	-0.368702	-1.13953
3.92607	-0.367403	-0.367403	-1.13551
3.93606	-0.365311	-0.365311	-1.12905
3.94605	-0.362436	-0.362436	-1.12017
3.95604	-0.358786	-0.358786	-1.10888
3.96603	-0.354372	-0.354372	-1.09524
3.97602	-0.349205	-0.349205	-1.07927
3.98601	-0.3433	-0.3433	-1.06102
3.996	-0.336672	-0.336672	-1.04054
4.00599	-0.329337	-0.329337	-1.01787
4.01598	-0.321314	-0.321314	-0.99307
4.02597	-0.312621	-0.312621	-0.966204
4.03596	-0.30328	-0.30328	-0.937333
4.04595	-0.293312	-0.293312	-0.906525
4.05594	-0.28274	-0.28274	-0.873851
4.06593	-0.271588	-0.271588	-0.839385
4.07592	-0.259882	-0.259882	-0.803205
4.08591	-0.247647	-0.247647	-0.765391
4.0959	-0.23491	-0.23491	-0.726025
4.10589	-0.221699	-0.221699	-0.685195
4.11588	-0.208042	-0.208042	-0.642987
4.12587	-0.193969	-0.193969	-0.599492
4.13586	-0.179509	-0.179509	-0.554802
4.14585	-0.164693	-0.164693	-0.50901
4.15584	-0.149552	-0.149552	-0.462212
4.16583	-0.134115	-0.134115	-0.414505
4.17582	-0.118416	-0.118416	-0.365984
4.18581	-0.102486	-0.102486	-0.316749
4.1958	-0.0863565	-0.0863565	-0.266898
4.20579	-0.0700598	-0.0700598	-0.216531
4.21578	-0.053628	-0.053628	-0.165746
4.22577	-0.0370934	-0.0370934	-0.114643
4.23576	-0.0204879	-0.0204879	-0.0633209
4.24575	-0.00384335	-0.00384335	-0.0118785
4.25574	0.0128085	0.0128085	0.0395865
4.26573	0.0294362	0.0294362	0.090977
4.27572	0.0460086	0.0460086	0.142197
4.28571	0.0624952	0.0624952	0.193151
4.2957	0.0788656	0.0788656	0.243746
4.30569	0.0950901	0.0950901	0.293891
4.31568	0.111139	0.111139	0.343493
4.32567	0.126985	0.126985	0.392466
4.33566	0.142599	0.142599	0.440723
4.34565	0.157954	0.157954	0.48818
4.35564	0.173023	0.173023	0.534754
4.36563	0.187781	0.187781	0.580366
4.37562	0.202203	0.202203	0.624939
4.38561	0.216264	0.216264	0.668399
4.3956	0.229943	0.229943	0.710674
4.40559	0.243215	0.243215	0.751695
4.41558	0.256061	0.256061	0.791396
4.42557	0.268459	0.268459	0.829716
4.43556	0.280391	0.280391	0.866593
4.44555	0.291839	0.291839	0.901973
4.45554	0.302784	0.302784	0.935801
4.46553	0.313211	0.313211	0.968027
4.47552	0.323105	0.323105	0.998606
4.48551	0.332452	0.332452	1.02749
4.4955	0.341239	0.341239	1.05465
4.50549	0.349454	0.349454	1.08004
4.51548	0.357086	0.357086	1.10363
4.52547	0.364127	0.364127	1.12539
4.53546	0.370568	0.370568	1.1453
4.54545	0.376401	0.376401	1.16333
4.55544	0.38162	0.38162	1.17946
4.56543	0.386221	0.386221	1.19367
4.57542	0.390198	0.390198	1.20597
4.58541	0.393551	0.393551	1.21633
4.5954	0.396276	0.396276	1.22475
4.60539	0.398373	0.398373	1.23123
4.61538	0.399842	0.399842	1.23577
4.62537	0.400684	0.400684	1.23838
4.63536	0.400903	0.400903	1.23905
4.64535	0.400501	0.400501	1.23781
4.65534	0.399483	0.399483	1.23466
4.66533	0.397854	0.397854	1.22963
4.67532	0.39562	0.39562	1.22272
4.68531	0.392788	0.392788	1.21397
4.6953	0.389366	0.389366	1.2034
4.70529	0.385363	0.385363	1.19102
4.71528	0.380789	0.380789	1.17689
4.72527	0.375653	0.375653	1.16102
4.73526	0.369968	0.369968	1.14344
4.74525	0.363744	0.363744	1.12421
4.75524	0.356995	0.356995	1.10335
4.76523	0.349733	0.349733	1.0809
4.77522	0.341972	0.341972	1.05692
4.78521	0.333727	0.333727	1.03143
4.7952	0.325012	0.325012	1.0045
4.80519	0.315843	0.315843	0.976161
4.81518	0.306235	0.306235	0.946467
4.82517	0.296205	0.296205	0.915468
4.83516	0.28577	0.28577	0.883216
4.84515	0.274946	0.274946	0.849763
4.85514	0.263751	0.263751	0.815163
4.86513	0.252202	0.252202	0.779471
4.87512	0.240319	0.240319	0.742742
4.88511	0.228117	0.228117	0.705032
4.8951	0.215617	0.215617	0.666397
4.90509	0.202836	0.202836	0.626896
4.91508	0.189793	0.189793	0.586584
4.92507	0.176507	0.176507	0.545522
4.93506	0.162996	0.162996	0.503765
4.94505	0.14928	0.14928	0.461372
4.95504	0.135376	0.135376	0.418402
4.96503	0.121305	0.121305	0.374912
4.97502	0.107084	0.107084	0.33096
4.98501	0.092732	0.092732	0.286603
4.995	0.0782676	0.0782676	0.241898
5.00499	0.0637091	0.0637091	0.196903
5.01498	0.0490745	0.0490745	0.151672
5.02497	0.0343819	0.0343819	0.106263
5.03496	0.019649	0.019649	0.0607283
5.04495	0.00489318	0.00489318	0.0151231
5.05494	-0.00986829	-0.00986829	-0.0304995
5.06493	-0.0246185	-0.0246185	-0.0760873
5.07492	-0.0393409	-0.0393409	-0.121589
5.08491	-0.0540191	-0.0540191	-0.166954
5.0949	-0.0686373	-0.0686373	-0.212134
5.10489	-0.0831799	-0.0831799	-0.25708
5.11488	-0.0976317	-0.0976317	-0.301746
5.12487	-0.111978	-0.111978	-0.346085
5.13486	-0.126204	-0.126204	-0.390054
5.14485	-0.140297	-0.140297	-0.433608
5.15484	-0.154241	-0.154241	-0.476707
5.16483	-0.168026	-0.168026	-0.51931
5.17482	-0.181637	-0.181637	-0.561378
5.18481	-0.195063	-0.195063	-0.602874
5.1948	-0.208293	-0.208293	-0.64376
5.20479	-0.221314	-0.221314	-0.684004
5.21478	-0.234116	-0.234116	-0.723571
5.22477	-0.246689	-0.246689	-0.76243
5.23476	-0.259023	-0.259023	-0.800551
5.24475	-0.271109	-0.271109	-0.837905
5.25474	-0.282938	-0.282938	-0.874465
5.26473	-0.294503	-0.294503	-0.910206
5.27472	-0.305794	-0.305794	-0.945104
5.28471	-0.316806	-0.316806	-0.979137
5.2947	-0.32753	-0.32753	-1.01228
5.30469	-0.337962	-0.337962	-1.04452
5.31468	-0.348094	-0.348094	-1.07584
5.32467	-0.357923	-0.357923	-1.10622
5.33466	-0.367443	-0.367443	-1.13564
5.34465	-0.376649	-0.376649	-1.16409
5.35464	-0.385538	-0.385538	-1.19157
5.36463	-0.394107	-0.394107	-1.21805
5.37462	-0.402353	-0.402353	-1.24353
5.38461	-0.410273	-0.410273	-1.26801
5.3946	-0.417865	-0.417865	-1.29148
5.40459	-0.425128	-0.425128	-1.31392
5.41458	-0.43206	-0.43206	-1.33535
5.42457	-0.438661	-0.438661	-1.35575
5.43456	-0.44493	-0.44493	-1.37513
5.44455	-0.450868	-0.450868	-1.39348
5.45454	-0.456475	-0.456475	-1.41081
5.46453	-0.461751	-0.461751	-1.42711
5.47452	-0.466699	-0.466699	-1.44241
5.48451	-0.471319	-0.471319	-1.45669
5.4945	-0.475614	-0.475614	-1.46996
5.50449	-0.479585	-0.479585	-1.48223
5.51448	-0.483236	-0.483236	-1.49352
5.52447	-0.486569	-0.486569	-1.50382
5.53446	-0.489587	-0.489587	-1.51314
5.54445	-0.492294	-0.492294	-1.52151
5.55444	-0.494693	-0.494693	-1.52893
5.56443	-0.496789	-0.496789	-1.5354
5.57442	-0.498585	-0.498585	-1.54096
5.58441	-0.500087	-0.500087	-1.5456
5.5944	-0.501298	-0.501298	-1.54934
5.60439	-0.502224	-0.502224	-1.5522
5.61438	-0.50287	-0.50287	-1.5542
5.62437	-0.503241	-0.503241	-1.55534
5.63436	-0.503342	-0.503342	-1.55566
5.64435	-0.503179	-0.503179	-1.55515
5.65434	-0.502758	-0.502758	-1.55385
5.66433	-0.502085	-0.502085	-1.55177
5.67432	-0.501166	-0.501166	-1.54893
5.68431	-0.500006	-0.500006	-1.54535
5.6943	-0.498612	-0.498612	-1.54104
5.70429	-0.49699	-0.49699	-1.53603
5.71428	-0.495148	-0.495148	-1.53033
5.72427	-0.49309	-0.49309	-1.52397
5.73426	-0.490824	-0.490824	-1.51697
5.74425	-0.488356	-0.488356	-1.50934
5.75424	-0.485693	-0.485693	-1.50111
5.76423	-0.482842	-0.482842	-1.4923
5.77422	-0.479809	-0.479809	-1.48292
5.78421	-0.4766	-0.4766	-1.47301
5.7942	-0.473223	-0.473223	-1.46257
5.80419	-0.469684	-0.469684	-1.45163
5.81418	-0.46599	-0.46599	-1.44021
5.82417	-0.462147	-0.462147	-1.42834
5.83416	-0.458162	-0.458162	-1.41602
5.84415	-0.454042	-0.454042	-1.40329
5.85414	-0.449792	-0.449792	-1.39015
5.86413	-0.44542	-0.44542	-1.37664
5.87412	-0.440932	-0.440932	-1.36277
5.88411	-0.436334	-0.436334	-1.34856
5.8941	-0.431633	-0.431633	-1.33403
5.90409	-0.426834	-0.426834	-1.3192
5.91408	-0.421944	-0.421944	-1.30408
5.92407	-0.416968	-0.416968	-1.2887
5.93406	-0.411913	-0.411913	-1.27308
5.94405	-0.406785	-0.406785	-1.25723
5.95404	-0.401589	-0.401589	-1.24117
5.96403	-0.396331	-0.396331	-1.22492
5.97402	-0.391016	-0.391016	-1.2085
5.98401	-0.38565	-0.38565	-1.19191
5.994	-0.380238	-0.380238	-1.17519
6.00399	-0.374786	-0.374786	-1.15833
6.01398	-0.369298	-0.369298	-1.14137
6.02397	-0.363779	-0.363779	-1.12431
6.03396	-0.358234	-0.358234	-1.10718
6.04395	-0.352668	-0.352668	-1.08997
6.05394	-0.347085	-0.347085	-1.07272
6.06393	-0.34149	-0.34149	-1.05543
6.07392	-0.335888	-0.335888	-1.03811
6.08391	-0.330282	-0.330282	-1.02079
6.0939	-0.324676	-0.324676	-1.00346
6.10389	-0.319074	-0.319074	-0.986148
6.11388	-0.313481	-0.313481	-0.968862
6.12387	-0.307899	-0.307899	-0.951611
6.13386	-0.302333	-0.302333	-0.934408
6.14385	-0.296786	-0.296786	-0.917264
6.15384	-0.291261	-0.291261	-0.900187
6.16383	-0.285761	-0.285761	-0.883189
6.17382	-0.280289	-0.280289	-0.866278
6.18381	-0.274849	-0.274849	-0.849463
6.1938	-0.269442	-0.269442	-0.832753
6.20379	-0.264072	-0.264072	-0.816157
6.21378	-0.258742	-0.258742	-0.799681
6.22377	-0.253453	-0.253453	-0.783335
6.23376	-0.248207	-0.248207	-0.767123
6.24375	-0.243008	-0.243008	-0.751054
6.25374	-0.237857	-0.237857	-0.735134
6.26373	-0.232756	-0.232756	-0.719368
6.27372	-0.227707	-0.227707	-0.703762
6.28371	-0.222711	-0.222711	-0.688323
6.2937	-0.21777	-0.21777	-0.673053
6.30369	-0.212887	-0.212887	-0.65796
6.31368	-0.208061	-0.208061	-0.643045
6.32367	-0.203295	-0.203295	-0.628315
6.33366	-0.198589	-0.198589	-0.613771
6.34365	-0.193946	-0.193946	-0.599419
6.35364	-0.189364	-0.189364	-0.58526
6.36363	-0.184847	-0.184847	-0.571298
6.37362	-0.180394	-0.180394	-0.557535
6.38361	-0.176006	-0.176006	-0.543974
6.3936	-0.171684	-0.171684	-0.530616
6.40359	-0.167429	-0.167429	-0.517464
6.41358	-0.16324	-0.16324	-0.504518
6.42357	-0.159119	-0.159119	-0.491781
6.43356	-0.155065	-0.155065	-0.479253
6.44355	-0.151079	-0.151079	-0.466934
6.45354	-0.147162	-0.147162	-0.454826
6.46353	-0.143312	-0.143312	-0.442929
6.47352	-0.139531	-0.139531	-0.431244
6.48351	-0.135819	-0.135819	-0.419769
6.4935	-0.132174	-0.132174	-0.408505
6.50349	-0.128598	-0.128598	-0.397452
6.51348	-0.12509	-0.12509	-0.386609
6.52347	-0.121649	-0.121649	-0.375975
6.53346	-0.118276	-0.118276	-0.365549
6.54345	-0.11497	-0.11497	-0.355331
6.55344	-0.11173	-0.11173	-0.345319
6.56343	-0.108557	-0.108557	-0.335512
6.57342	-0.10545	-0.10545	-0.325909
6.58341	-0.102408	-0.102408	-0.316508
6.5934	-0.0994308	-0.0994308	-0.307306
6.60339	-0.0965179	-0.0965179	-0.298304
6.61338	-0.0936686	-0.0936686	-0.289497
6.62337	-0.0908823	-0.0908823	-0.280886
6.63336	-0.0881583	-0.0881583	-0.272467
6.64335	-0.0854959	-0.0854959	-0.264238
6.65334	-0.0828943	-0.0828943	-0.256198
6.66333	-0.0803529	-0.0803529	-0.248343
6.67332	-0.0778707	-0.0778707	-0.240672
6.68331	-0.0754472	-0.0754472	-0.233181
6.6933	-0.0730813	-0.0730813	-0.225869
6.70329	-0.0707723	-0.0707723	-0.218733
6.71328	-0.0685194	-0.0685194	-0.21177
6.72327	-0.0663216	-0.0663216	-0.204977
6.73326	-0.0641781	-0.0641781	-0.198352
6.74325	-0.062088	-0.062088	-0.191893
6.75324	-0.0600504	-0.0600504	-0.185595
6.76323	-0.0580643	-0.0580643	-0.179457
6.77322	-0.0561289	-0.0561289	-0.173475
6.78321	-0.0542432	-0.0542432	-0.167647
6.7932	-0.0524063	-0.0524063	-0.16197
6.80319	-0.0506173	-0.0506173	-0.156441
6.81318	-0.0488751	-0.0488751	-0.151056
6.82317	-0.0471789	-0.0471789	-0.145814
6.83316	-0.0455276	-0.0455276	-0.14071
6.84315	-0.0439204	-0.0439204	-0.135743
6.85314	-0.0423563	-0.0423563	-0.130909
6.86313	-0.0408343	-0.0408343	-0.126205
6.87312	-0.0393535	-0.0393535	-0.121628
6.88311	-0.0379128	-0.0379128	-0.117176
6.8931	-0.0365115	-0.0365115	-0.112844
6.90309	-0.0351484	-0.0351484	-0.108632
6.91308	-0.0338227	-0.0338227	-0.104534
6.92307	-0.0325335	-0.0325335	-0.10055
6.93306	-0.0312797	-0.0312797	-0.0966747
6.94305	-0.0300605	-0.0300605	-0.0929065
6.95304	-0.0288748	-0.0288748	-0.0892422
6.96303	-0.0277219	-0.0277219	-0.0856789
6.97302	-0.0266008	-0.0266008	-0.0822138
6.98301	-0.0255105	-0.0255105	-0.078844
6.993	-0.0244501	-0.0244501	-0.0755668
7.00299	-0.0234188	-0.0234188	-0.0723794
7.01298	-0.0224156	-0.0224156	-0.0692789
7.02297	-0.0214397	-0.0214397	-0.0662627
7.03296	-0.0204901	-0.0204901	-0.0633279
7.04295	-0.019566	-0.019566	-0.0604719
7.05294	-0.0186666	-0.0186666	-0.057692
7.06293	-0.0177909	-0.0177909	-0.0549854
7.07292	-0.016938	-0.016938	-0.0523495
7.08291	-0.0161072	-0.0161072	-0.0497817
7.0929	-0.0152975	-0.0152975	-0.0472793
7.10289	-0.0145082	-0.0145082	-0.0448397
7.11288	-0.0137383	-0.0137383	-0.0424603
7.12287	-0.0129871	-0.0129871	-0.0401385
7.13286	-0.0122536	-0.0122536	-0.0378717
7.14285	-0.0115372	-0.0115372	-0.0356574
7.15284	-0.0108368	-0.0108368	-0.0334929
7.16283	-0.0101518	-0.0101518	-0.0313758
7.17282	-0.00948132	-0.00948132	-0.0293035
7.18281	-0.00882448	-0.00882448	-0.0272734
7.1928	-0.00818049	-0.00818049	-0.0252831
7.20279	-0.00754854	-0.00754854	-0.0233299
7.21278	-0.00692779	-0.00692779	-0.0214114
7.22277	-0.00631743	-0.00631743	-0.019525
7.23276	-0.00571663	-0.00571663	-0.0176681
7.24275	-0.00512457	-0.00512457	-0.0158383
7.25274	-0.00454041	-0.00454041	-0.0140328
7.26273	-0.00396332	-0.00396332	-0.0122493
7.27272	-0.00339246	-0.00339246	-0.0104849
7.28271	-0.00282698	-0.00282698	-0.00873721
7.2927	-0.00226602	-0.00226602	-0.00700348
7.30269	-0.00170872	-0.00170872	-0.00528106
7.31268	-0.0011542	-0.0011542	-0.00356724
7.32267	-0.000601585	-0.000601585	-0.00185929
7.33266	-4.99625e-005	-4.99625e-005	-0.000154417
7.34265	0.000501577	0	0.0015502
7.35264	0.00105397	0	0.00325744
7.36263	0.00160815	0	0.00497024
7.37262	0.0021651	0	0.00669157
7.38261	0.0027258	0	0.0084245
7.3926	0.00329126	0	0.0101721
7.40259	0.00386252	0	0.0119377
7.41258	0.00444065	0	0.0137245
7.42257	0.00502673	0	0.0155359
7.43256	0.00562189	0	0.0173753
7.44255	0.00622729	0	0.0192464
7.45254	0.00684412	0	0.0211528
7.46253	0.00747362	0	0.0230984
7.47252	0.00811706	0	0.025087
7.48251	0.00877577	0	0.0271229
7.4925	0.00945111	0	0.0292101
7.50249	0.0101445	0	0.0313532
7.51248	0.0108574	0	0.0335566
7.52247	0.0115914	0	0.0358251
7.53246	0.0123481	0	0.0381636
7.54245	0.0131291	0	0.0405774
7.55244	0.0139361	0	0.0430717
7.56243	0.014771	0	0.0456522
7.57242	0.0156357	0	0.0483246
7.58241	0.0165322	0	0.0510952
7.5924	0.0174624	0	0.0539704
7.60239	0.0184287	0	0.0569567
7.61238	0.0194332	0	0.0600613
7.62237	0.0204783	0	0.0632914
7.63236	0.0215666	0	0.0666549
7.64235	0.0227006	0	0.0701598
7.65234	0.0238832	0	0.0738146
7.66233	0.0251171	0	0.0776282
7.67232	0.0264054	0	0.0816101
7.68231	0.0277514	0	0.0857701
7.6923	0.0291584	0	0.0901186
7.70229	0.0306299	0	0.0946665
7.71228	0.0321697	0	0.0994255
7.72227	0.0337817	0	0.104407
7.73226	0.03547	0	0.109625
7.74225	0.0372389	0	0.115093
7.75224	0.0390932	0	0.120824
7.76223	0.0410376	0	0.126833
7.77222	0.0430772	0	0.133137
7.78221	0.0452175	0	0.139752
7.7922	0.0474641	0	0.146695
7.80219	0.0498231	0	0.153986
7.81218	0.0523009	0	0.161644
7.82217	0.0549041	0	0.16969
7.83216	0.0576399	0	0.178145
7.84215	0.0605157	0	0.187033
7.85214	0.0635395	0	0.196379
7.86213	0.0667197	0	0.206208
7.87212	0.0700652	0	0.216547
7.88211	0.0735853	0	0.227427
7.8921	0.07729	0	0.238877
7.90209	0.0811898	0	0.25093
7.91208	0.0852958	0	0.26362
7.92207	0.0896197	0	0.276984
7.93206	0.0941741	0	0.29106
7.94205	0.0989722	0	0.305889
7.95204	0.104028	0	0.321514
7.96203	0.109356	0	0.337982
7.97202	0.114972	0	0.35534
7.98201	0.120893	0	0.373639
7.992	0.127137	0	0.392935
8.00199	0.133721	0	0.413285
8.01198	0.140666	0	0.434751
8.02197	0.147993	0	0.457396
8.03196	0.155724	0	0.481291
8.04195	0.163883	0	0.506507
8.05194	0.172495	0	0.533122
8.06193	0.181586	0	0.561219
8.07192	0.191184	0	0.590884
8.08191	0.20132	0	0.62221
8.0919	0.212024	0	0.655294
8.10189	0.223332	0	0.690242
8.11188	0.235278	0	0.727163
8.12187	0.2479	0	0.766175
8.13186	0.26124	0	0.807402
8.14185	0.275339	0	0.850977
8.15184	0.290243	0	0.89704
8.16183	0.306	0	0.94574
8.17182	0.322662	0	0.997237
8.18181	0.340283	0	1.0517
8.1918	0.358921	0	1.1093
8.20179	0.378638	0	1.17024
8.21178	0.399499	0	1.23472
8.22177	0.421574	0	1.30294
8.23176	0.444937	0	1.37515
8.24175	0.469666	0	1.45157
8.25174	0.495845	0	1.53248
8.26173	0.523562	0	1.61815
8.27172	0.552914	0	1.70887
8.28171	0.584	0	1.80494
8.2917	0.616927	0	1.90671
8.30169	0.65181	0	2.01452
8.31168	0.68877	0	2.12875
8.32167	0.727936	0	2.2498
8.33166	0.769445	0	2.37809
8.34165	0.813445	0	2.51408
8.35164	0.86009	0	2.65824
8.36163	0.909548	0	2.8111
8.37162	0.961994	0	2.97319
8.38161	1.01762	0	3.1451
8.3916	1.07662	0	3.32746
8.40159	1.13921	0	3.52091
8.41158	1.20563	0	3.72617
8.42157	1.2761	0	3.94399
8.43156	1.3509	0	4.17516
8.44155	1.43029	0	4.42054
8.45154	1.51458	0	4.68104
8.46153	1.60407	0	4.95763
8.47152	1.6991	0	5.25135
8.48151	1.80003	0	5.56329
8.4915	1.90724	0	5.89463
8.50149	2.02114	0	6.24663
8.51148	2.14214	0	6.62063
8.52147	2.27073	0	7.01806
8.53146	2.4074	0	7.44044
8.54145	2.55266	0	7.8894
8.55144	2.70709	0	8.36668
8.56143	2.87128	0	8.87414
8.57142	3.04588	0	9.41376
8.58141	3.23156	0	9.98764
8.5914	3.42907	0	10.5981
8.60139	3.63918	0	11.2474
8.61138	3.86272	0	11.9383
8.62137	4.10059	0	12.6735
8.63136	4.35375	0	13.4559
8.64135	4.6232	0	14.2887
8.65134	4.91005	0	15.1753
8.66133	5.21544	0	16.1191
8.67132	5.54063	0	17.1242
8.68131	5.88694	0	18.1945
8.6913	6.25581	0	19.3345
8.70129	6.64874	0	20.549
8.71128	7.06737	0	21.8428
8.72127	7.51343	0	23.2214
8.73126	7.9888	0	24.6906
8.74125	8.49545	0	26.2565
8.75124	9.03554	0	27.9257
8.76123	9.61132	0	29.7053
8.77122	10.2253	0	31.6028
8.78121	10.88	0	33.6262
8.7912	11.5782	0	35.7844
8.80119	12.3231	0	38.0864
8.81118	13.1177	0	40.5423
8.82117	13.9656	0	43.1627
8.83116	14.8703	0	45.959
8.84115	15.8359	0	48.9433
8.85114	16.8666	0	52.1288
8.86113	17.9669	0	55.5294
8.87112	19.1416	0	59.1602
8.88111	20.3961	0	63.0373
8.8911	21.7358	0	67.178
8.90109	23.1668	0	71.6006
8.91108	24.6955	0	76.3252
8.92107	26.3287	0	81.3729
8.93106	28.0738	0	86.7665
8.94105	29.9388	0	92.5306
8.95104	31.9322	0	98.6915
8.96103	34.0631	0	105.277
8.97102	36.3412	0	112.318
8.98101	38.777	0	119.846
8.991	41.3819	0	127.897
9.00099	44.1679	0	136.508
9.01098	47.148	0	145.718
9.02097	50.3361	0	155.572
9.03096	53.7473	0	166.114
9.04095	57.3976	0	177.396
9.05094	61.3042	0	189.47
9.06093	65.4858	0	202.394
9.07092	69.9623	0	216.229
9.08091	74.755	0	231.042
9.0909	79.8871	0	246.903
9.10089	85.3832	0	263.89
9.11088	91.27	0	282.084
9.12087	97.576	0	301.574
9.13086	104.332	0	322.454
9.14085	111.571	0	344.828
9.15084	119.329	0	368.804
9.16083	127.643	0	394.501
9.17082	136.556	0	422.047
9.18081	146.11	0	451.577
9.1908	156.355	0	483.239
9.20079	167.341	0	517.192
9.21078	179.122	0	553.605
9.22077	191.76	0	592.663
9.23076	205.316	0	634.562
9.24075	219.861	0	679.515
9.25074	235.469	0	727.752
9.26073	252.218	0	779.518
9.27072	270.195	0	835.079
9.28071	289.493	0	894.721
9.2907	310.21	0	958.753
9.30069	332.455	0	1027.5
9.31068	356.344	0	1101.34
9.32067	382	0	1180.63
9.33066	409.558	0	1265.8
9.34065	439.164	0	1357.3
9.35064	470.973	0	1455.61
9.36063	505.153	0	1561.25
9.37062	541.887	0	1674.79
9.38061	581.37	0	1796.81
9.3906	623.812	0	1927.99
9.40059	669.443	0	2069.02
9.41058	718.508	0	2220.66
9.42057	771.271	0	2383.73
9.43056	828.019	0	2559.12
9.44055	889.061	0	2747.78
9.45054	954.73	0	2950.74
9.46053	1025.39	0	3169.11
9.47052	1101.42	0	3404.1
9.48051	1183.24	0	3656.99
9.4905	1271.32	0	3929.2
9.50049	1366.12	0	4222.22
9.51048	1468.2	0	4537.7
9.52047	1578.11	0	4877.39
9.53046	1696.47	0	5243.2
9.54045	1823.95	0	5637.2
9.55044	1961.27	0	6061.6
9.56043	2109.2	0	6518.81
9.57042	2268.59	0	7011.43
9.58041	2440.35	0	7542.28
9.5904	2625.45	0	8114.37
9.60039	2824.97	0	8731.01
9.61038	3040.05	0	9395.75
9.62037	3271.93	0	10112.4
9.63036	3521.96	0	10885.2
9.64035	3791.6	0	11718.5
9.65034	4082.41	0	12617.3
9.66033	4396.1	0	13586.8
9.67032	4734.52	0	14632.8
9.68031	5099.65	0	15761.2
9.6903	5493.65	0	16979
9.70029	5918.87	0	18293.2
9.71028	6377.84	0	19711.7
9.72027	6873.28	0	21242.9
9.73026	7408.18	0	22896.1
9.74025	7985.74	0	24681.2
9.75024	8609.45	0	26608.9
9.76023	9283.08	0	28690.8
9.77022	10010.7	0	30939.7
9.78021	10796.8	0	33369.1
9.7902	11646.1	0	35994
9.80019	12563.8	0	38830.4
9.81018	13555.6	0	41895.7
9.82017	14627.6	0	45208.9
9.83016	15786.4	0	48790.3
9.84015	17039.2	0	52662.3
9.85014	18393.8	0	56848.8
9.86013	19858.6	0	61376.2
9.87012	21442.9	0	66272.5
9.88011	23156.5	0	71568.7
9.8901	25010.3	0	77298.1
9.90009	27015.9	0	83496.9
9.91008	29186.2	0	90204.4
9.92007	31534.8	0	97463.2
9.93006	34076.8	0	105320
9.94005	36828.4	0	113824
9.95004	39807.3	0	123031
9.96003	43032.7	0	132999
9.97002	46525.4	0	143794
9.98001	50307.9	0	155484
9.99	54404.9	0	168147
