0	0.67509	0.67509	1
0.00999	0.674259	0.674259	0.998768
0.01998	0.671765	0.671765	0.995073
0.02997	0.667614	0.667614	0.988925
0.03996	0.661817	0.661817	0.980338
0.04995	0.654387	0.654387	0.969333
0.05994	0.645345	0.645345	0.955938
0.06993	0.634711	0.634711	0.940186
0.07992	0.622512	0.622512	0.922116
0.08991	0.608778	0.608778	0.901773
0.0999	0.593544	0.593544	0.879207
0.10989	0.576847	0.576847	0.854473
0.11988	0.558727	0.558727	0.827633
0.12987	0.539231	0.539231	0.798754
0.13986	0.518406	0.518406	0.767906
0.14985	0.496304	0.496304	0.735166
0.15984	0.472979	0.472979	0.700615
0.16983	0.448489	0.448489	0.664338
0.17982	0.422894	0.422894	0.626425
0.18981	0.396258	0.396258	0.58697
0.1998	0.368646	0.368646	0.546069
0.20979	0.340127	0.340127	0.503824
0.21978	0.31077	0.31077	0.460339
0.22977	0.280649	0.280649	0.415721
0.23976	0.249838	0.249838	0.370081
0.24975	0.218412	0.218412	0.323531
0.25974	0.18645	0.18645	0.276185
0.26973	0.154029	0.154029	0.22816
0.27972	0.121229	0.121229	0.179575
0.28971	0.0881318	0.0881318	0.130548
0.2997	0.0548181	0.0548181	0.0812011
0.30969	0.0213698	0.0213698	0.0316547
0.31968	-0.012131	-0.012131	-0.0179694
0.32967	-0.0456019	-0.0456019	-0.0675494
0.33966	-0.0789611	-0.0789611	-0.116964
0.34965	-0.112127	-0.112127	-0.166092
0.35964	-0.145018	-0.145018	-0.214813
0.36963	-0.177554	-0.177554	-0.263008
0.37962	-0.209656	-0.209656	-0.310559
0.38961	-0.241245	-0.241245	-0.357351
0.3996	-0.272244	-0.272244	-0.40327
0.40959	-0.302578	-0.302578	-0.448204
0.41958	-0.332174	-0.332174	-0.492044
0.42957	-0.36096	-0.36096	-0.534683
0.43956	-0.388866	-0.388866	-0.57602
0.44955	-0.415824	-0.415824	-0.615953
0.45954	-0.441771	-0.441771	-0.654388
0.46953	-0.466644	-0.466644	-0.691231
0.47952	-0.490382	-0.490382	-0.726395
0.48951	-0.512931	-0.512931	-0.759796
0.4995	-0.534236	-0.534236	-0.791354
0.50949	-0.554246	-0.554246	-0.820996
0.51948	-0.572916	-0.572916	-0.84865
0.52947	-0.5902	-0.5902	-0.874253
0.53946	-0.606059	-0.606059	-0.897745
0.54945	-0.620457	-0.620457	-0.919073
0.55944	-0.63336	-0.63336	-0.938186
0.56943	-0.64474	-0.64474	-0.955043
0.57942	-0.654571	-0.654571	-0.969605
0.58941	-0.662832	-0.662832	-0.981842
0.5994	-0.669505	-0.669505	-0.991727
0.60939	-0.674577	-0.674577	-0.99924
0.61938	-0.678038	-0.678038	-1.00437
0.62937	-0.679884	-0.679884	-1.0071
0.63936	-0.680111	-0.680111	-1.00744
0.64935	-0.678723	-0.678723	-1.00538
0.65934	-0.675725	-0.675725	-1.00094
0.66933	-0.671129	-0.671129	-0.994132
0.67932	-0.664948	-0.664948	-0.984977
0.68931	-0.657201	-0.657201	-0.9735
0.6993	-0.647908	-0.647908	-0.959735
0.70929	-0.637096	-0.637096	-0.943719
0.71928	-0.624792	-0.624792	-0.925494
0.72927	-0.61103	-0.61103	-0.905109
0.73926	-0.595846	-0.595846	-0.882616
0.74925	-0.579278	-0.579278	-0.858074
0.75924	-0.561368	-0.561368	-0.831545
0.76923	-0.542162	-0.542162	-0.803096
0.77922	-0.521708	-0.521708	-0.772798
0.78921	-0.500057	-0.500057	-0.740726
0.7992	-0.477261	-0.477261	-0.706959
0.80919	-0.453378	-0.453378	-0.67158
0.81918	-0.428463	-0.428463	-0.634676
0.82917	-0.402579	-0.402579	-0.596334
0.83916	-0.375787	-0.375787	-0.556646
0.84915	-0.34815	-0.34815	-0.515708
0.85914	-0.319733	-0.319733	-0.473615
0.86913	-0.290604	-0.290604	-0.430467
0.87912	-0.26083	-0.26083	-0.386362
0.88911	-0.230479	-0.230479	-0.341404
0.8991	-0.19962	-0.19962	-0.295694
0.90909	-0.168325	-0.168325	-0.249337
0.91908	-0.136663	-0.136663	-0.202437
0.92907	-0.104705	-0.104705	-0.155097
0.93906	-0.0725202	-0.0725202	-0.107423
0.94905	-0.0401802	-0.0401802	-0.0595182
0.95904	-0.00775437	-0.00775437	-0.0114864
0.96903	0.024688	0.024688	0.0365699
0.97902	0.0570783	0.0570783	0.0845491
0.98901	0.0893491	0.0893491	0.132351
0.999	0.121434	0.121434	0.179878
1.00899	0.153268	0.153268	0.227033
1.01898	0.184787	0.184787	0.273721
1.02897	0.215929	0.215929	0.319852
1.03896	0.246634	0.246634	0.365335
1.04895	0.276843	0.276843	0.410083
1.05894	0.306501	0.306501	0.454014
1.06893	0.335552	0.335552	0.497048
1.07892	0.363946	0.363946	0.539106
1.08891	0.391631	0.391631	0.580117
1.0989	0.418563	0.418563	0.62001
1.10889	0.444695	0.444695	0.658719
1.11888	0.469987	0.469987	0.696183
1.12887	0.494398	0.494398	0.732344
1.13886	0.517894	0.517894	0.767148
1.14885	0.540441	0.540441	0.800546
1.15884	0.562007	0.562007	0.832492
1.16883	0.582567	0.582567	0.862947
1.17882	0.602095	0.602095	0.891873
1.18881	0.62057	0.62057	0.919239
1.1988	0.637973	0.637973	0.945018
1.20879	0.654288	0.654288	0.969186
1.21878	0.669504	0.669504	0.991724
1.22877	0.68361	0.68361	1.01262
1.23876	0.696599	0.696599	1.03186
1.24875	0.708469	0.708469	1.04944
1.25874	0.719217	0.719217	1.06536
1.26873	0.728846	0.728846	1.07963
1.27872	0.73736	0.73736	1.09224
1.28871	0.744766	0.744766	1.10321
1.2987	0.751074	0.751074	1.11255
1.30869	0.756295	0.756295	1.12029
1.31868	0.760445	0.760445	1.12643
1.32867	0.763539	0.763539	1.13102
1.33866	0.765597	0.765597	1.13407
1.34865	0.766641	0.766641	1.13561
1.35864	0.766691	0.766691	1.13569
1.36863	0.765775	0.765775	1.13433
1.37862	0.763917	0.763917	1.13158
1.38861	0.761146	0.761146	1.12747
1.3986	0.757492	0.757492	1.12206
1.40859	0.752985	0.752985	1.11538
1.41858	0.747657	0.747657	1.10749
1.42857	0.741542	0.741542	1.09843
1.43856	0.734674	0.734674	1.08826
1.44855	0.727088	0.727088	1.07702
1.45854	0.718819	0.718819	1.06477
1.46853	0.709903	0.709903	1.05157
1.47852	0.700378	0.700378	1.03746
1.48851	0.69028	0.69028	1.0225
1.4985	0.679647	0.679647	1.00675
1.50849	0.668516	0.668516	0.990261
1.51848	0.656924	0.656924	0.97309
1.52847	0.644909	0.644909	0.955292
1.53846	0.632507	0.632507	0.936921
1.54845	0.619755	0.619755	0.918032
1.55844	0.606689	0.606689	0.898679
1.56843	0.593346	0.593346	0.878913
1.57842	0.57976	0.57976	0.858788
1.58841	0.565965	0.565965	0.838354
1.5984	0.551995	0.551995	0.817661
1.60839	0.537884	0.537884	0.796758
1.61838	0.523662	0.523662	0.775691
1.62837	0.50936	0.50936	0.754507
1.63836	0.49501	0.49501	0.73325
1.64835	0.480638	0.480638	0.711962
1.65834	0.466274	0.466274	0.690684
1.66833	0.451944	0.451944	0.669456
1.67832	0.437672	0.437672	0.648316
1.68831	0.423483	0.423483	0.627299
1.6983	0.409401	0.409401	0.606438
1.70829	0.395446	0.395446	0.585767
1.71828	0.381639	0.381639	0.565315
1.72827	0.367999	0.367999	0.54511
1.73826	0.354544	0.354544	0.52518
1.74825	0.34129	0.34129	0.505547
1.75824	0.328253	0.328253	0.486236
1.76823	0.315447	0.315447	0.467266
1.77822	0.302884	0.302884	0.448657
1.78821	0.290577	0.290577	0.430426
1.7982	0.278535	0.278535	0.412589
1.80819	0.266767	0.266767	0.395158
1.81818	0.255283	0.255283	0.378146
1.82817	0.244088	0.244088	0.361563
1.83816	0.233189	0.233189	0.345419
1.84815	0.22259	0.22259	0.329719
1.85814	0.212295	0.212295	0.31447
1.86813	0.202308	0.202308	0.299676
1.87812	0.19263	0.19263	0.285339
1.88811	0.183262	0.183262	0.271463
1.8981	0.174204	0.174204	0.258046
1.90809	0.165456	0.165456	0.245088
1.91808	0.157017	0.157017	0.232587
1.92807	0.148885	0.148885	0.22054
1.93806	0.141056	0.141056	0.208944
1.94805	0.133528	0.133528	0.197793
1.95804	0.126297	0.126297	0.187082
1.96803	0.119359	0.119359	0.176805
1.97802	0.112709	0.112709	0.166953
1.98801	0.106341	0.106341	0.157521
1.998	0.10025	0.10025	0.148498
2.00799	0.0944294	0.0944294	0.139877
2.01798	0.088874	0.088874	0.131648
2.02797	0.0835768	0.0835768	0.123801
2.03796	0.0785309	0.0785309	0.116326
2.04795	0.0737294	0.0737294	0.109214
2.05794	0.0691652	0.0691652	0.102453
2.06793	0.0648311	0.0648311	0.0960332
2.07792	0.0607197	0.0607197	0.089943
2.08791	0.0568236	0.0568236	0.0841718
2.0979	0.0531353	0.0531353	0.0787085
2.10789	0.0496475	0.0496475	0.0735421
2.11788	0.0463528	0.0463528	0.0686616
2.12787	0.0432436	0.0432436	0.0640561
2.13786	0.0403128	0.0403128	0.0597147
2.14785	0.0375531	0.0375531	0.0556268
2.15784	0.0349573	0.0349573	0.0517817
2.16783	0.0325185	0.0325185	0.0481691
2.17782	0.0302298	0.0302298	0.0447788
2.18781	0.0280844	0.0280844	0.0416009
2.1978	0.0260758	0.0260758	0.0386256
2.20779	0.0241976	0.0241976	0.0358435
2.21778	0.0224437	0.0224437	0.0332455
2.22777	0.020808	0.020808	0.0308225
2.23776	0.0192848	0.0192848	0.0285662
2.24775	0.0178684	0.0178684	0.0264681
2.25774	0.0165535	0.0165535	0.0245205
2.26773	0.0153351	0.0153351	0.0227156
2.27772	0.0142081	0.0142081	0.0210462
2.28771	0.0131679	0.0131679	0.0195055
2.2977	0.0122102	0.0122102	0.0180868
2.30769	0.0113307	0.0113307	0.016784
2.31768	0.0105255	0.0105255	0.0155912
2.32767	0.00979092	0.00979092	0.0145031
2.33766	0.00912356	0.00912356	0.0135146
2.34765	0.00852027	0.00852027	0.0126209
2.35764	0.00797817	0.00797817	0.0118179
2.36763	0.00749463	0.00749463	0.0111017
2.37762	0.00706734	0.00706734	0.0104687
2.38761	0.00669425	0.00669425	0.00991608
2.3976	0.00637362	0.00637362	0.00944113
2.40759	0.006104	0.006104	0.00904176
2.41758	0.0058843	0.0058843	0.00871631
2.42757	0.00571372	0.00571372	0.00846364
2.43756	0.00559185	0.00559185	0.00828312
2.44755	0.00551865	0.00551865	0.00817468
2.45754	0.00549446	0	0.00813885
2.46753	0.00552007	0	0.00817679
2.47752	0.00559674	0	0.00829035
2.48751	0.0057262	0	0.00848213
2.4975	0.00591077	0	0.00875553
2.50749	0.00615335	0	0.00911485
2.51748	0.00645751	0	0.00956539
2.52747	0.00682754	0	0.0101135
2.53746	0.00726858	0	0.0107668
2.54745	0.00778667	0	0.0115343
2.55744	0.00838888	0	0.0124263
2.56743	0.00908342	0	0.0134551
2.57742	0.00987981	0	0.0146348
2.58741	0.0107891	0	0.0159817
2.5974	0.0118239	0	0.0175145
2.60739	0.0129988	0	0.0192548
2.61738	0.0143305	0	0.0212275
2.62737	0.0158383	0	0.023461
2.63736	0.0175441	0	0.0259878
2.64735	0.0194733	0	0.0288455
2.65734	0.0216549	0	0.032077
2.66733	0.0241219	0	0.0357314
2.67732	0.0269127	0	0.0398653
2.68731	0.0300708	0	0.0445434
2.6973	0.0336467	0	0.0498402
2.70729	0.0376979	0	0.0558412
2.71728	0.0422908	0	0.0626447
2.72727	0.0475019	0	0.0703637
2.73726	0.053419	0	0.0791286
2.74725	0.0601434	0	0.0890894
2.75724	0.067792	0	0.100419
2.76723	0.0764997	0	0.113318
2.77722	0.0864222	0	0.128016
2.78721	0.0977397	0	0.14478
2.7972	0.110661	0	0.16392
2.80719	0.125427	0	0.185792
2.81718	0.142318	0	0.210813
2.82717	0.161659	0	0.239462
2.83716	0.183827	0	0.2723
2.84715	0.209262	0	0.309976
2.85714	0.238474	0	0.353247
2.86713	0.272058	0	0.402995
2.87712	0.310708	0	0.460246
2.88711	0.355234	0	0.526202
2.8971	0.406583	0	0.602264
2.90709	0.46586	0	0.69007
2.91708	0.534361	0	0.79154
2.92707	0.613605	0	0.908922
2.93706	0.705371	0	1.04485
2.94705	0.81175	0	1.20243
2.95704	0.935199	0	1.38529
2.96703	1.07861	0	1.59773
2.97702	1.24538	0	1.84476
2.98701	1.43953	0	2.13236
2.997	1.6658	0	2.46752
3.00699	1.92977	0	2.85853
3.01698	2.23806	0	3.31519
3.02697	2.59849	0	3.8491
3.03696	3.02035	0	4.474
3.04695	3.51464	0	5.20618
3.05694	4.09442	0	6.06499
3.06693	4.77521	0	7.07343
3.07692	5.57549	0	8.25887
3.08691	6.51726	0	9.6539
3.0969	7.62675	0	11.2974
3.10689	8.93527	0	13.2357
3.11688	10.4802	0	15.5242
3.12687	12.3064	0	18.2293
3.13686	14.4673	0	21.4302
3.14685	17.0272	0	25.2221
3.15684	20.0632	0	29.7192
3.16683	23.6677	0	35.0585
3.17682	27.9521	0	41.405
3.18681	33.0504	0	48.957
3.1968	39.124	0	57.9537
3.20679	46.3678	0	68.6838
3.21678	55.0169	0	81.4956
3.22677	65.3558	0	96.8105
3.23676	77.7288	0	115.138
3.24675	92.5531	0	137.097
3.25674	110.335	0	163.437
3.26673	131.688	0	195.067
3.27672	157.36	0	233.095
3.28671	188.261	0	278.867
3.2967	225.497	0	334.026
3.30669	270.422	0	400.571
3.31668	324.685	0	480.95
3.32667	390.304	0	578.151
3.33666	469.75	0	695.832
3.34665	566.048	0	838.477
3.35664	682.912	0	1011.59
3.36663	824.902	0	1221.91
3.37662	997.626	0	1477.77
3.38661	1207.99	0	1789.37
3.3966	1464.49	0	2169.32
3.40659	1777.63	0	2633.17
3.41658	2160.37	0	3200.12
3.42657	2628.75	0	3893.93
3.43656	3202.63	0	4744
3.44655	3906.61	0	5786.79
3.45654	4771.24	0	7067.55
3.46653	5834.47	0	8642.5
3.47652	7143.52	0	10581.6
3.48651	8757.18	0	12971.9
3.4965	10748.8	0	15922
3.50649	13209.9	0	19567.6
3.51648	16255	0	24078.2
3.52647	20027.1	0	29665.8
3.53646	24705.9	0	36596.4
3.54645	30516.2	0	45203.2
3.55644	37741	0	55905.1
3.56643	46735.6	0	69228.6
3.57642	57947.7	0	85836.9
3.58641	71941.5	0	106566
3.5964	89429.2	0	132470
3.60639	111311	0	164883
3.61638	138725	0	205490
3.62637	173113	0	256430
3.63636	216307	0	320411
3.64635	270628	0	400876
3.65634	339031	0	502200
3.66633	425277	0	629956
3.67632	534161	0	791243
3.68631	671801	0	995127
3.6963	846017	0	1.25319e+006
3.70629	1.06682e+006	0	1.58026e+006
3.71628	1.34701e+006	0	1.99531e+006
3.72627	1.70306e+006	0	2.52271e+006
3.73626	2.15606e+006	0	3.19374e+006
3.74625	2.73319e+006	0	4.04863e+006
3.75624	3.46943e+006	0	5.1392e+006
3.76623	4.40986e+006	0	6.53225e+006
3.77622	5.61271e+006	0	8.31401e+006
3.78621	7.15324e+006	0	1.0596e+007
3.7962	9.12886e+006	0	1.35224e+007
3.80619	1.16658e+007	0	1.72804e+007
3.81618	1.4928e+007	0	2.21126e+007
3.82617	1.91282e+007	0	2.83343e+007
3.83616	2.45435e+007	0	3.63559e+007
3.84615	3.15348e+007	0	4.67119e+007
3.85614	4.05728e+007	0	6.00998e+007
3.86613	5.22725e+007	0	7.74304e+007
3.87612	6.74383e+007	0	9.98952e+007
3.88611	8.71237e+007	0	1.29055e+008
3.8961	1.1271e+008	0	1.66956e+008
3.90609	1.46012e+008	0	2.16285e+008
3.91608	1.89415e+008	0	2.80578e+008
3.92607	2.46061e+008	0	3.64487e+008
3.93606	3.20092e+008	0	4.74147e+008
3.94605	4.16975e+008	0	6.17658e+008
3.95604	5.43941e+008	0	8.05731e+008
3.96603	7.1056e+008	0	1.05254e+009
3.97602	9.2952e+008	0	1.37688e+009
3.98601	1.21766e+009	0	1.8037e+009
3.996	1.59737e+009	0	2.36616e+009
4.00599	2.09845e+009	0	3.10839e+009
4.01598	2.76061e+009	0	4.08924e+009
4.02597	3.63686e+009	0	5.38723e+009
4.03596	4.79807e+009	0	7.1073e+009
4.04595	6.33906e+009	0	9.38994e+009
4.05594	8.38692e+009	0	1.24234e+010
4.06593	1.11123e+010	0	1.64604e+010
4.07592	1.47443e+010	0	2.18405e+010
4.08591	1.95916e+010	0	2.90208e+010
4.0959	2.60701e+010	0	3.86172e+010
4.10589	3.4741e+010	0	5.14612e+010
4.11588	4.63628e+010	0	6.86764e+010
4.12587	6.19622e+010	0	9.17835e+010
4.13586	8.29307e+010	0	1.22844e+011
4.14585	1.11157e+011	0	1.64655e+011
4.15584	1.49208e+011	0	2.21019e+011
4.16583	2.00578e+011	0	2.97112e+011
4.17582	2.70029e+011	0	3.99989e+011
4.18581	3.64063e+011	0	5.3928e+011
4.1958	4.91567e+011	0	7.2815e+011
4.20579	6.64706e+011	0	9.84618e+011
4.21578	9.00159e+011	0	1.33339e+012
4.22577	1.22082e+012	0	1.80839e+012
4.23576	1.65818e+012	0	2.45624e+012
4.24575	2.25558e+012	0	3.34116e+012
4.25574	3.07279e+012	0	4.55168e+012
4.26573	4.19235e+012	0	6.21006e+012
4.27572	5.72839e+012	0	8.48537e+012
4.28571	7.839e+012	0	1.16118e+013
4.2957	1.07434e+013	0	1.59141e+013
4.30569	1.47462e+013	0	2.18433e+013
4.31568	2.0271e+013	0	3.00271e+013
4.32567	2.79079e+013	0	4.13395e+013
4.33566	3.84804e+013	0	5.70004e+013
4.34565	5.3139e+013	0	7.87139e+013
4.35564	7.34936e+013	0	1.08865e+014
4.36563	1.01801e+014	0	1.50795e+014
4.37562	1.41226e+014	0	2.09196e+014
4.38561	1.96222e+014	0	2.90661e+014
4.3956	2.73054e+014	0	4.04471e+014
4.40559	3.80557e+014	0	5.63713e+014
4.41558	5.31205e+014	0	7.86865e+014
4.42557	7.42637e+014	0	1.10006e+015
4.43556	1.03984e+015	0	1.54029e+015
4.44555	1.45824e+015	0	2.16007e+015
4.45554	2.04819e+015	0	3.03395e+015
4.46553	2.88131e+015	0	4.26804e+015
4.47552	4.05966e+015	0	6.01351e+015
4.48551	5.72889e+015	0	8.48611e+015
4.4955	8.09719e+015	0	1.19942e+016
4.50549	1.14626e+016	0	1.69793e+016
4.51548	1.62523e+016	0	2.40743e+016
4.52547	2.308e+016	0	3.4188e+016
4.53546	3.2828e+016	0	4.86275e+016
4.54545	4.67673e+016	0	6.92757e+016
4.55544	6.67318e+016	0	9.88486e+016
4.56543	9.53708e+016	0	1.41271e+017
4.57542	1.36519e+017	0	2.02223e+017
4.58541	1.95734e+017	0	2.89937e+017
4.5954	2.81084e+017	0	4.16364e+017
4.60539	4.043e+017	0	5.98883e+017
4.61538	5.82469e+017	0	8.62802e+017
4.62537	8.4051e+017	0	1.24503e+018
4.63536	1.21483e+018	0	1.79951e+018
4.64535	1.75871e+018	0	2.60514e+018
4.65534	2.55022e+018	0	3.77759e+018
4.66533	3.70397e+018	0	5.48663e+018
4.67532	5.38849e+018	0	7.98188e+018
4.68531	7.85193e+018	0	1.16309e+019
4.6953	1.14603e+019	0	1.6976e+019
4.70529	1.67545e+019	0	2.48182e+019
4.71528	2.45347e+019	0	3.63428e+019
4.72527	3.5987e+019	0	5.33069e+019
4.73526	5.28722e+019	0	7.83188e+019
4.74525	7.78088e+019	0	1.15257e+020
4.75524	1.14697e+020	0	1.69898e+020
4.76523	1.69353e+020	0	2.5086e+020
4.77522	2.50473e+020	0	3.71021e+020
4.78521	3.71066e+020	0	5.49654e+020
4.7952	5.50641e+020	0	8.15656e+020
4.80519	8.18491e+020	0	1.21242e+021
4.81518	1.21867e+021	0	1.8052e+021
4.82517	1.81758e+021	0	2.69234e+021
4.83516	2.71537e+021	0	4.02223e+021
4.84515	4.06349e+021	0	6.01918e+021
4.85514	6.09121e+021	0	9.02281e+021
4.86513	9.14629e+021	0	1.35483e+022
4.87512	1.3757e+022	0	2.0378e+022
4.88511	2.07273e+022	0	3.0703e+022
4.8951	3.12825e+022	0	4.63383e+022
4.90509	4.72937e+022	0	7.00553e+022
4.91508	7.16222e+022	0	1.06093e+023
4.92507	1.08652e+023	0	1.60944e+023
4.93506	1.6511e+023	0	2.44575e+023
4.94505	2.51338e+023	0	3.72303e+023
4.95504	3.83259e+023	0	5.67716e+023
4.96503	5.85434e+023	0	8.67193e+023
4.97502	8.95808e+023	0	1.32695e+024
4.98501	1.37311e+024	0	2.03397e+024
4.995	2.1084e+024	0	3.12314e+024
5.00499	3.24307e+024	0	4.8039e+024
5.01498	4.9971e+024	0	7.40211e+024
5.02497	7.71328e+024	0	1.14255e+025
5.03496	1.19267e+025	0	1.76669e+025
5.04495	1.84742e+025	0	2.73656e+025
5.05494	2.86666e+025	0	4.24633e+025
5.06493	4.45605e+025	0	6.60068e+025
5.07492	6.93892e+025	0	1.02785e+026
5.08491	1.08244e+026	0	1.60339e+026
5.0949	1.69154e+026	0	2.50565e+026
5.10489	2.6481e+026	0	3.92258e+026
5.11488	4.15297e+026	0	6.15172e+026
5.12487	6.52465e+026	0	9.66485e+026
5.13486	1.02691e+027	0	1.52114e+027
5.14485	1.61914e+027	0	2.3984e+027
5.15484	2.55749e+027	0	3.78837e+027
5.16483	4.04693e+027	0	5.99464e+027
5.17482	6.41531e+027	0	9.50289e+027
5.18481	1.01881e+028	0	1.50915e+028
5.1948	1.62089e+028	0	2.401e+028
5.20479	2.58345e+028	0	3.82682e+028
5.21478	4.12509e+028	0	6.11043e+028
5.22477	6.59867e+028	0	9.7745e+028
5.23476	1.05747e+029	0	1.56642e+029
5.24475	1.69775e+029	0	2.51486e+029
5.25474	2.7307e+029	0	4.04494e+029
5.26473	4.40015e+029	0	6.51786e+029
5.27472	7.10325e+029	0	1.05219e+030
5.28471	1.1488e+030	0	1.7017e+030
5.2947	1.86137e+030	0	2.75721e+030
5.30469	3.02148e+030	0	4.47566e+030
5.31468	4.91371e+030	0	7.27859e+030
5.32467	8.00577e+030	0	1.18588e+031
5.33466	1.30678e+031	0	1.93571e+031
5.34465	2.13701e+031	0	3.16552e+031
5.35464	3.50123e+031	0	5.18631e+031
5.36463	5.74703e+031	0	8.51298e+031
5.37462	9.451e+031	0	1.39996e+032
5.38461	1.55713e+032	0	2.30655e+032
5.3946	2.57031e+032	0	3.80735e+032
5.40459	4.25071e+032	0	6.2965e+032
5.41458	7.04295e+032	0	1.04326e+033
5.42457	1.16914e+033	0	1.73182e+033
5.43456	1.94445e+033	0	2.88028e+033
5.44455	3.24004e+033	0	4.79941e+033
5.45454	5.4091e+033	0	8.01241e+033
5.46453	9.04743e+033	0	1.34018e+034
5.47452	1.51618e+034	0	2.24589e+034
5.48451	2.54568e+034	0	3.77087e+034
5.4945	4.28238e+034	0	6.34341e+034
5.50449	7.21766e+034	0	1.06914e+035
5.51448	1.21882e+035	0	1.80542e+035
5.52447	2.06213e+035	0	3.0546e+035
5.53446	3.49565e+035	0	5.17804e+035
5.54445	5.9371e+035	0	8.79453e+035
5.55444	1.01032e+036	0	1.49657e+036
5.56443	1.72259e+036	0	2.55165e+036
5.57442	2.94271e+036	0	4.35899e+036
5.58441	5.03679e+036	0	7.46091e+036
5.5944	8.6378e+036	0	1.2795e+037
5.60439	1.48422e+037	0	2.19855e+037
5.61438	2.55528e+037	0	3.7851e+037
5.62437	4.40786e+037	0	6.52929e+037
5.63436	7.61844e+037	0	1.12851e+038
5.64435	1.31934e+038	0	1.95431e+038
5.65434	2.28927e+038	0	3.39105e+038
5.66433	3.98008e+038	0	5.89562e+038
5.67432	6.93334e+038	0	1.02702e+039
5.68431	1.21018e+039	0	1.79262e+039
5.6943	2.11648e+039	0	3.13511e+039
5.70429	3.70886e+039	0	5.49386e+039
5.71428	6.51218e+039	0	9.64638e+039
5.72427	1.14571e+040	0	1.69712e+040
5.73426	2.01971e+040	0	2.99176e+040
5.74425	3.56752e+040	0	5.28451e+040
5.75424	6.31412e+040	0	9.35299e+040
5.76423	1.11976e+041	0	1.65869e+041
5.77422	1.98981e+041	0	2.94747e+041
5.78421	3.54297e+041	0	5.24814e+041
5.7942	6.32115e+041	0	9.36341e+041
5.80419	1.13005e+042	0	1.67393e+042
5.81418	2.02432e+042	0	2.99859e+042
5.82417	3.63358e+042	0	5.38236e+042
5.83416	6.53538e+042	0	9.68074e+042
5.84415	1.17784e+043	0	1.74472e+043
5.85414	2.12708e+043	0	3.15081e+043
5.86413	3.84916e+043	0	5.70169e+043
5.87412	6.97962e+043	0	1.03388e+044
5.88411	1.26819e+044	0	1.87855e+044
5.8941	2.309e+044	0	3.42028e+044
5.90409	4.21263e+044	0	6.2401e+044
5.91408	7.70147e+044	0	1.14081e+045
5.92407	1.41087e+045	0	2.08989e+045
5.93406	2.58995e+045	0	3.83645e+045
5.94405	4.76423e+045	0	7.05718e+045
5.95404	8.78195e+045	0	1.30086e+046
5.96403	1.62213e+046	0	2.40284e+046
5.97402	3.0025e+046	0	4.44755e+046
5.98401	5.56903e+046	0	8.24931e+046
5.994	1.03509e+047	0	1.53326e+047
6.00399	1.92789e+047	0	2.85575e+047
6.01398	3.59825e+047	0	5.33002e+047
6.02397	6.72988e+047	0	9.96885e+047
6.03396	1.26134e+048	0	1.8684e+048
6.04395	2.36901e+048	0	3.50917e+048
6.05394	4.45874e+048	0	6.60465e+048
6.06393	8.40952e+048	0	1.24569e+049
6.07392	1.58944e+049	0	2.35441e+049
6.08391	3.01047e+049	0	4.45935e+049
6.0939	5.714e+049	0	8.46405e+049
6.10389	1.08684e+050	0	1.60992e+050
6.11388	2.07163e+050	0	3.06867e+050
6.12387	3.95712e+050	0	5.86162e+050
6.13386	7.57479e+050	0	1.12204e+051
6.14385	1.45307e+051	0	2.15241e+051
6.15384	2.79337e+051	0	4.13778e+051
6.16383	5.38145e+051	0	7.97145e+051
6.17382	1.03896e+052	0	1.53899e+052
6.18381	2.01015e+052	0	2.9776e+052
6.1938	3.89754e+052	0	5.77336e+052
6.20379	7.57333e+052	0	1.12182e+053
6.21378	1.47475e+053	0	2.18452e+053
6.22377	2.87797e+053	0	4.26308e+053
6.23376	5.62849e+053	0	8.33739e+053
6.24375	1.10316e+054	0	1.63409e+054
6.25374	2.16683e+054	0	3.20969e+054
6.26373	4.26534e+054	0	6.31818e+054
6.27372	8.41448e+054	0	1.24642e+055
6.28371	1.66359e+055	0	2.46425e+055
6.2937	3.29619e+055	0	4.8826e+055
6.30369	6.54527e+055	0	9.6954e+055
6.31368	1.30254e+056	0	1.92944e+056
6.32367	2.59782e+056	0	3.8481e+056
6.33366	5.19252e+056	0	7.69159e+056
6.34365	1.04016e+057	0	1.54078e+057
6.35364	2.08825e+057	0	3.09328e+057
6.36363	4.20164e+057	0	6.22382e+057
6.37362	8.47257e+057	0	1.25503e+058
6.38361	1.71227e+058	0	2.53635e+058
6.3936	3.46809e+058	0	5.13722e+058
6.40359	7.03999e+058	0	1.04282e+059
6.41358	1.43225e+059	0	2.12157e+059
6.42357	2.92033e+059	0	4.32584e+059
6.43356	5.96779e+059	0	8.83998e+059
6.44355	1.22226e+060	0	1.81051e+060
6.45354	2.50891e+060	0	3.71641e+060
6.46353	5.16153e+060	0	7.64569e+060
6.47352	1.06426e+061	0	1.57646e+061
6.48351	2.19932e+061	0	3.25782e+061
6.4935	4.55521e+061	0	6.74755e+061
6.50349	9.45596e+061	0	1.4007e+062
6.51348	1.96736e+062	0	2.91421e+062
6.52347	4.10244e+062	0	6.07687e+062
6.53346	8.574e+062	0	1.27005e+063
6.54345	1.79601e+063	0	2.6604e+063
6.55344	3.77068e+063	0	5.58545e+063
6.56343	7.93448e+063	0	1.17532e+064
6.57342	1.67342e+064	0	2.47881e+064
6.58341	3.53739e+064	0	5.23988e+064
6.5934	7.49466e+064	0	1.11017e+065
6.60339	1.59153e+065	0	2.3575e+065
6.61338	3.38743e+065	0	5.01775e+065
6.62337	7.22643e+065	0	1.07044e+066
6.63336	1.54516e+066	0	2.28882e+066
6.64335	3.31149e+066	0	4.90525e+066
6.65334	7.11334e+066	0	1.05369e+067
6.66333	1.53153e+067	0	2.26863e+067
6.67332	3.30507e+067	0	4.89575e+067
6.68331	7.14894e+067	0	1.05896e+068
6.6933	1.54992e+068	0	2.29587e+068
6.70329	3.36809e+068	0	4.98909e+068
6.71328	7.33615e+068	0	1.08669e+069
6.72327	1.60164e+069	0	2.37248e+069
6.73326	3.50487e+069	0	5.1917e+069
6.74325	7.68765e+069	0	1.13876e+070
6.75324	1.69017e+070	0	2.50363e+070
6.76323	3.72465e+070	0	5.51726e+070
6.77322	8.22732e+070	0	1.2187e+071
6.78321	1.82159e+071	0	2.69829e+071
6.7932	4.04264e+071	0	5.98829e+071
6.80319	8.99295e+071	0	1.33211e+072
6.81318	2.00523e+072	0	2.97031e+072
6.82317	4.48178e+072	0	6.63878e+072
6.83316	1.00407e+073	0	1.48731e+073
6.84315	2.2548e+073	0	3.34e+073
6.85314	5.07554e+073	0	7.5183e+073
6.86313	1.14522e+074	0	1.69639e+074
6.87312	2.59016e+074	0	3.83676e+074
6.88311	5.87218e+074	0	8.69837e+074
6.8931	1.33447e+075	0	1.97673e+075
6.90309	3.03988e+075	0	4.50293e+075
6.91308	6.94135e+075	0	1.02821e+076
6.92307	1.58881e+076	0	2.35347e+076
6.93306	3.64537e+076	0	5.39982e+076
6.94305	8.38407e+076	0	1.24192e+077
6.95304	1.93292e+077	0	2.8632e+077
6.96303	4.46703e+077	0	6.61694e+077
6.97302	1.03484e+078	0	1.53289e+078
6.98301	2.40312e+078	0	3.5597e+078
6.993	5.5941e+078	0	8.28645e+078
7.00299	1.30538e+079	0	1.93364e+079
7.01298	3.05351e+079	0	4.52311e+079
7.02297	7.16004e+079	0	1.06061e+080
7.03296	1.68302e+080	0	2.49303e+080
7.04295	3.96572e+080	0	5.87436e+080
7.05294	9.36731e+080	0	1.38756e+081
7.06293	2.21804e+081	0	3.28555e+081
7.07292	5.26486e+081	0	7.79875e+081
7.08291	1.25276e+082	0	1.8557e+082
7.0929	2.98825e+082	0	4.42644e+082
7.10289	7.1455e+082	0	1.05845e+083
7.11288	1.71284e+083	0	2.5372e+083
7.12287	4.11597e+083	0	6.09692e+083
7.13286	9.91516e+083	0	1.46872e+084
7.14285	2.39442e+084	0	3.54682e+084
7.15284	5.79664e+084	0	8.58646e+084
7.16283	1.40679e+085	0	2.08385e+085
7.17282	3.42262e+085	0	5.06987e+085
7.18281	8.34773e+085	0	1.23654e+086
7.1928	2.04108e+086	0	3.02341e+086
7.20279	5.00302e+086	0	7.41089e+086
7.21278	1.22939e+087	0	1.82107e+087
7.22277	3.02853e+087	0	4.48611e+087
7.23276	7.47931e+087	0	1.1079e+088
7.24275	1.85174e+088	0	2.74295e+088
7.25274	4.59608e+088	0	6.80809e+088
7.26273	1.14363e+089	0	1.69404e+089
7.27272	2.85285e+089	0	4.22588e+089
7.28271	7.13453e+089	0	1.05683e+090
7.2927	1.78874e+090	0	2.64963e+090
7.30269	4.49601e+090	0	6.65986e+090
7.31268	1.13294e+091	0	1.6782e+091
7.32267	2.8621e+091	0	4.23958e+091
7.33266	7.24879e+091	0	1.07375e+092
7.34265	1.84056e+092	0	2.72639e+092
7.35264	4.68531e+092	0	6.94028e+092
7.36263	1.19573e+093	0	1.77122e+093
7.37262	3.05941e+093	0	4.53185e+093
7.38261	7.84783e+093	0	1.16249e+094
7.3926	2.01824e+094	0	2.98958e+094
7.40259	5.20365e+094	0	7.70808e+094
7.41258	1.34511e+095	0	1.99249e+095
7.42257	3.48595e+095	0	5.16368e+095
7.43256	9.05739e+095	0	1.34166e+096
7.44255	2.3594e+096	0	3.49495e+096
7.45254	6.162e+096	0	9.12766e+096
7.46253	1.61347e+097	0	2.39001e+097
7.47252	4.2357e+097	0	6.27427e+097
7.48251	1.11484e+098	0	1.65139e+098
7.4925	2.94188e+098	0	4.35776e+098
7.50249	7.78334e+098	0	1.15293e+099
7.51248	2.06459e+099	0	3.05825e+099
7.52247	5.49078e+099	0	8.1334e+099
7.53246	1.46408e+100	0	2.16872e+100
7.54245	3.91407e+100	0	5.79785e+100
7.55244	1.04913e+101	0	1.55405e+101
7.56243	2.81944e+101	0	4.17638e+101
7.57242	7.59687e+101	0	1.12531e+102
7.58241	2.05233e+102	0	3.04007e+102
7.5924	5.55902e+102	0	8.23449e+102
7.60239	1.50971e+103	0	2.2363e+103
7.61238	4.11084e+103	0	6.08932e+103
7.62237	1.12231e+104	0	1.66246e+104
7.63236	3.07216e+104	0	4.55073e+104
7.64235	8.43182e+104	0	1.24899e+105
7.65234	2.32032e+105	0	3.43705e+105
7.66233	6.40216e+105	0	9.48342e+105
7.67232	1.77116e+106	0	2.62359e+106
7.68231	4.91295e+106	0	7.27747e+106
7.6923	1.36642e+107	0	2.02405e+107
7.70229	3.81049e+107	0	5.64441e+107
7.71228	1.06546e+108	0	1.57825e+108
7.72227	2.98712e+108	0	4.42477e+108
7.73226	8.39713e+108	0	1.24385e+109
7.74225	2.36685e+109	0	3.50598e+109
7.75224	6.68924e+109	0	9.90865e+109
7.76223	1.89561e+110	0	2.80793e+110
7.77222	5.38625e+110	0	7.97856e+110
7.78221	1.5346e+111	0	2.27317e+111
7.7922	4.38402e+111	0	6.49397e+111
7.80219	1.25581e+112	0	1.8602e+112
7.81218	3.607e+112	0	5.34299e+112
7.82217	1.03883e+113	0	1.5388e+113
7.83216	2.99999e+113	0	4.44383e+113
7.84215	8.68706e+113	0	1.2868e+114
7.85214	2.52235e+114	0	3.73631e+114
7.86213	7.34376e+114	0	1.08782e+115
7.87212	2.14395e+115	0	3.17579e+115
7.88211	6.27616e+115	0	9.29676e+115
7.8921	1.84229e+116	0	2.72896e+116
7.90209	5.42264e+116	0	8.03246e+116
7.91208	1.60048e+117	0	2.37077e+117
7.92207	4.73676e+117	0	7.01648e+117
7.93206	1.40573e+118	0	2.08229e+118
7.94205	4.18329e+118	0	6.19663e+118
7.95204	1.24832e+119	0	1.84912e+119
7.96203	3.73535e+119	0	5.53311e+119
7.97202	1.12081e+120	0	1.66024e+120
7.98201	3.37236e+120	0	4.99542e+120
7.992	1.0175e+121	0	1.50721e+121
8.00199	3.0785e+121	0	4.56013e+121
8.01198	9.33997e+121	0	1.38351e+122
8.02197	2.84156e+122	0	4.20915e+122
8.03196	8.66911e+122	0	1.28414e+123
8.04195	2.65216e+123	0	3.9286e+123
8.05194	8.13644e+123	0	1.20524e+124
8.06193	2.50311e+124	0	3.70782e+124
8.07192	7.72215e+124	0	1.14387e+125
8.08191	2.38896e+125	0	3.53873e+125
8.0919	7.41134e+125	0	1.09783e+126
8.10189	2.30569e+126	0	3.41537e+126
8.11188	7.1932e+126	0	1.06552e+127
8.12187	2.25042e+127	0	3.33351e+127
8.13186	7.06036e+127	0	1.04584e+128
8.14185	2.22133e+128	0	3.29042e+128
8.15184	7.00846e+128	0	1.03815e+129
8.16183	2.21747e+129	0	3.28471e+129
8.17182	7.03593e+129	0	1.04222e+130
8.18181	2.23879e+130	0	3.31628e+130
8.1918	7.1439e+130	0	1.05821e+131
8.20179	2.28607e+131	0	3.38631e+131
8.21178	7.33628e+131	0	1.08671e+132
8.22177	2.36101e+132	0	3.49732e+132
8.23176	7.62e+132	0	1.12874e+133
8.24175	2.46633e+133	0	3.65333e+133
8.25174	8.00544e+133	0	1.18583e+134
8.26173	2.60592e+134	0	3.8601e+134
8.27172	8.50703e+134	0	1.26013e+135
8.28171	2.78509e+135	0	4.12551e+135
8.2917	9.1442e+135	0	1.35451e+136
8.30169	3.01092e+136	0	4.46002e+136
8.31168	9.9426e+136	0	1.47278e+137
8.32167	3.29269e+137	0	4.8774e+137
8.33166	1.09359e+138	0	1.61991e+138
8.34165	3.64256e+138	0	5.39567e+138
8.35164	1.21679e+139	0	1.80241e+139
8.36163	4.07643e+139	0	6.03835e+139
8.37162	1.36963e+140	0	2.0288e+140
8.38161	4.61511e+140	0	6.83628e+140
8.3916	1.55963e+141	0	2.31026e+141
8.40159	5.28596e+141	0	7.83001e+141
8.41158	1.79676e+142	0	2.6615e+142
8.42157	6.12518e+142	0	9.07312e+142
8.43156	2.09418e+143	0	3.10207e+143
8.44155	7.18088e+143	0	1.06369e+144
8.45154	2.4695e+144	0	3.65803e+144
8.46153	8.51751e+144	0	1.26168e+145
8.47152	2.94637e+145	0	4.36441e+145
8.48151	1.0222e+146	0	1.51417e+146
8.4915	3.5568e+146	0	5.26863e+146
8.50149	1.24125e+147	0	1.83864e+147
8.51148	4.34448e+147	0	6.43541e+147
8.52147	1.52509e+148	0	2.25909e+148
8.53146	5.36951e+148	0	7.95376e+148
8.54145	1.89608e+149	0	2.80863e+149
8.55144	6.71523e+149	0	9.94716e+149
8.56143	2.38535e+150	0	3.53338e+150
8.57142	8.49826e+150	0	1.25883e+151
8.58141	3.03666e+151	0	4.49815e+151
8.5914	1.08831e+152	0	1.6121e+152
8.60139	3.91202e+152	0	5.7948e+152
8.61138	1.4104e+153	0	2.0892e+153
8.62137	5.10008e+153	0	7.55466e+153
8.63136	1.84973e+154	0	2.73997e+154
8.64135	6.72879e+154	0	9.96725e+154
8.65134	2.45508e+155	0	3.63666e+155
8.66133	8.98449e+155	0	1.33086e+156
8.67132	3.2978e+156	0	4.88497e+156
8.68131	1.21411e+157	0	1.79844e+157
8.6913	4.48328e+157	0	6.64101e+157
8.70129	1.66051e+158	0	2.45968e+158
8.71128	6.16871e+158	0	9.13761e+158
8.72127	2.29857e+159	0	3.40483e+159
8.73126	8.59074e+159	0	1.27253e+160
8.74125	3.22045e+160	0	4.7704e+160
8.75124	1.21092e+161	0	1.79372e+161
8.76123	4.56701e+161	0	6.76504e+161
8.77122	1.72768e+162	0	2.55919e+162
8.78121	6.55564e+162	0	9.71076e+162
8.7912	2.49509e+163	0	3.69593e+163
8.80119	9.52528e+163	0	1.41096e+164
8.81118	3.64748e+164	0	5.40295e+164
8.82117	1.40098e+165	0	2.07525e+165
8.83116	5.39756e+165	0	7.99531e+165
8.84115	2.08588e+166	0	3.08978e+166
8.85114	8.08558e+166	0	1.1977e+167
8.86113	3.14386e+167	0	4.65695e+167
8.87112	1.22616e+168	0	1.81629e+168
8.88111	4.79694e+168	0	7.10563e+168
8.8911	1.88242e+169	0	2.7884e+169
8.90109	7.40977e+169	0	1.0976e+170
8.91108	2.92571e+170	0	4.3338e+170
8.92107	1.15877e+171	0	1.71646e+171
8.93106	4.60366e+171	0	6.81932e+171
8.94105	1.83465e+172	0	2.71763e+172
8.95104	7.33407e+172	0	1.08638e+173
8.96103	2.94092e+173	0	4.35633e+173
8.97102	1.18295e+174	0	1.75229e+174
8.98101	4.77311e+174	0	7.07032e+174
8.991	1.9319e+175	0	2.86169e+175
9.00099	7.84365e+175	0	1.16187e+176
9.01098	3.19452e+176	0	4.73199e+176
9.02097	1.30511e+177	0	1.93324e+177
9.03096	5.34865e+177	0	7.92287e+177
9.04095	2.19887e+178	0	3.25715e+178
9.05094	9.06802e+178	0	1.34323e+179
9.06093	3.75134e+179	0	5.5568e+179
9.07092	1.55676e+180	0	2.306e+180
9.08091	6.48068e+180	0	9.59973e+180
9.0909	2.70635e+181	0	4.00887e+181
9.10089	1.13374e+182	0	1.67939e+182
9.11088	4.76444e+182	0	7.05749e+182
9.12087	2.00853e+183	0	2.97521e+183
9.13086	8.49409e+183	0	1.25822e+184
9.14085	3.60352e+184	0	5.33783e+184
9.15084	1.5336e+185	0	2.27169e+185
9.16083	6.54741e+185	0	9.69857e+185
9.17082	2.80418e+186	0	4.15378e+186
9.18081	1.20481e+187	0	1.78467e+187
9.1908	5.19294e+187	0	7.69222e+187
9.20079	2.24537e+188	0	3.32603e+188
9.21078	9.73972e+188	0	1.44273e+189
9.22077	4.23827e+189	0	6.27808e+189
9.23076	1.85019e+190	0	2.74066e+190
9.24075	8.10273e+190	0	1.20024e+191
9.25074	3.55988e+191	0	5.27319e+191
9.26073	1.56902e+192	0	2.32417e+192
9.27072	6.93769e+192	0	1.02767e+193
9.28071	3.07747e+193	0	4.5586e+193
9.2907	1.36952e+194	0	2.02864e+194
9.30069	6.11417e+194	0	9.05681e+194
9.31068	2.73845e+195	0	4.05642e+195
9.32067	1.23047e+196	0	1.82268e+196
9.33066	5.54676e+196	0	8.21632e+196
9.34065	2.50847e+197	0	3.71575e+197
9.35064	1.1381e+198	0	1.68585e+198
9.36063	5.18037e+198	0	7.67359e+198
9.37062	2.36563e+199	0	3.50416e+199
9.38061	1.08378e+200	0	1.60538e+200
9.3906	4.9813e+200	0	7.37871e+200
9.40059	2.29698e+201	0	3.40247e+201
9.41058	1.06263e+202	0	1.57406e+202
9.42057	4.93202e+202	0	7.30572e+202
9.43056	2.29658e+203	0	3.40189e+203
9.44055	1.07289e+204	0	1.58926e+204
9.45054	5.02861e+204	0	7.4488e+204
9.46053	2.36462e+205	0	3.50267e+205
9.47052	1.11557e+206	0	1.65247e+206
9.48051	5.28023e+206	0	7.82152e+206
9.4905	2.50747e+207	0	3.71427e+207
9.50049	1.19466e+208	0	1.76963e+208
9.51048	5.71057e+208	0	8.45897e+208
9.52047	2.7387e+209	0	4.05679e+209
9.53046	1.31777e+210	0	1.95199e+210
9.54045	6.36163e+210	0	9.42337e+210
9.55044	3.08127e+211	0	4.56423e+211
9.56043	1.49736e+212	0	2.21801e+212
9.57042	7.30061e+212	0	1.08143e+213
9.58041	3.57134e+213	0	5.29016e+213
9.5904	1.75284e+214	0	2.59645e+214
9.60039	8.63165e+214	0	1.27859e+215
9.61038	4.2647e+215	0	6.31723e+215
9.62037	2.11411e+216	0	3.13159e+216
9.63036	1.05151e+217	0	1.55758e+217
9.64035	5.24739e+217	0	7.77286e+217
9.65034	2.62738e+218	0	3.8919e+218
9.66033	1.31994e+219	0	1.9552e+219
9.67032	6.65327e+219	0	9.85537e+219
9.68031	3.36488e+220	0	4.98434e+220
9.6903	1.70749e+221	0	2.52928e+221
9.70029	8.6937e+221	0	1.28778e+222
9.71028	4.44127e+222	0	6.57879e+222
9.72027	2.27651e+223	0	3.37216e+223
9.73026	1.17083e+224	0	1.73432e+224
9.74025	6.04195e+224	0	8.94984e+224
9.75024	3.12842e+225	0	4.63408e+225
9.76023	1.62532e+226	0	2.40756e+226
9.77022	8.47264e+226	0	1.25504e+227
9.78021	4.43166e+227	0	6.56455e+227
9.7902	2.32586e+228	0	3.44526e+228
9.80019	1.22482e+229	0	1.81431e+229
9.81018	6.47193e+229	0	9.58676e+229
9.82017	3.43138e+230	0	5.08285e+230
9.83016	1.82549e+231	0	2.70407e+231
9.84015	9.74467e+231	0	1.44346e+232
9.85014	5.21956e+232	0	7.73164e+232
9.86013	2.8053e+233	0	4.15545e+233
9.87012	1.51289e+234	0	2.24102e+234
9.88011	8.18688e+234	0	1.21271e+235
9.8901	4.44543e+235	0	6.58494e+235
9.90009	2.42212e+236	0	3.58784e+236
9.91008	1.32423e+237	0	1.96156e+237
9.92007	7.26477e+237	0	1.07612e+238
9.93006	3.99917e+238	0	5.92391e+238
9.94005	2.20908e+239	0	3.27227e+239
9.95004	1.22446e+240	0	1.81377e+240
9.96003	6.81041e+240	0	1.00881e+241
9.97002	3.80101e+241	0	5.63037e+241
9.98001	2.12874e+242	0	3.15326e+242
9.99	1.19631e+243	0	1.77208e+243
