0	0	0	0
0.00999	0.0156887	0.0156887	0.00998751
0.01998	0.0313539	0.0313539	0.0199601
0.02997	0.0469722	0.0469722	0.0299028
0.03996	0.0625202	0.0625202	0.0398007
0.04995	0.0779746	0.0779746	0.0496391
0.05994	0.0933123	0.0933123	0.0594031
0.06993	0.10851	0.10851	0.0690783
0.07992	0.123546	0.123546	0.0786502
0.08991	0.138397	0.138397	0.0881043
0.0999	0.153041	0.153041	0.0974267
0.10989	0.167456	0.167456	0.106603
0.11988	0.18162	0.18162	0.115621
0.12987	0.195513	0.195513	0.124465
0.13986	0.209114	0.209114	0.133123
0.14985	0.222402	0.222402	0.141582
0.15984	0.235358	0.235358	0.14983
0.16983	0.247962	0.247962	0.157854
0.17982	0.260195	0.260195	0.165642
0.18981	0.27204	0.27204	0.173182
0.1998	0.283479	0.283479	0.180464
0.20979	0.294495	0.294495	0.187477
0.21978	0.305071	0.305071	0.19421
0.22977	0.315192	0.315192	0.200653
0.23976	0.324843	0.324843	0.206797
0.24975	0.33401	0.33401	0.212632
0.25974	0.342678	0.342678	0.218151
0.26973	0.350836	0.350836	0.223344
0.27972	0.358472	0.358472	0.228205
0.28971	0.365574	0.365574	0.232726
0.2997	0.372132	0.372132	0.236901
0.30969	0.378136	0.378136	0.240723
0.31968	0.383577	0.383577	0.244188
0.32967	0.388449	0.388449	0.247289
0.33966	0.392743	0.392743	0.250023
0.34965	0.396454	0.396454	0.252385
0.35964	0.399577	0.399577	0.254373
0.36963	0.402106	0.402106	0.255983
0.37962	0.40404	0.40404	0.257214
0.38961	0.405374	0.405374	0.258063
0.3996	0.406108	0.406108	0.25853
0.40959	0.40624	0.40624	0.258615
0.41958	0.405771	0.405771	0.258316
0.42957	0.404702	0.404702	0.257635
0.43956	0.403035	0.403035	0.256574
0.44955	0.400772	0.400772	0.255133
0.45954	0.397917	0.397917	0.253316
0.46953	0.394475	0.394475	0.251125
0.47952	0.390452	0.390452	0.248564
0.48951	0.385853	0.385853	0.245636
0.4995	0.380685	0.380685	0.242346
0.50949	0.374958	0.374958	0.2387
0.51948	0.368679	0.368679	0.234703
0.52947	0.361858	0.361858	0.230361
0.53946	0.354505	0.354505	0.22568
0.54945	0.346632	0.346632	0.220668
0.55944	0.338251	0.338251	0.215332
0.56943	0.329374	0.329374	0.209681
0.57942	0.320015	0.320015	0.203723
0.58941	0.310187	0.310187	0.197467
0.5994	0.299906	0.299906	0.190922
0.60939	0.289187	0.289187	0.184098
0.61938	0.278046	0.278046	0.177006
0.62937	0.266499	0.266499	0.169655
0.63936	0.254564	0.254564	0.162057
0.64935	0.242258	0.242258	0.154223
0.65934	0.2296	0.2296	0.146165
0.66933	0.216608	0.216608	0.137894
0.67932	0.203302	0.203302	0.129423
0.68931	0.189701	0.189701	0.120764
0.6993	0.175824	0.175824	0.111931
0.70929	0.161694	0.161694	0.102935
0.71928	0.147329	0.147329	0.0937903
0.72927	0.132751	0.132751	0.0845101
0.73926	0.117982	0.117982	0.0751079
0.74925	0.103042	0.103042	0.0655973
0.75924	0.0879544	0.0879544	0.0559923
0.76923	0.0727399	0.0727399	0.0463066
0.77922	0.0574208	0.0574208	0.0365544
0.78921	0.0420192	0.0420192	0.0267497
0.7992	0.0265573	0.0265573	0.0169066
0.80919	0.0110574	0.0110574	0.00703922
0.81918	-0.00445832	-0.00445832	-0.00283819
0.82917	-0.0199677	-0.0199677	-0.0127115
0.83916	-0.0354486	-0.0354486	-0.0225667
0.84915	-0.0508789	-0.0508789	-0.0323898
0.85914	-0.0662367	-0.0662367	-0.0421666
0.86913	-0.0815002	-0.0815002	-0.0518835
0.87912	-0.096648	-0.096648	-0.0615266
0.88911	-0.111658	-0.111658	-0.0710824
0.8991	-0.126511	-0.126511	-0.0805374
0.90909	-0.141184	-0.141184	-0.0898784
0.91908	-0.155657	-0.155657	-0.0990922
0.92907	-0.169911	-0.169911	-0.108166
0.93906	-0.183925	-0.183925	-0.117087
0.94905	-0.197679	-0.197679	-0.125844
0.95904	-0.211156	-0.211156	-0.134423
0.96903	-0.224336	-0.224336	-0.142814
0.97902	-0.237201	-0.237201	-0.151004
0.98901	-0.249734	-0.249734	-0.158982
0.999	-0.261918	-0.261918	-0.166738
1.00899	-0.273735	-0.273735	-0.174261
1.01898	-0.285171	-0.285171	-0.181541
1.02897	-0.296209	-0.296209	-0.188568
1.03896	-0.306836	-0.306836	-0.195333
1.04895	-0.317036	-0.317036	-0.201827
1.05894	-0.326796	-0.326796	-0.20804
1.06893	-0.336104	-0.336104	-0.213966
1.07892	-0.344947	-0.344947	-0.219595
1.08891	-0.353314	-0.353314	-0.224922
1.0989	-0.361194	-0.361194	-0.229938
1.10889	-0.368577	-0.368577	-0.234638
1.11888	-0.375453	-0.375453	-0.239016
1.12887	-0.381814	-0.381814	-0.243065
1.13886	-0.387653	-0.387653	-0.246782
1.14885	-0.392961	-0.392961	-0.250161
1.15884	-0.397733	-0.397733	-0.253199
1.16883	-0.401963	-0.401963	-0.255892
1.17882	-0.405646	-0.405646	-0.258237
1.18881	-0.408778	-0.408778	-0.260231
1.1988	-0.411356	-0.411356	-0.261872
1.20879	-0.413378	-0.413378	-0.263158
1.21878	-0.41484	-0.41484	-0.26409
1.22877	-0.415744	-0.415744	-0.264665
1.23876	-0.416088	-0.416088	-0.264884
1.24875	-0.415872	-0.415872	-0.264747
1.25874	-0.415099	-0.415099	-0.264255
1.26873	-0.413771	-0.413771	-0.263409
1.27872	-0.411889	-0.411889	-0.262211
1.28871	-0.409458	-0.409458	-0.260663
1.2987	-0.406482	-0.406482	-0.258769
1.30869	-0.402967	-0.402967	-0.256531
1.31868	-0.398916	-0.398916	-0.253952
1.32867	-0.394338	-0.394338	-0.251038
1.33866	-0.38924	-0.38924	-0.247792
1.34865	-0.383628	-0.383628	-0.24422
1.35864	-0.377512	-0.377512	-0.240326
1.36863	-0.3709	-0.3709	-0.236117
1.37862	-0.363802	-0.363802	-0.231599
1.38861	-0.356229	-0.356229	-0.226777
1.3986	-0.348191	-0.348191	-0.221661
1.40859	-0.3397	-0.3397	-0.216255
1.41858	-0.330768	-0.330768	-0.210569
1.42857	-0.321407	-0.321407	-0.20461
1.43856	-0.311631	-0.311631	-0.198386
1.44855	-0.301452	-0.301452	-0.191906
1.45854	-0.290886	-0.290886	-0.185179
1.46853	-0.279945	-0.279945	-0.178215
1.47852	-0.268646	-0.268646	-0.171022
1.48851	-0.257004	-0.257004	-0.16361
1.4985	-0.245033	-0.245033	-0.155989
1.50849	-0.232751	-0.232751	-0.148171
1.51848	-0.220173	-0.220173	-0.140163
1.52847	-0.207316	-0.207316	-0.131979
1.53846	-0.194198	-0.194198	-0.123627
1.54845	-0.180834	-0.180834	-0.11512
1.55844	-0.167243	-0.167243	-0.106468
1.56843	-0.153443	-0.153443	-0.0976824
1.57842	-0.13945	-0.13945	-0.0887746
1.58841	-0.125283	-0.125283	-0.079756
1.5984	-0.11096	-0.11096	-0.070638
1.60839	-0.0964999	-0.0964999	-0.0614324
1.61838	-0.0819198	-0.0819198	-0.0521506
1.62837	-0.0672385	-0.0672385	-0.0428044
1.63836	-0.0524744	-0.0524744	-0.0334055
1.64835	-0.0376457	-0.0376457	-0.0239655
1.65834	-0.0227709	-0.0227709	-0.0144961
1.66833	-0.00786828	-0.00786828	-0.00500899
1.67832	0.00704395	0.00704395	0.00448422
1.68831	0.0219476	0.0219476	0.013972
1.6983	0.0368247	0.0368247	0.0234428
1.70829	0.0516573	0.0516573	0.0328853
1.71828	0.0664276	0.0664276	0.0422882
1.72827	0.081118	0.081118	0.0516402
1.73826	0.0957113	0.0957113	0.0609303
1.74825	0.11019	0.11019	0.0701476
1.75824	0.124538	0.124538	0.0792813
1.76823	0.138737	0.138737	0.0883208
1.77822	0.152772	0.152772	0.0972557
1.78821	0.166627	0.166627	0.106076
1.7982	0.180286	0.180286	0.114771
1.80819	0.193732	0.193732	0.123331
1.81818	0.206953	0.206953	0.131747
1.82817	0.219931	0.219931	0.140009
1.83816	0.232654	0.232654	0.148109
1.84815	0.245107	0.245107	0.156036
1.85814	0.257277	0.257277	0.163784
1.86813	0.26915	0.26915	0.171342
1.87812	0.280714	0.280714	0.178704
1.88811	0.291957	0.291957	0.185861
1.8981	0.302866	0.302866	0.192806
1.90809	0.313432	0.313432	0.199532
1.91808	0.323642	0.323642	0.206032
1.92807	0.333486	0.333486	0.212299
1.93806	0.342955	0.342955	0.218327
1.94805	0.352039	0.352039	0.22411
1.95804	0.36073	0.36073	0.229642
1.96803	0.369018	0.369018	0.234919
1.97802	0.376897	0.376897	0.239935
1.98801	0.384359	0.384359	0.244685
1.998	0.391397	0.391397	0.249166
2.00799	0.398006	0.398006	0.253373
2.01798	0.404178	0.404178	0.257302
2.02797	0.40991	0.40991	0.260951
2.03796	0.415197	0.415197	0.264317
2.04795	0.420034	0.420034	0.267396
2.05794	0.424419	0.424419	0.270187
2.06793	0.428347	0.428347	0.272688
2.07792	0.431818	0.431818	0.274897
2.08791	0.434828	0.434828	0.276814
2.0979	0.437376	0.437376	0.278436
2.10789	0.439461	0.439461	0.279764
2.11788	0.441084	0.441084	0.280797
2.12787	0.442244	0.442244	0.281535
2.13786	0.442942	0.442942	0.281979
2.14785	0.443179	0.443179	0.28213
2.15784	0.442956	0.442956	0.281989
2.16783	0.442277	0.442277	0.281556
2.17782	0.441143	0.441143	0.280834
2.18781	0.439557	0.439557	0.279824
2.1978	0.437523	0.437523	0.27853
2.20779	0.435045	0.435045	0.276952
2.21778	0.432128	0.432128	0.275095
2.22777	0.428776	0.428776	0.272961
2.23776	0.424995	0.424995	0.270554
2.24775	0.42079	0.42079	0.267877
2.25774	0.416167	0.416167	0.264934
2.26773	0.411133	0.411133	0.261729
2.27772	0.405694	0.405694	0.258267
2.28771	0.399859	0.399859	0.254552
2.2977	0.393633	0.393633	0.250589
2.30769	0.387026	0.387026	0.246383
2.31768	0.380045	0.380045	0.241939
2.32767	0.372699	0.372699	0.237262
2.33766	0.364997	0.364997	0.232359
2.34765	0.356948	0.356948	0.227235
2.35764	0.34856	0.34856	0.221895
2.36763	0.339844	0.339844	0.216347
2.37762	0.33081	0.33081	0.210595
2.38761	0.321467	0.321467	0.204647
2.3976	0.311825	0.311825	0.19851
2.40759	0.301896	0.301896	0.192189
2.41758	0.291689	0.291689	0.185691
2.42757	0.281216	0.281216	0.179024
2.43756	0.270488	0.270488	0.172194
2.44755	0.259515	0.259515	0.165209
2.45754	0.248309	0.248309	0.158075
2.46753	0.23688	0.23688	0.150799
2.47752	0.225241	0.225241	0.14339
2.48751	0.213403	0.213403	0.135854
2.4975	0.201377	0.201377	0.128198
2.50749	0.189175	0.189175	0.12043
2.51748	0.176809	0.176809	0.112558
2.52747	0.16429	0.16429	0.104588
2.53746	0.151629	0.151629	0.096528
2.54745	0.138839	0.138839	0.0883859
2.55744	0.125931	0.125931	0.0801686
2.56743	0.112917	0.112917	0.0718837
2.57742	0.0998083	0.0998083	0.0635385
2.58741	0.0866161	0.0866161	0.0551403
2.5974	0.0733521	0.0733521	0.0466964
2.60739	0.0600277	0.0600277	0.038214
2.61738	0.0466542	0.0466542	0.0297003
2.62737	0.0332427	0.0332427	0.0211625
2.63736	0.0198043	0.0198043	0.0126075
2.64735	0.00635005	0.00635005	0.00404248
2.65734	-0.00710929	-0.00710929	-0.00452581
2.66733	-0.020563	-0.020563	-0.0130905
2.67732	-0.0340006	-0.0340006	-0.0216449
2.68731	-0.0474116	-0.0474116	-0.0301825
2.6973	-0.0607858	-0.0607858	-0.0386966
2.70729	-0.0741131	-0.0741131	-0.0471808
2.71728	-0.0873838	-0.0873838	-0.055629
2.72727	-0.100588	-0.100588	-0.0640349
2.73726	-0.113716	-0.113716	-0.0723925
2.74725	-0.12676	-0.12676	-0.0806959
2.75724	-0.139709	-0.139709	-0.0889392
2.76723	-0.152554	-0.152554	-0.0971169
2.77722	-0.165288	-0.165288	-0.105224
2.78721	-0.177902	-0.177902	-0.113254
2.7972	-0.190388	-0.190388	-0.121202
2.80719	-0.202737	-0.202737	-0.129064
2.81718	-0.214942	-0.214942	-0.136833
2.82717	-0.226996	-0.226996	-0.144507
2.83716	-0.238891	-0.238891	-0.152079
2.84715	-0.25062	-0.25062	-0.159546
2.85714	-0.262177	-0.262177	-0.166904
2.86713	-0.273555	-0.273555	-0.174147
2.87712	-0.284749	-0.284749	-0.181272
2.88711	-0.295751	-0.295751	-0.188276
2.8971	-0.306556	-0.306556	-0.195155
2.90709	-0.317159	-0.317159	-0.201905
2.91708	-0.327555	-0.327555	-0.208524
2.92707	-0.337739	-0.337739	-0.215007
2.93706	-0.347707	-0.347707	-0.221352
2.94705	-0.357453	-0.357453	-0.227556
2.95704	-0.366974	-0.366974	-0.233617
2.96703	-0.376265	-0.376265	-0.239533
2.97702	-0.385325	-0.385325	-0.2453
2.98701	-0.394148	-0.394148	-0.250917
2.997	-0.402732	-0.402732	-0.256381
3.00699	-0.411074	-0.411074	-0.261692
3.01698	-0.419172	-0.419172	-0.266847
3.02697	-0.427023	-0.427023	-0.271845
3.03696	-0.434626	-0.434626	-0.276685
3.04695	-0.441978	-0.441978	-0.281366
3.05694	-0.449078	-0.449078	-0.285886
3.06693	-0.455925	-0.455925	-0.290244
3.07692	-0.462517	-0.462517	-0.294441
3.08691	-0.468853	-0.468853	-0.298475
3.0969	-0.474934	-0.474934	-0.302346
3.10689	-0.480759	-0.480759	-0.306054
3.11688	-0.486327	-0.486327	-0.309598
3.12687	-0.491638	-0.491638	-0.31298
3.13686	-0.496694	-0.496694	-0.316198
3.14685	-0.501493	-0.501493	-0.319253
3.15684	-0.506038	-0.506038	-0.322146
3.16683	-0.510328	-0.510328	-0.324878
3.17682	-0.514365	-0.514365	-0.327448
3.18681	-0.518151	-0.518151	-0.329857
3.1968	-0.521685	-0.521685	-0.332108
3.20679	-0.524971	-0.524971	-0.3342
3.21678	-0.52801	-0.52801	-0.336134
3.22677	-0.530804	-0.530804	-0.337913
3.23676	-0.533355	-0.533355	-0.339537
3.24675	-0.535665	-0.535665	-0.341008
3.25674	-0.537737	-0.537737	-0.342327
3.26673	-0.539573	-0.539573	-0.343495
3.27672	-0.541177	-0.541177	-0.344516
3.28671	-0.542549	-0.542549	-0.34539
3.2967	-0.543695	-0.543695	-0.346119
3.30669	-0.544617	-0.544617	-0.346706
3.31668	-0.545317	-0.545317	-0.347152
3.32667	-0.5458	-0.5458	-0.347459
3.33666	-0.546069	-0.546069	-0.347631
3.34665	-0.546127	-0.546127	-0.347668
3.35664	-0.545978	-0.545978	-0.347573
3.36663	-0.545626	-0.545626	-0.347348
3.37662	-0.545074	-0.545074	-0.346997
3.38661	-0.544326	-0.544326	-0.346521
3.3966	-0.543387	-0.543387	-0.345923
3.40659	-0.54226	-0.54226	-0.345206
3.41658	-0.540949	-0.540949	-0.344371
3.42657	-0.539459	-0.539459	-0.343422
3.43656	-0.537793	-0.537793	-0.342362
3.44655	-0.535956	-0.535956	-0.341193
3.45654	-0.533952	-0.533952	-0.339917
3.46653	-0.531786	-0.531786	-0.338538
3.47652	-0.529461	-0.529461	-0.337058
3.48651	-0.526983	-0.526983	-0.33548
3.4965	-0.524354	-0.524354	-0.333807
3.50649	-0.521581	-0.521581	-0.332041
3.51648	-0.518667	-0.518667	-0.330186
3.52647	-0.515617	-0.515617	-0.328244
3.53646	-0.512434	-0.512434	-0.326218
3.54645	-0.509124	-0.509124	-0.324111
3.55644	-0.505692	-0.505692	-0.321926
3.56643	-0.50214	-0.50214	-0.319665
3.57642	-0.498474	-0.498474	-0.317332
3.58641	-0.494699	-0.494699	-0.314928
3.5964	-0.490818	-0.490818	-0.312457
3.60639	-0.486835	-0.486835	-0.309922
3.61638	-0.482756	-0.482756	-0.307325
3.62637	-0.478585	-0.478585	-0.30467
3.63636	-0.474325	-0.474325	-0.301958
3.64635	-0.469981	-0.469981	-0.299192
3.65634	-0.465557	-0.465557	-0.296376
3.66633	-0.461057	-0.461057	-0.293511
3.67632	-0.456486	-0.456486	-0.290601
3.68631	-0.451847	-0.451847	-0.287648
3.6963	-0.447144	-0.447144	-0.284654
3.70629	-0.442382	-0.442382	-0.281623
3.71628	-0.437564	-0.437564	-0.278556
3.72627	-0.432694	-0.432694	-0.275455
3.73626	-0.427776	-0.427776	-0.272325
3.74625	-0.422814	-0.422814	-0.269166
3.75624	-0.417811	-0.417811	-0.265981
3.76623	-0.41277	-0.41277	-0.262772
3.77622	-0.407697	-0.407697	-0.259542
3.78621	-0.402593	-0.402593	-0.256293
3.7962	-0.397462	-0.397462	-0.253027
3.80619	-0.392308	-0.392308	-0.249746
3.81618	-0.387135	-0.387135	-0.246452
3.82617	-0.381944	-0.381944	-0.243147
3.83616	-0.376739	-0.376739	-0.239834
3.84615	-0.371524	-0.371524	-0.236514
3.85614	-0.366301	-0.366301	-0.233189
3.86613	-0.361074	-0.361074	-0.229862
3.87612	-0.355844	-0.355844	-0.226532
3.88611	-0.350616	-0.350616	-0.223204
3.8961	-0.345391	-0.345391	-0.219878
3.90609	-0.340172	-0.340172	-0.216555
3.91608	-0.334962	-0.334962	-0.213239
3.92607	-0.329763	-0.329763	-0.209929
3.93606	-0.324578	-0.324578	-0.206628
3.94605	-0.319409	-0.319409	-0.203338
3.95604	-0.314258	-0.314258	-0.200059
3.96603	-0.309128	-0.309128	-0.196792
3.97602	-0.30402	-0.30402	-0.193541
3.98601	-0.298936	-0.298936	-0.190305
3.996	-0.293879	-0.293879	-0.187085
4.00599	-0.288851	-0.288851	-0.183884
4.01598	-0.283853	-0.283853	-0.180702
4.02597	-0.278886	-0.278886	-0.177541
4.03596	-0.273954	-0.273954	-0.174401
4.04595	-0.269056	-0.269056	-0.171283
4.05594	-0.264196	-0.264196	-0.168189
4.06593	-0.259374	-0.259374	-0.165119
4.07592	-0.254591	-0.254591	-0.162074
4.08591	-0.249849	-0.249849	-0.159055
4.0959	-0.24515	-0.24515	-0.156064
4.10589	-0.240494	-0.240494	-0.1531
4.11588	-0.235883	-0.235883	-0.150164
4.12587	-0.231317	-0.231317	-0.147258
4.13586	-0.226798	-0.226798	-0.144381
4.14585	-0.222327	-0.222327	-0.141535
4.15584	-0.217904	-0.217904	-0.138719
4.16583	-0.213531	-0.213531	-0.135935
4.17582	-0.209208	-0.209208	-0.133183
4.18581	-0.204936	-0.204936	-0.130463
4.1958	-0.200715	-0.200715	-0.127776
4.20579	-0.196547	-0.196547	-0.125123
4.21578	-0.192431	-0.192431	-0.122503
4.22577	-0.188369	-0.188369	-0.119917
4.23576	-0.18436	-0.18436	-0.117365
4.24575	-0.180406	-0.180406	-0.114847
4.25574	-0.176506	-0.176506	-0.112364
4.26573	-0.17266	-0.17266	-0.109916
4.27572	-0.16887	-0.16887	-0.107504
4.28571	-0.165135	-0.165135	-0.105126
4.2957	-0.161456	-0.161456	-0.102784
4.30569	-0.157832	-0.157832	-0.100477
4.31568	-0.154264	-0.154264	-0.0982056
4.32567	-0.150752	-0.150752	-0.0959698
4.33566	-0.147296	-0.147296	-0.0937695
4.34565	-0.143896	-0.143896	-0.0916048
4.35564	-0.140551	-0.140551	-0.0894756
4.36563	-0.137262	-0.137262	-0.0873818
4.37562	-0.134029	-0.134029	-0.0853235
4.38561	-0.130851	-0.130851	-0.0833005
4.3956	-0.127728	-0.127728	-0.0813127
4.40559	-0.124661	-0.124661	-0.0793599
4.41558	-0.121648	-0.121648	-0.0774421
4.42557	-0.118691	-0.118691	-0.075559
4.43556	-0.115787	-0.115787	-0.0737106
4.44555	-0.112937	-0.112937	-0.0718965
4.45554	-0.110141	-0.110141	-0.0701166
4.46553	-0.107399	-0.107399	-0.0683706
4.47552	-0.104709	-0.104709	-0.0666584
4.48551	-0.102072	-0.102072	-0.0649796
4.4955	-0.0994872	-0.0994872	-0.0633341
4.50549	-0.096954	-0.096954	-0.0617215
4.51548	-0.0944721	-0.0944721	-0.0601415
4.52547	-0.0920411	-0.0920411	-0.0585939
4.53546	-0.0896604	-0.0896604	-0.0570783
4.54545	-0.0873295	-0.0873295	-0.0555944
4.55544	-0.085048	-0.085048	-0.054142
4.56543	-0.0828153	-0.0828153	-0.0527207
4.57542	-0.0806309	-0.0806309	-0.0513301
4.58541	-0.0784943	-0.0784943	-0.0499699
4.5954	-0.0764048	-0.0764048	-0.0486397
4.60539	-0.0743621	-0.0743621	-0.0473393
4.61538	-0.0723654	-0.0723654	-0.0460682
4.62537	-0.0704142	-0.0704142	-0.0448261
4.63536	-0.068508	-0.068508	-0.0436126
4.64535	-0.0666461	-0.0666461	-0.0424273
4.65534	-0.064828	-0.064828	-0.0412699
4.66533	-0.0630531	-0.0630531	-0.0401399
4.67532	-0.0613207	-0.0613207	-0.0390371
4.68531	-0.0596304	-0.0596304	-0.037961
4.6953	-0.0579814	-0.0579814	-0.0369113
4.70529	-0.0563731	-0.0563731	-0.0358875
4.71528	-0.0548051	-0.0548051	-0.0348892
4.72527	-0.0532766	-0.0532766	-0.0339162
4.73526	-0.0517871	-0.0517871	-0.032968
4.74525	-0.050336	-0.050336	-0.0320441
4.75524	-0.0489226	-0.0489226	-0.0311444
4.76523	-0.0475464	-0.0475464	-0.0302683
4.77522	-0.0462067	-0.0462067	-0.0294155
4.78521	-0.0449031	-0.0449031	-0.0285856
4.7952	-0.0436349	-0.0436349	-0.0277782
4.80519	-0.0424014	-0.0424014	-0.026993
4.81518	-0.0412022	-0.0412022	-0.0262296
4.82517	-0.0400367	-0.0400367	-0.0254876
4.83516	-0.0389043	-0.0389043	-0.0247667
4.84515	-0.0378044	-0.0378044	-0.0240665
4.85514	-0.0367365	-0.0367365	-0.0233866
4.86513	-0.0357	-0.0357	-0.0227268
4.87512	-0.0346944	-0.0346944	-0.0220866
4.88511	-0.0337191	-0.0337191	-0.0214658
4.8951	-0.0327737	-0.0327737	-0.0208639
4.90509	-0.0318577	-0.0318577	-0.0202808
4.91508	-0.0309704	0	-0.0197159
4.92507	-0.0301114	0	-0.0191691
4.93506	-0.0292803	0	-0.01864
4.94505	-0.0284765	0	-0.0181283
4.95504	-0.0276995	0	-0.0176337
4.96503	-0.026949	0	-0.0171559
4.97502	-0.0262244	0	-0.0166946
4.98501	-0.0255254	0	-0.0162496
4.995	-0.0248514	0	-0.0158206
5.00499	-0.0242022	0	-0.0154072
5.01498	-0.0235772	0	-0.0150094
5.02497	-0.0229761	0	-0.0146267
5.03496	-0.0223985	0	-0.014259
5.04495	-0.021844	0	-0.013906
5.05494	-0.0213124	0	-0.0135676
5.06493	-0.0208031	0	-0.0132434
5.07492	-0.020316	0	-0.0129333
5.08491	-0.0198507	0	-0.0126371
5.0949	-0.019407	0	-0.0123546
5.10489	-0.0189844	0	-0.0120856
5.11488	-0.0185828	0	-0.0118299
5.12487	-0.0182019	0	-0.0115874
5.13486	-0.0178415	0	-0.011358
5.14485	-0.0175013	0	-0.0111414
5.15484	-0.0171811	0	-0.0109376
5.16483	-0.0168808	0	-0.0107464
5.17482	-0.0166002	0	-0.0105678
5.18481	-0.0163391	0	-0.0104016
5.1948	-0.0160973	0	-0.0102477
5.20479	-0.0158749	0	-0.010106
5.21478	-0.0156715	0	-0.00997659
5.22477	-0.0154873	0	-0.0098593
5.23476	-0.0153221	0	-0.00975411
5.24475	-0.0151758	0	-0.00966099
5.25474	-0.0150485	0	-0.00957994
5.26473	-0.0149401	0	-0.00951094
5.27472	-0.0148507	0	-0.00945402
5.28471	-0.0147803	0	-0.0094092
5.2947	-0.0147289	0	-0.00937652
5.30469	-0.0146968	0	-0.00935604
5.31468	-0.0146839	0	-0.00934783
5.32467	-0.0146904	0	-0.00935198
5.33466	-0.0147165	0	-0.0093686
5.34465	-0.0147624	0	-0.0093978
5.35464	-0.0148282	0	-0.00943972
5.36463	-0.0149143	0	-0.00949453
5.37462	-0.0150209	0	-0.0095624
5.38461	-0.0151483	0	-0.00964352
5.3946	-0.0152969	0	-0.00973811
5.40459	-0.0154671	0	-0.00984641
5.41458	-0.0156591	0	-0.00996868
5.42457	-0.0158735	0	-0.0101052
5.43456	-0.0161108	0	-0.0102563
5.44455	-0.0163715	0	-0.0104222
5.45454	-0.0166561	0	-0.0106034
5.46453	-0.0169652	0	-0.0108002
5.47452	-0.0172995	0	-0.011013
5.48451	-0.0176597	0	-0.0112423
5.4945	-0.0180464	0	-0.0114884
5.50449	-0.0184605	0	-0.0117521
5.51448	-0.0189028	0	-0.0120336
5.52447	-0.0193741	0	-0.0123337
5.53446	-0.0198755	0	-0.0126529
5.54445	-0.0204079	0	-0.0129918
5.55444	-0.0209723	0	-0.0133511
5.56443	-0.02157	0	-0.0137316
5.57442	-0.022202	0	-0.0141339
5.58441	-0.0228696	0	-0.0145589
5.5944	-0.0235742	0	-0.0150075
5.60439	-0.0243171	0	-0.0154804
5.61438	-0.0250999	0	-0.0159787
5.62437	-0.0259241	0	-0.0165034
5.63436	-0.0267913	0	-0.0170555
5.64435	-0.0277032	0	-0.017636
5.65434	-0.0286619	0	-0.0182463
5.66433	-0.029669	0	-0.0188875
5.67432	-0.0307268	0	-0.0195608
5.68431	-0.0318373	0	-0.0202678
5.6943	-0.0330028	0	-0.0210098
5.70429	-0.0342258	0	-0.0217883
5.71428	-0.0355086	0	-0.022605
5.72427	-0.0368541	0	-0.0234615
5.73426	-0.0382649	0	-0.0243596
5.74425	-0.039744	0	-0.0253012
5.75424	-0.0412945	0	-0.0262883
5.76423	-0.0429196	0	-0.0273229
5.77422	-0.0446229	0	-0.0284072
5.78421	-0.0464078	0	-0.0295435
5.7942	-0.0482782	0	-0.0307342
5.80419	-0.0502382	0	-0.0319819
5.81418	-0.0522919	0	-0.0332893
5.82417	-0.0544437	0	-0.0346592
5.83416	-0.0566984	0	-0.0360945
5.84415	-0.0590608	0	-0.0375984
5.85414	-0.0615362	0	-0.0391743
5.86413	-0.0641299	0	-0.0408254
5.87412	-0.0668477	0	-0.0425556
5.88411	-0.0696957	0	-0.0443687
5.8941	-0.0726803	0	-0.0462687
5.90409	-0.075808	0	-0.0482598
5.91408	-0.079086	0	-0.0503466
5.92407	-0.0825218	0	-0.0525338
5.93406	-0.086123	0	-0.0548264
5.94405	-0.0898981	0	-0.0572296
5.95404	-0.0938556	0	-0.059749
5.96403	-0.0980047	0	-0.0623903
5.97402	-0.102355	0	-0.0651598
5.98401	-0.106917	0	-0.0680638
5.994	-0.111701	0	-0.0711092
6.00399	-0.116718	0	-0.0743032
6.01398	-0.12198	0	-0.0776533
6.02397	-0.1275	0	-0.0811675
6.03396	-0.133292	0	-0.0848541
6.04395	-0.139368	0	-0.0887221
6.05394	-0.145743	0	-0.0927808
6.06393	-0.152434	0	-0.09704
6.07392	-0.159455	0	-0.10151
6.08391	-0.166826	0	-0.106202
6.0939	-0.174563	0	-0.111127
6.10389	-0.182685	0	-0.116298
6.11388	-0.191214	0	-0.121728
6.12387	-0.200169	0	-0.127429
6.13386	-0.209575	0	-0.133416
6.14385	-0.219453	0	-0.139705
6.15384	-0.22983	0	-0.146311
6.16383	-0.240732	0	-0.153251
6.17382	-0.252186	0	-0.160543
6.18381	-0.264222	0	-0.168206
6.1938	-0.276872	0	-0.176258
6.20379	-0.290167	0	-0.184722
6.21378	-0.304142	0	-0.193618
6.22377	-0.318834	0	-0.202971
6.23376	-0.334282	0	-0.212805
6.24375	-0.350525	0	-0.223146
6.25374	-0.367608	0	-0.234021
6.26373	-0.385576	0	-0.24546
6.27372	-0.404477	0	-0.257492
6.28371	-0.424361	0	-0.270151
6.2937	-0.445282	0	-0.283469
6.30369	-0.467298	0	-0.297484
6.31368	-0.490467	0	-0.312234
6.32367	-0.514854	0	-0.327759
6.33366	-0.540525	0	-0.344101
6.34365	-0.567551	0	-0.361306
6.35364	-0.596008	0	-0.379422
6.36363	-0.625973	0	-0.398498
6.37362	-0.657532	0	-0.418589
6.38361	-0.690773	0	-0.43975
6.3936	-0.72579	0	-0.462042
6.40359	-0.762682	0	-0.485527
6.41358	-0.801553	0	-0.510273
6.42357	-0.842516	0	-0.53635
6.43356	-0.885688	0	-0.563834
6.44355	-0.931193	0	-0.592803
6.45354	-0.979163	0	-0.623341
6.46353	-1.02974	0	-0.655537
6.47352	-1.08307	0	-0.689486
6.48351	-1.1393	0	-0.725287
6.4935	-1.19862	0	-0.763045
6.50349	-1.26118	0	-0.802873
6.51348	-1.32718	0	-0.844888
6.52347	-1.39681	0	-0.889217
6.53346	-1.47029	0	-0.935992
6.54345	-1.54782	0	-0.985353
6.55344	-1.62966	0	-1.03745
6.56343	-1.71605	0	-1.09244
6.57342	-1.80724	0	-1.1505
6.58341	-1.90352	0	-1.21179
6.5934	-2.00519	0	-1.27652
6.60339	-2.11256	0	-1.34487
6.61338	-2.22596	0	-1.41706
6.62337	-2.34575	0	-1.49332
6.63336	-2.4723	0	-1.57388
6.64335	-2.60601	0	-1.659
6.65334	-2.74729	0	-1.74894
6.66333	-2.8966	0	-1.84399
6.67332	-3.05442	0	-1.94446
6.68331	-3.22124	0	-2.05066
6.6933	-3.3976	0	-2.16293
6.70329	-3.58406	0	-2.28164
6.71328	-3.78124	0	-2.40716
6.72327	-3.98977	0	-2.53991
6.73326	-4.21033	0	-2.68032
6.74325	-4.44364	0	-2.82885
6.75324	-4.69047	0	-2.98598
6.76323	-4.95163	0	-3.15223
6.77322	-5.22798	0	-3.32816
6.78321	-5.52045	0	-3.51435
6.7932	-5.83001	0	-3.71142
6.80319	-6.1577	0	-3.92003
6.81318	-6.50462	0	-4.14088
6.82317	-6.87195	0	-4.37472
6.83316	-7.26092	0	-4.62234
6.84315	-7.67287	0	-4.88459
6.85314	-8.10919	0	-5.16236
6.86313	-8.5714	0	-5.4566
6.87312	-9.06107	0	-5.76833
6.88311	-9.57991	0	-6.09863
6.8931	-10.1297	0	-6.44863
6.90309	-10.7124	0	-6.81958
6.91308	-11.33	0	-7.21275
6.92307	-11.9847	0	-7.62953
6.93306	-12.6788	0	-8.0714
6.94305	-13.4148	0	-8.53991
6.95304	-14.1952	0	-9.03673
6.96303	-15.0229	0	-9.56363
6.97302	-15.9008	0	-10.1225
6.98301	-16.832	0	-10.7154
6.993	-17.82	0	-11.3443
7.00299	-18.8684	0	-12.0117
7.01298	-19.9808	0	-12.7199
7.02297	-21.1614	0	-13.4715
7.03296	-22.4146	0	-14.2692
7.04295	-23.7448	0	-15.1161
7.05294	-25.1571	0	-16.0152
7.06293	-26.6567	0	-16.9698
7.07292	-28.249	0	-17.9835
7.08291	-29.9402	0	-19.0601
7.0929	-31.7365	0	-20.2036
7.10289	-33.6447	0	-21.4184
7.11288	-35.6719	0	-22.7089
7.12287	-37.8259	0	-24.0802
7.13286	-40.1149	0	-25.5373
7.14285	-42.5475	0	-27.086
7.15284	-45.1332	0	-28.732
7.16283	-47.8817	0	-30.4818
7.17282	-50.8039	0	-32.342
7.18281	-53.9109	0	-34.32
7.1928	-57.2149	0	-36.4233
7.20279	-60.7287	0	-38.6602
7.21278	-64.4661	0	-41.0395
7.22277	-68.4418	0	-43.5705
7.23276	-72.6715	0	-46.2631
7.24275	-77.1719	0	-49.1281
7.25274	-81.9609	0	-52.1768
7.26273	-87.0576	0	-55.4214
7.27272	-92.4824	0	-58.8748
7.28271	-98.257	0	-62.551
7.2927	-104.405	0	-66.4647
7.30269	-110.951	0	-70.6318
7.31268	-117.921	0	-75.0691
7.32267	-125.344	0	-79.7949
7.33266	-133.251	0	-84.8283
7.34265	-141.673	0	-90.19
7.35264	-150.646	0	-95.9022
7.36263	-160.206	0	-101.988
7.37262	-170.394	0	-108.474
7.38261	-181.251	0	-115.385
7.3926	-192.823	0	-122.752
7.40259	-205.158	0	-130.605
7.41258	-218.308	0	-138.976
7.42257	-232.329	0	-147.902
7.43256	-247.28	0	-157.42
7.44255	-263.224	0	-167.57
7.45254	-280.23	0	-178.396
7.46253	-298.371	0	-189.944
7.47252	-317.723	0	-202.264
7.48251	-338.371	0	-215.409
7.4925	-360.403	0	-229.435
7.50249	-383.916	0	-244.403
7.51248	-409.011	0	-260.379
7.52247	-435.799	0	-277.432
7.53246	-464.396	0	-295.637
7.54245	-494.928	0	-315.074
7.55244	-527.53	0	-335.828
7.56243	-562.346	0	-357.992
7.57242	-599.531	0	-381.664
7.58241	-639.25	0	-406.95
7.5924	-681.681	0	-433.962
7.60239	-727.015	0	-462.822
7.61238	-775.455	0	-493.659
7.62237	-827.221	0	-526.613
7.63236	-882.546	0	-561.834
7.64235	-941.682	0	-599.48
7.65234	-1004.9	0	-639.725
7.66233	-1072.49	0	-682.751
7.67232	-1144.76	0	-728.757
7.68231	-1222.04	0	-777.955
7.6923	-1304.69	0	-830.572
7.70229	-1393.1	0	-886.852
7.71228	-1487.67	0	-947.057
7.72227	-1588.84	0	-1011.47
7.73226	-1697.1	0	-1080.38
7.74225	-1812.95	0	-1154.13
7.75224	-1936.93	0	-1233.06
7.76223	-2069.64	0	-1317.54
7.77222	-2211.69	0	-1407.97
7.78221	-2363.77	0	-1504.79
7.7922	-2526.61	0	-1608.45
7.80219	-2700.98	0	-1719.46
7.81218	-2887.71	0	-1838.33
7.82217	-3087.72	0	-1965.66
7.83216	-3301.97	0	-2102.05
7.84215	-3531.5	0	-2248.17
7.85214	-3777.42	0	-2404.73
7.86213	-4040.94	0	-2572.49
7.87212	-4323.35	0	-2752.27
7.88211	-4626.03	0	-2944.96
7.8921	-4950.48	0	-3151.51
7.90209	-5298.31	0	-3372.93
7.91208	-5671.23	0	-3610.33
7.92207	-6071.1	0	-3864.9
7.93206	-6499.93	0	-4137.89
7.94205	-6959.85	0	-4430.68
7.95204	-7453.18	0	-4744.73
7.96203	-7982.4	0	-5081.64
7.97202	-8550.2	0	-5443.1
7.98201	-9159.44	0	-5830.95
7.992	-9813.24	0	-6247.16
8.00199	-10514.9	0	-6693.86
8.01198	-11268.1	0	-7173.32
8.02197	-12076.6	0	-7688.02
8.03196	-12944.6	0	-8240.6
8.04195	-13876.6	0	-8833.92
8.05194	-14877.4	0	-9471.05
8.06193	-15952.3	0	-10155.3
8.07192	-17106.8	0	-10890.3
8.08191	-18346.9	0	-11679.7
8.0919	-19679.2	0	-12527.9
8.10189	-21110.8	0	-13439.2
8.11188	-22649	0	-14418.5
8.12187	-24302.2	0	-15470.9
8.13186	-26079	0	-16602
8.14185	-27988.9	0	-17817.9
8.15184	-30042.2	0	-19125
8.16183	-32249.8	0	-20530.4
8.17182	-34623.7	0	-22041.6
8.18181	-37176.5	0	-23666.8
8.1918	-39922.1	0	-25414.6
8.20179	-42875.5	0	-27294.8
8.21178	-46052.6	0	-29317.3
8.22177	-49470.8	0	-31493.4
8.23176	-53148.8	0	-33834.8
8.24175	-57106.9	0	-36354.5
8.25174	-61366.7	0	-39066.4
8.26173	-65951.8	0	-41985.3
8.27172	-70887.6	0	-45127.5
8.28171	-76201.6	0	-48510.4
8.2917	-81923.3	0	-52152.8
8.30169	-88084.7	0	-56075.2
8.31168	-94720.3	0	-60299.4
8.32167	-101867	0	-64849.3
8.33166	-109566	0	-69750.5
8.34165	-117861	0	-75030.7
8.35164	-126797	0	-80719.8
8.36163	-136427	0	-86850.1
8.37162	-146805	0	-93456.8
8.38161	-157990	0	-100577
8.3916	-170047	0	-108253
8.40159	-183045	0	-116528
8.41158	-197059	0	-125449
8.42157	-212170	0	-135069
8.43156	-228466	0	-145443
8.44155	-246041	0	-156631
8.45154	-264999	0	-168700
8.46153	-285449	0	-181719
8.47152	-307513	0	-195764
8.48151	-331320	0	-210920
8.4915	-357010	0	-227275
8.50149	-384737	0	-244925
8.51148	-414663	0	-263977
8.52147	-446968	0	-284542
8.53146	-481845	0	-306745
8.54145	-519502	0	-330718
8.55144	-560165	0	-356604
8.56143	-604079	0	-384560
8.57142	-651511	0	-414755
8.58141	-702745	0	-447372
8.5914	-758095	0	-482608
8.60139	-817897	0	-520678
8.61138	-882516	0	-561815
8.62137	-952348	0	-606270
8.63136	-1.02782e+006	0	-654317
8.64135	-1.1094e+006	0	-706252
8.65134	-1.19759e+006	0	-762395
8.66133	-1.29294e+006	0	-823093
8.67132	-1.39604e+006	0	-888725
8.68131	-1.50752e+006	0	-959699
8.6913	-1.6281e+006	0	-1.03646e+006
8.70129	-1.75852e+006	0	-1.11948e+006
8.71128	-1.89959e+006	0	-1.20929e+006
8.72127	-2.05222e+006	0	-1.30645e+006
8.73126	-2.21736e+006	0	-1.41158e+006
8.74125	-2.39606e+006	0	-1.52534e+006
8.75124	-2.58945e+006	0	-1.64846e+006
8.76123	-2.79876e+006	0	-1.78171e+006
8.77122	-3.02534e+006	0	-1.92595e+006
8.78121	-3.27062e+006	0	-2.0821e+006
8.7912	-3.53619e+006	0	-2.25116e+006
8.80119	-3.82376e+006	0	-2.43422e+006
8.81118	-4.13517e+006	0	-2.63247e+006
8.82117	-4.47244e+006	0	-2.84718e+006
8.83116	-4.83777e+006	0	-3.07975e+006
8.84115	-5.23353e+006	0	-3.3317e+006
8.85114	-5.6623e+006	0	-3.60465e+006
8.86113	-6.12689e+006	0	-3.90041e+006
8.87112	-6.63034e+006	0	-4.22091e+006
8.88111	-7.17596e+006	0	-4.56825e+006
8.8911	-7.76735e+006	0	-4.94474e+006
8.90109	-8.40842e+006	0	-5.35285e+006
8.91108	-9.10343e+006	0	-5.79529e+006
8.92107	-9.85698e+006	0	-6.27501e+006
8.93106	-1.06741e+007	0	-6.79519e+006
8.94105	-1.15603e+007	0	-7.35932e+006
8.95104	-1.25214e+007	0	-7.97118e+006
8.96103	-1.35639e+007	0	-8.63487e+006
8.97102	-1.46949e+007	0	-9.35487e+006
8.98101	-1.5922e+007	0	-1.0136e+007
8.991	-1.72535e+007	0	-1.09837e+007
9.00099	-1.86984e+007	0	-1.19035e+007
9.01098	-2.02666e+007	0	-1.29018e+007
9.02097	-2.19687e+007	0	-1.39854e+007
9.03096	-2.38165e+007	0	-1.51617e+007
9.04095	-2.58226e+007	0	-1.64388e+007
9.05094	-2.80008e+007	0	-1.78254e+007
9.06093	-3.03661e+007	0	-1.93312e+007
9.07092	-3.29348e+007	0	-2.09665e+007
9.08091	-3.57249e+007	0	-2.27426e+007
9.0909	-3.87556e+007	0	-2.4672e+007
9.10089	-4.20481e+007	0	-2.6768e+007
9.11088	-4.56254e+007	0	-2.90454e+007
9.12087	-4.95126e+007	0	-3.152e+007
9.13086	-5.37369e+007	0	-3.42092e+007
9.14085	-5.83281e+007	0	-3.7132e+007
9.15084	-6.33187e+007	0	-4.0309e+007
9.16083	-6.87439e+007	0	-4.37627e+007
9.17082	-7.46422e+007	0	-4.75176e+007
9.18081	-8.10556e+007	0	-5.16005e+007
9.1908	-8.80299e+007	0	-5.60403e+007
9.20079	-9.56149e+007	0	-6.0869e+007
9.21078	-1.03865e+008	0	-6.6121e+007
9.22077	-1.12839e+008	0	-7.18342e+007
9.23076	-1.22603e+008	0	-7.80497e+007
9.24075	-1.33226e+008	0	-8.48124e+007
9.25074	-1.44786e+008	0	-9.21713e+007
9.26073	-1.57366e+008	0	-1.0018e+008
9.27072	-1.71058e+008	0	-1.08896e+008
9.28071	-1.85962e+008	0	-1.18384e+008
9.2907	-2.02187e+008	0	-1.28713e+008
9.30069	-2.19851e+008	0	-1.39959e+008
9.31068	-2.39086e+008	0	-1.52204e+008
9.32067	-2.60033e+008	0	-1.65538e+008
9.33066	-2.82846e+008	0	-1.80061e+008
9.34065	-3.07694e+008	0	-1.9588e+008
9.35064	-3.34762e+008	0	-2.13112e+008
9.36063	-3.64252e+008	0	-2.31885e+008
9.37062	-3.96384e+008	0	-2.5234e+008
9.38061	-4.31398e+008	0	-2.7463e+008
9.3906	-4.69556e+008	0	-2.98922e+008
9.40059	-5.11146e+008	0	-3.25399e+008
9.41058	-5.56482e+008	0	-3.5426e+008
9.42057	-6.05906e+008	0	-3.85723e+008
9.43056	-6.59791e+008	0	-4.20027e+008
9.44055	-7.18549e+008	0	-4.57432e+008
9.45054	-7.82626e+008	0	-4.98224e+008
9.46053	-8.5251e+008	0	-5.42713e+008
9.47052	-9.28738e+008	0	-5.9124e+008
9.48051	-1.01189e+009	0	-6.44177e+008
9.4905	-1.10262e+009	0	-7.01931e+008
9.50049	-1.2016e+009	0	-7.64948e+008
9.51048	-1.30962e+009	0	-8.33714e+008
9.52047	-1.42751e+009	0	-9.08761e+008
9.53046	-1.55618e+009	0	-9.90674e+008
9.54045	-1.69664e+009	0	-1.08009e+009
9.55044	-1.84997e+009	0	-1.1777e+009
9.56043	-2.01739e+009	0	-1.28428e+009
9.57042	-2.2002e+009	0	-1.40066e+009
9.58041	-2.39984e+009	0	-1.52775e+009
9.5904	-2.61788e+009	0	-1.66656e+009
9.60039	-2.85605e+009	0	-1.81818e+009
9.61038	-3.11623e+009	0	-1.98381e+009
9.62037	-3.40048e+009	0	-2.16476e+009
9.63036	-3.71107e+009	0	-2.36249e+009
9.64035	-4.05047e+009	0	-2.57855e+009
9.65034	-4.4214e+009	0	-2.81469e+009
9.66033	-4.82683e+009	0	-3.07279e+009
9.67032	-5.27002e+009	0	-3.35492e+009
9.68031	-5.75452e+009	0	-3.66336e+009
9.6903	-6.28427e+009	0	-4.0006e+009
9.70029	-6.86353e+009	0	-4.36936e+009
9.71028	-7.49701e+009	0	-4.77264e+009
9.72027	-8.18985e+009	0	-5.2137e+009
9.73026	-8.94771e+009	0	-5.69616e+009
9.74025	-9.77677e+009	0	-6.22394e+009
9.75024	-1.06838e+010	0	-6.80138e+009
9.76023	-1.16763e+010	0	-7.43319e+009
9.77022	-1.27624e+010	0	-8.12459e+009
9.78021	-1.3951e+010	0	-8.88128e+009
9.7902	-1.5252e+010	0	-9.7095e+009
9.80019	-1.66761e+010	0	-1.06161e+010
9.81018	-1.82353e+010	0	-1.16087e+010
9.82017	-1.99424e+010	0	-1.26954e+010
9.83016	-2.18116e+010	0	-1.38854e+010
9.84015	-2.38587e+010	0	-1.51886e+010
9.85014	-2.61008e+010	0	-1.66159e+010
9.86013	-2.85567e+010	0	-1.81794e+010
9.87012	-3.12471e+010	0	-1.98921e+010
9.88011	-3.41947e+010	0	-2.17686e+010
9.8901	-3.74245e+010	0	-2.38246e+010
9.90009	-4.09638e+010	0	-2.60778e+010
9.91008	-4.48427e+010	0	-2.85471e+010
9.92007	-4.90943e+010	0	-3.12537e+010
9.93006	-5.37548e+010	0	-3.42206e+010
9.94005	-5.88642e+010	0	-3.74733e+010
9.95004	-6.44663e+010	0	-4.10396e+010
9.96003	-7.06093e+010	0	-4.49503e+010
9.97002	-7.7346e+010	0	-4.92389e+010
9.98001	-8.47348e+010	0	-5.39426e+010
9.99	-9.28395e+010	0	-5.91021e+010
