0	0	0	0
0.00999	0.0187988	0.0187988	0.00998485
0.01998	0.0375395	0.0375395	0.0199388
0.02997	0.0561641	0.0561641	0.0298311
0.03996	0.074615	0.074615	0.0396312
0.04995	0.0928351	0.0928351	0.0493086
0.05994	0.110768	0.110768	0.0588336
0.06993	0.128359	0.128359	0.0681766
0.07992	0.145552	0.145552	0.0773088
0.08991	0.162296	0.162296	0.0862019
0.0999	0.178537	0.178537	0.0948285
0.10989	0.194227	0.194227	0.103162
0.11988	0.209316	0.209316	0.111176
0.12987	0.223758	0.223758	0.118847
0.13986	0.237508	0.237508	0.12615
0.14985	0.250524	0.250524	0.133064
0.15984	0.262766	0.262766	0.139566
0.16983	0.274196	0.274196	0.145637
0.17982	0.284778	0.284778	0.151258
0.18981	0.294481	0.294481	0.156411
0.1998	0.303274	0.303274	0.161081
0.20979	0.31113	0.31113	0.165254
0.21978	0.318025	0.318025	0.168916
0.22977	0.323938	0.323938	0.172057
0.23976	0.328851	0.328851	0.174667
0.24975	0.332749	0.332749	0.176737
0.25974	0.335619	0.335619	0.178261
0.26973	0.337454	0.337454	0.179236
0.27972	0.338248	0.338248	0.179657
0.28971	0.337998	0.337998	0.179525
0.2997	0.336705	0.336705	0.178838
0.30969	0.334374	0.334374	0.1776
0.31968	0.331012	0.331012	0.175814
0.32967	0.32663	0.32663	0.173487
0.33966	0.32124	0.32124	0.170624
0.34965	0.314861	0.314861	0.167236
0.35964	0.307512	0.307512	0.163333
0.36963	0.299216	0.299216	0.158926
0.37962	0.289999	0.289999	0.15403
0.38961	0.279888	0.279888	0.14866
0.3996	0.268917	0.268917	0.142833
0.40959	0.257118	0.257118	0.136566
0.41958	0.244527	0.244527	0.129879
0.42957	0.231185	0.231185	0.122792
0.43956	0.217132	0.217132	0.115328
0.44955	0.202412	0.202412	0.107509
0.45954	0.18707	0.18707	0.0993605
0.46953	0.171153	0.171153	0.0909063
0.47952	0.15471	0.15471	0.082173
0.48951	0.137793	0.137793	0.0731874
0.4995	0.120452	0.120452	0.0639772
0.50949	0.102742	0.102742	0.0545707
0.51948	0.0847171	0.0847171	0.0449968
0.52947	0.0664323	0.0664323	0.035285
0.53946	0.0479439	0.0479439	0.025465
0.54945	0.0293085	0.0293085	0.015567
0.55944	0.0105834	0.0105834	0.00562129
0.56943	-0.00817411	-0.00817411	-0.00434161
0.57942	-0.0269066	-0.0269066	-0.0142912
0.58941	-0.0455568	-0.0455568	-0.0241971
0.5994	-0.0640677	-0.0640677	-0.034029
0.60939	-0.0823827	-0.0823827	-0.0437569
0.61938	-0.100446	-0.100446	-0.053351
0.62937	-0.118202	-0.118202	-0.0627822
0.63936	-0.135598	-0.135598	-0.0720217
0.64935	-0.15258	-0.15258	-0.0810414
0.65934	-0.169096	-0.169096	-0.0898138
0.66933	-0.185096	-0.185096	-0.0983123
0.67932	-0.200533	-0.200533	-0.106511
0.68931	-0.215358	-0.215358	-0.114386
0.6993	-0.229527	-0.229527	-0.121911
0.70929	-0.242998	-0.242998	-0.129066
0.71928	-0.255729	-0.255729	-0.135828
0.72927	-0.267683	-0.267683	-0.142178
0.73926	-0.278823	-0.278823	-0.148094
0.74925	-0.289115	-0.289115	-0.153561
0.75924	-0.29853	-0.29853	-0.158562
0.76923	-0.307038	-0.307038	-0.163081
0.77922	-0.314615	-0.314615	-0.167105
0.78921	-0.321238	-0.321238	-0.170623
0.7992	-0.326888	-0.326888	-0.173624
0.80919	-0.331547	-0.331547	-0.176098
0.81918	-0.335202	-0.335202	-0.17804
0.82917	-0.337843	-0.337843	-0.179443
0.83916	-0.339462	-0.339462	-0.180303
0.84915	-0.340056	-0.340056	-0.180618
0.85914	-0.339622	-0.339622	-0.180387
0.86913	-0.338162	-0.338162	-0.179612
0.87912	-0.335682	-0.335682	-0.178295
0.88911	-0.33219	-0.33219	-0.17644
0.8991	-0.327696	-0.327696	-0.174053
0.90909	-0.322215	-0.322215	-0.171142
0.91908	-0.315765	-0.315765	-0.167716
0.92907	-0.308364	-0.308364	-0.163785
0.93906	-0.300036	-0.300036	-0.159362
0.94905	-0.290806	-0.290806	-0.154459
0.95904	-0.280703	-0.280703	-0.149093
0.96903	-0.269758	-0.269758	-0.14328
0.97902	-0.258004	-0.258004	-0.137037
0.98901	-0.245476	-0.245476	-0.130383
0.999	-0.232213	-0.232213	-0.123338
1.00899	-0.218255	-0.218255	-0.115924
1.01898	-0.203644	-0.203644	-0.108164
1.02897	-0.188424	-0.188424	-0.10008
1.03896	-0.172641	-0.172641	-0.091697
1.04895	-0.156343	-0.156343	-0.0830404
1.05894	-0.139579	-0.139579	-0.0741361
1.06893	-0.122398	-0.122398	-0.0650108
1.07892	-0.104853	-0.104853	-0.0556918
1.08891	-0.0869957	-0.0869957	-0.0462071
1.0989	-0.0688796	-0.0688796	-0.0365848
1.10889	-0.0505588	-0.0505588	-0.0268539
1.11888	-0.0320877	-0.0320877	-0.0170431
1.12887	-0.0135214	-0.0135214	-0.00718181
1.13886	0.00508494	0.00508494	0.00270082
1.14885	0.0236763	0.0236763	0.0125755
1.15884	0.0421975	0.0421975	0.0224128
1.16883	0.0605939	0.0605939	0.0321839
1.17882	0.0788111	0.0788111	0.0418599
1.18881	0.0967955	0.0967955	0.0514121
1.1988	0.114494	0.114494	0.0608126
1.20879	0.131855	0.131855	0.0700337
1.21878	0.148827	0.148827	0.0790485
1.22877	0.165362	0.165362	0.0878304
1.23876	0.181409	0.181409	0.096354
1.24875	0.196923	0.196923	0.104594
1.25874	0.211859	0.211859	0.112527
1.26873	0.226173	0.226173	0.12013
1.27872	0.239824	0.239824	0.127381
1.28871	0.252772	0.252772	0.134258
1.2987	0.264981	0.264981	0.140742
1.30869	0.276414	0.276414	0.146815
1.31868	0.28704	0.28704	0.152459
1.32867	0.296827	0.296827	0.157657
1.33866	0.305749	0.305749	0.162396
1.34865	0.31378	0.31378	0.166662
1.35864	0.320897	0.320897	0.170442
1.36863	0.327081	0.327081	0.173726
1.37862	0.332314	0.332314	0.176506
1.38861	0.336583	0.336583	0.178773
1.3986	0.339875	0.339875	0.180522
1.40859	0.342182	0.342182	0.181747
1.41858	0.343499	0.343499	0.182447
1.42857	0.343822	0.343822	0.182618
1.43856	0.343152	0.343152	0.182262
1.44855	0.341491	0.341491	0.18138
1.45854	0.338846	0.338846	0.179975
1.46853	0.335224	0.335224	0.178052
1.47852	0.330638	0.330638	0.175616
1.48851	0.325101	0.325101	0.172675
1.4985	0.318631	0.318631	0.169238
1.50849	0.311246	0.311246	0.165316
1.51848	0.302969	0.302969	0.16092
1.52847	0.293825	0.293825	0.156063
1.53846	0.283841	0.283841	0.15076
1.54845	0.273046	0.273046	0.145026
1.55844	0.261471	0.261471	0.138878
1.56843	0.249152	0.249152	0.132335
1.57842	0.236122	0.236122	0.125414
1.58841	0.222421	0.222421	0.118137
1.5984	0.208088	0.208088	0.110524
1.60839	0.193165	0.193165	0.102598
1.61838	0.177694	0.177694	0.0943807
1.62837	0.16172	0.16172	0.0858961
1.63836	0.145288	0.145288	0.0771686
1.64835	0.128446	0.128446	0.068223
1.65834	0.111241	0.111241	0.0590849
1.66833	0.0937232	0.0937232	0.0497803
1.67832	0.0759412	0.0759412	0.0403355
1.68831	0.0579456	0.0579456	0.0307773
1.6983	0.0397873	0.0397873	0.0211327
1.70829	0.0215173	0.0215173	0.0114287
1.71828	0.00318706	0.00318706	0.00169278
1.72827	-0.0151521	-0.0151521	-0.00804792
1.73826	-0.033449	-0.033449	-0.0177661
1.74825	-0.0516524	-0.0516524	-0.0274348
1.75824	-0.0697119	-0.0697119	-0.0370269
1.76823	-0.0875773	-0.0875773	-0.046516
1.77822	-0.105199	-0.105199	-0.0558756
1.78821	-0.122529	-0.122529	-0.0650801
1.7982	-0.139519	-0.139519	-0.0741041
1.80819	-0.156122	-0.156122	-0.0829228
1.81818	-0.172293	-0.172293	-0.0915121
1.82817	-0.187988	-0.187988	-0.0998485
1.83816	-0.203165	-0.203165	-0.107909
1.84815	-0.217781	-0.217781	-0.115673
1.85814	-0.231799	-0.231799	-0.123118
1.86813	-0.245179	-0.245179	-0.130225
1.87812	-0.257886	-0.257886	-0.136974
1.88811	-0.269886	-0.269886	-0.143348
1.8981	-0.281148	-0.281148	-0.149329
1.90809	-0.291641	-0.291641	-0.154903
1.91808	-0.301338	-0.301338	-0.160053
1.92807	-0.310213	-0.310213	-0.164767
1.93806	-0.318244	-0.318244	-0.169033
1.94805	-0.32541	-0.32541	-0.172839
1.95804	-0.331693	-0.331693	-0.176176
1.96803	-0.337077	-0.337077	-0.179036
1.97802	-0.341548	-0.341548	-0.181411
1.98801	-0.345097	-0.345097	-0.183295
1.998	-0.347714	-0.347714	-0.184685
2.00799	-0.349394	-0.349394	-0.185577
2.01798	-0.350133	-0.350133	-0.18597
2.02797	-0.349933	-0.349933	-0.185864
2.03796	-0.348793	-0.348793	-0.185258
2.04795	-0.346719	-0.346719	-0.184157
2.05794	-0.343718	-0.343718	-0.182563
2.06793	-0.339799	-0.339799	-0.180481
2.07792	-0.334974	-0.334974	-0.177918
2.08791	-0.329257	-0.329257	-0.174882
2.0979	-0.322665	-0.322665	-0.171381
2.10789	-0.315216	-0.315216	-0.167425
2.11788	-0.306933	-0.306933	-0.163025
2.12787	-0.297837	-0.297837	-0.158194
2.13786	-0.287955	-0.287955	-0.152945
2.14785	-0.277313	-0.277313	-0.147293
2.15784	-0.265941	-0.265941	-0.141253
2.16783	-0.25387	-0.25387	-0.134841
2.17782	-0.241133	-0.241133	-0.128076
2.18781	-0.227765	-0.227765	-0.120975
2.1978	-0.2138	-0.2138	-0.113558
2.20779	-0.199278	-0.199278	-0.105845
2.21778	-0.184235	-0.184235	-0.0978551
2.22777	-0.168714	-0.168714	-0.089611
2.23776	-0.152754	-0.152754	-0.081134
2.24775	-0.136398	-0.136398	-0.0724466
2.25774	-0.119689	-0.119689	-0.0635716
2.26773	-0.10267	-0.10267	-0.0545324
2.27772	-0.0853866	-0.0853866	-0.0453524
2.28771	-0.0678832	-0.0678832	-0.0360556
2.2977	-0.0502053	-0.0502053	-0.0266661
2.30769	-0.0323986	-0.0323986	-0.0172082
2.31768	-0.0145088	-0.0145088	-0.00770622
2.32767	0.00341811	0.00341811	0.0018155
2.33766	0.0213363	0.0213363	0.0113326
2.34765	0.0392001	0.0392001	0.0208208
2.35764	0.0569643	0.0569643	0.0302561
2.36763	0.0745838	0.0745838	0.0396146
2.37762	0.0920144	0.0920144	0.0488727
2.38761	0.109212	0.109212	0.0580072
2.3976	0.126135	0.126135	0.0669953
2.40759	0.142739	0.142739	0.0758147
2.41758	0.158985	0.158985	0.0844433
2.42757	0.174831	0.174831	0.0928601
2.43756	0.19024	0.19024	0.101044
2.44755	0.205173	0.205173	0.108976
2.45754	0.219594	0.219594	0.116635
2.46753	0.233468	0.233468	0.124004
2.47752	0.246761	0.246761	0.131065
2.48751	0.259443	0.259443	0.137801
2.4975	0.271482	0.271482	0.144196
2.50749	0.282851	0.282851	0.150234
2.51748	0.293522	0.293522	0.155902
2.52747	0.303471	0.303471	0.161186
2.53746	0.312675	0.312675	0.166075
2.54745	0.321113	0.321113	0.170556
2.55744	0.328765	0.328765	0.174621
2.56743	0.335615	0.335615	0.178259
2.57742	0.341647	0.341647	0.181463
2.58741	0.346849	0.346849	0.184226
2.5974	0.35121	0.35121	0.186543
2.60739	0.354722	0.354722	0.188407
2.61738	0.357376	0.357376	0.189817
2.62737	0.35917	0.35917	0.19077
2.63736	0.3601	0.3601	0.191264
2.64735	0.360166	0.360166	0.191299
2.65734	0.35937	0.35937	0.190876
2.66733	0.357715	0.357715	0.189997
2.67732	0.355208	0.355208	0.188666
2.68731	0.351857	0.351857	0.186886
2.6973	0.34767	0.34767	0.184662
2.70729	0.342661	0.342661	0.182001
2.71728	0.336842	0.336842	0.178911
2.72727	0.33023	0.33023	0.175399
2.73726	0.322841	0.322841	0.171474
2.74725	0.314695	0.314695	0.167147
2.75724	0.305812	0.305812	0.16243
2.76723	0.296216	0.296216	0.157333
2.77722	0.28593	0.28593	0.151869
2.78721	0.274979	0.274979	0.146053
2.7972	0.263391	0.263391	0.139898
2.80719	0.251194	0.251194	0.133419
2.81718	0.238417	0.238417	0.126633
2.82717	0.225092	0.225092	0.119556
2.83716	0.21125	0.21125	0.112204
2.84715	0.196924	0.196924	0.104595
2.85714	0.182148	0.182148	0.0967466
2.86713	0.166958	0.166958	0.0886782
2.87712	0.151387	0.151387	0.0804082
2.88711	0.135474	0.135474	0.0719559
2.8971	0.119254	0.119254	0.0633409
2.90709	0.102765	0.102765	0.054583
2.91708	0.0860454	0.0860454	0.0457023
2.92707	0.0691323	0.0691323	0.036719
2.93706	0.0520644	0.0520644	0.0276536
2.94705	0.0348803	0.0348803	0.0185264
2.95704	0.0176185	0.0176185	0.0093579
2.96703	0.0003175	0.0003175	0.000168638
2.97702	-0.0169842	-0.0169842	-0.009021
2.98701	-0.0342484	-0.0342484	-0.0181907
2.997	-0.0514371	-0.0514371	-0.0273204
3.00699	-0.0685129	-0.0685129	-0.03639
3.01698	-0.0854385	-0.0854385	-0.04538
3.02697	-0.102178	-0.102178	-0.0542708
3.03696	-0.118694	-0.118694	-0.0630433
3.04695	-0.134952	-0.134952	-0.0716789
3.05694	-0.150919	-0.150919	-0.0801591
3.06693	-0.166559	-0.166559	-0.0884662
3.07692	-0.18184	-0.18184	-0.0965827
3.08691	-0.19673	-0.19673	-0.104492
3.0969	-0.211199	-0.211199	-0.112177
3.10689	-0.225217	-0.225217	-0.119622
3.11688	-0.238755	-0.238755	-0.126813
3.12687	-0.251787	-0.251787	-0.133734
3.13686	-0.264285	-0.264285	-0.140373
3.14685	-0.276225	-0.276225	-0.146714
3.15684	-0.287583	-0.287583	-0.152747
3.16683	-0.298338	-0.298338	-0.15846
3.17682	-0.308469	-0.308469	-0.163841
3.18681	-0.317956	-0.317956	-0.16888
3.1968	-0.326782	-0.326782	-0.173568
3.20679	-0.334931	-0.334931	-0.177896
3.21678	-0.342387	-0.342387	-0.181856
3.22677	-0.349137	-0.349137	-0.185441
3.23676	-0.355171	-0.355171	-0.188646
3.24675	-0.360477	-0.360477	-0.191464
3.25674	-0.365047	-0.365047	-0.193892
3.26673	-0.368874	-0.368874	-0.195924
3.27672	-0.371953	-0.371953	-0.19756
3.28671	-0.37428	-0.37428	-0.198796
3.2967	-0.375853	-0.375853	-0.199631
3.30669	-0.376671	-0.376671	-0.200066
3.31668	-0.376735	-0.376735	-0.2001
3.32667	-0.376047	-0.376047	-0.199734
3.33666	-0.374611	-0.374611	-0.198971
3.34665	-0.372432	-0.372432	-0.197814
3.35664	-0.369517	-0.369517	-0.196266
3.36663	-0.365876	-0.365876	-0.194332
3.37662	-0.361516	-0.361516	-0.192016
3.38661	-0.356449	-0.356449	-0.189325
3.3966	-0.350687	-0.350687	-0.186265
3.40659	-0.344245	-0.344245	-0.182843
3.41658	-0.337136	-0.337136	-0.179067
3.42657	-0.329377	-0.329377	-0.174946
3.43656	-0.320985	-0.320985	-0.170489
3.44655	-0.311978	-0.311978	-0.165705
3.45654	-0.302377	-0.302377	-0.160605
3.46653	-0.2922	-0.2922	-0.1552
3.47652	-0.28147	-0.28147	-0.1495
3.48651	-0.270209	-0.270209	-0.143519
3.4965	-0.258439	-0.258439	-0.137268
3.50649	-0.246186	-0.246186	-0.13076
3.51648	-0.233473	-0.233473	-0.124007
3.52647	-0.220326	-0.220326	-0.117024
3.53646	-0.20677	-0.20677	-0.109824
3.54645	-0.192834	-0.192834	-0.102422
3.55644	-0.178542	-0.178542	-0.0948312
3.56643	-0.163924	-0.163924	-0.0870668
3.57642	-0.149007	-0.149007	-0.0791436
3.58641	-0.133819	-0.133819	-0.0710766
3.5964	-0.118388	-0.118388	-0.062881
3.60639	-0.102745	-0.102745	-0.054572
3.61638	-0.0869164	-0.0869164	-0.046165
3.62637	-0.0709328	-0.0709328	-0.0376754
3.63636	-0.0548229	-0.0548229	-0.0291187
3.64635	-0.0386156	-0.0386156	-0.0205104
3.65634	-0.0223401	-0.0223401	-0.0118658
3.66633	-0.00602535	-0.00602535	-0.00320031
3.67632	0.0103	0.0103	0.00547077
3.68631	0.0266074	0.0266074	0.0141323
3.6963	0.0428687	0.0428687	0.0227693
3.70629	0.0590557	0.0590557	0.031367
3.71628	0.0751411	0.0751411	0.0399106
3.72627	0.0910976	0.0910976	0.0483857
3.73626	0.106899	0.106899	0.0567783
3.74625	0.122518	0.122518	0.0650743
3.75624	0.13793	0.13793	0.0732602
3.76623	0.153109	0.153109	0.0813226
3.77622	0.168032	0.168032	0.0892485
3.78621	0.182673	0.182673	0.0970254
3.7962	0.197011	0.197011	0.104641
3.80619	0.211024	0.211024	0.112083
3.81618	0.224688	0.224688	0.119341
3.82617	0.237984	0.237984	0.126403
3.83616	0.250891	0.250891	0.133259
3.84615	0.263391	0.263391	0.139898
3.85614	0.275465	0.275465	0.146311
3.86613	0.287095	0.287095	0.152488
3.87612	0.298266	0.298266	0.158421
3.88611	0.308961	0.308961	0.164102
3.8961	0.319166	0.319166	0.169522
3.90609	0.328867	0.328867	0.174675
3.91608	0.338052	0.338052	0.179553
3.92607	0.346708	0.346708	0.184151
3.93606	0.354825	0.354825	0.188462
3.94605	0.362393	0.362393	0.192482
3.95604	0.369403	0.369403	0.196206
3.96603	0.375848	0.375848	0.199628
3.97602	0.381719	0.381719	0.202747
3.98601	0.387012	0.387012	0.205558
3.996	0.391722	0.391722	0.20806
4.00599	0.395844	0.395844	0.210249
4.01598	0.399375	0.399375	0.212125
4.02597	0.402314	0.402314	0.213686
4.03596	0.404659	0.404659	0.214931
4.04595	0.40641	0.40641	0.215861
4.05594	0.407568	0.407568	0.216476
4.06593	0.408134	0.408134	0.216777
4.07592	0.40811	0.40811	0.216764
4.08591	0.407501	0.407501	0.216441
4.0959	0.406311	0.406311	0.215808
4.10589	0.404543	0.404543	0.21487
4.11588	0.402205	0.402205	0.213628
4.12587	0.399302	0.399302	0.212086
4.13586	0.395843	0.395843	0.210249
4.14585	0.391834	0.391834	0.20812
4.15584	0.387286	0.387286	0.205704
4.16583	0.382207	0.382207	0.203006
4.17582	0.376608	0.376608	0.200032
4.18581	0.370499	0.370499	0.196787
4.1958	0.363892	0.363892	0.193278
4.20579	0.356798	0.356798	0.18951
4.21578	0.34923	0.34923	0.185491
4.22577	0.341202	0.341202	0.181227
4.23576	0.332726	0.332726	0.176725
4.24575	0.323816	0.323816	0.171992
4.25574	0.314487	0.314487	0.167037
4.26573	0.304754	0.304754	0.161868
4.27572	0.294631	0.294631	0.156491
4.28571	0.284135	0.284135	0.150916
4.2957	0.27328	0.27328	0.14515
4.30569	0.262083	0.262083	0.139203
4.31568	0.25056	0.25056	0.133083
4.32567	0.238728	0.238728	0.126799
4.33566	0.226603	0.226603	0.120358
4.34565	0.214202	0.214202	0.113772
4.35564	0.201543	0.201543	0.107048
4.36563	0.188641	0.188641	0.100195
4.37562	0.175514	0.175514	0.093223
4.38561	0.16218	0.16218	0.0861407
4.3956	0.148656	0.148656	0.0789572
4.40559	0.134958	0.134958	0.0716817
4.41558	0.121104	0.121104	0.0643233
4.42557	0.107111	0.107111	0.056891
4.43556	0.0929958	0.0929958	0.049394
4.44555	0.0787757	0.0787757	0.0418411
4.45554	0.0644672	0.0644672	0.0342412
4.46553	0.050087	0.050087	0.0266033
4.47552	0.0356515	0.0356515	0.018936
4.48551	0.021177	0.021177	0.011248
4.4955	0.00667945	0.00667945	0.00354773
4.50549	-0.00782532	-0.00782532	-0.00415635
4.51548	-0.0223217	-0.0223217	-0.011856
4.52547	-0.0367946	-0.0367946	-0.0195431
4.53546	-0.0512288	-0.0512288	-0.0272097
4.54545	-0.0656097	-0.0656097	-0.0348481
4.55544	-0.079923	-0.079923	-0.0424504
4.56543	-0.0941545	-0.0941545	-0.0500094
4.57542	-0.108291	-0.108291	-0.0575177
4.58541	-0.122318	-0.122318	-0.0649682
4.5954	-0.136224	-0.136224	-0.0723541
4.60539	-0.149995	-0.149995	-0.0796687
4.61538	-0.16362	-0.16362	-0.0869054
4.62537	-0.177087	-0.177087	-0.0940581
4.63536	-0.190383	-0.190383	-0.101121
4.64535	-0.2035	-0.2035	-0.108087
4.65534	-0.216424	-0.216424	-0.114952
4.66533	-0.229148	-0.229148	-0.12171
4.67532	-0.24166	-0.24166	-0.128356
4.68531	-0.253952	-0.253952	-0.134884
4.6953	-0.266015	-0.266015	-0.141291
4.70529	-0.27784	-0.27784	-0.147572
4.71528	-0.289419	-0.289419	-0.153722
4.72527	-0.300745	-0.300745	-0.159738
4.73526	-0.311811	-0.311811	-0.165616
4.74525	-0.32261	-0.32261	-0.171352
4.75524	-0.333136	-0.333136	-0.176943
4.76523	-0.343384	-0.343384	-0.182385
4.77522	-0.353347	-0.353347	-0.187677
4.78521	-0.363021	-0.363021	-0.192816
4.7952	-0.372402	-0.372402	-0.197798
4.80519	-0.381485	-0.381485	-0.202622
4.81518	-0.390267	-0.390267	-0.207287
4.82517	-0.398745	-0.398745	-0.21179
4.83516	-0.406915	-0.406915	-0.21613
4.84515	-0.414777	-0.414777	-0.220305
4.85514	-0.422327	-0.422327	-0.224315
4.86513	-0.429564	-0.429564	-0.228159
4.87512	-0.436486	-0.436486	-0.231836
4.88511	-0.443094	-0.443094	-0.235346
4.8951	-0.449386	-0.449386	-0.238688
4.90509	-0.455363	-0.455363	-0.241862
4.91508	-0.461024	-0.461024	-0.244869
4.92507	-0.466371	-0.466371	-0.247709
4.93506	-0.471403	-0.471403	-0.250382
4.94505	-0.476124	-0.476124	-0.252889
4.95504	-0.480533	-0.480533	-0.255231
4.96503	-0.484633	-0.484633	-0.257409
4.97502	-0.488426	-0.488426	-0.259423
4.98501	-0.491914	-0.491914	-0.261276
4.995	-0.495101	-0.495101	-0.262969
5.00499	-0.497989	-0.497989	-0.264503
5.01498	-0.500581	-0.500581	-0.265879
5.02497	-0.502881	-0.502881	-0.267101
5.03496	-0.504892	-0.504892	-0.268169
5.04495	-0.506619	-0.506619	-0.269086
5.05494	-0.508065	-0.508065	-0.269855
5.06493	-0.509235	-0.509235	-0.270476
5.07492	-0.510134	-0.510134	-0.270953
5.08491	-0.510765	-0.510765	-0.271289
5.0949	-0.511135	-0.511135	-0.271485
5.10489	-0.511247	-0.511247	-0.271545
5.11488	-0.511107	-0.511107	-0.27147
5.12487	-0.510721	-0.510721	-0.271265
5.13486	-0.510093	-0.510093	-0.270932
5.14485	-0.509229	-0.509229	-0.270473
5.15484	-0.508135	-0.508135	-0.269892
5.16483	-0.506817	-0.506817	-0.269192
5.17482	-0.50528	-0.50528	-0.268375
5.18481	-0.50353	-0.50353	-0.267446
5.1948	-0.501573	-0.501573	-0.266406
5.20479	-0.499416	-0.499416	-0.26526
5.21478	-0.497063	-0.497063	-0.264011
5.22477	-0.494522	-0.494522	-0.262661
5.23476	-0.491798	-0.491798	-0.261214
5.24475	-0.488898	-0.488898	-0.259674
5.25474	-0.485827	-0.485827	-0.258043
5.26473	-0.482592	-0.482592	-0.256325
5.27472	-0.479199	-0.479199	-0.254522
5.28471	-0.475654	-0.475654	-0.25264
5.2947	-0.471963	-0.471963	-0.250679
5.30469	-0.468132	-0.468132	-0.248645
5.31468	-0.464168	-0.464168	-0.246539
5.32467	-0.460077	-0.460077	-0.244366
5.33466	-0.455864	-0.455864	-0.242128
5.34465	-0.451535	-0.451535	-0.239829
5.35464	-0.447096	-0.447096	-0.237472
5.36463	-0.442554	-0.442554	-0.235059
5.37462	-0.437914	-0.437914	-0.232594
5.38461	-0.433181	-0.433181	-0.230081
5.3946	-0.428362	-0.428362	-0.227521
5.40459	-0.423461	-0.423461	-0.224918
5.41458	-0.418485	-0.418485	-0.222275
5.42457	-0.413439	-0.413439	-0.219595
5.43456	-0.408328	-0.408328	-0.21688
5.44455	-0.403157	-0.403157	-0.214133
5.45454	-0.397931	-0.397931	-0.211358
5.46453	-0.392656	-0.392656	-0.208556
5.47452	-0.387336	-0.387336	-0.20573
5.48451	-0.381977	-0.381977	-0.202884
5.4945	-0.376582	-0.376582	-0.200018
5.50449	-0.371157	-0.371157	-0.197137
5.51448	-0.365706	-0.365706	-0.194242
5.52447	-0.360234	-0.360234	-0.191335
5.53446	-0.354744	-0.354744	-0.188419
5.54445	-0.349241	-0.349241	-0.185497
5.55444	-0.34373	-0.34373	-0.182569
5.56443	-0.338213	-0.338213	-0.179639
5.57442	-0.332695	-0.332695	-0.176708
5.58441	-0.327179	-0.327179	-0.173778
5.5944	-0.321669	-0.321669	-0.170852
5.60439	-0.316169	-0.316169	-0.167931
5.61438	-0.310682	-0.310682	-0.165016
5.62437	-0.305212	-0.305212	-0.162111
5.63436	-0.29976	-0.29976	-0.159215
5.64435	-0.294331	-0.294331	-0.156331
5.65434	-0.288927	-0.288927	-0.153461
5.66433	-0.283551	-0.283551	-0.150606
5.67432	-0.278206	-0.278206	-0.147767
5.68431	-0.272894	-0.272894	-0.144945
5.6943	-0.267617	-0.267617	-0.142143
5.70429	-0.262379	-0.262379	-0.139361
5.71428	-0.257181	-0.257181	-0.1366
5.72427	-0.252026	-0.252026	-0.133861
5.73426	-0.246915	-0.246915	-0.131147
5.74425	-0.24185	-0.24185	-0.128457
5.75424	-0.236834	-0.236834	-0.125792
5.76423	-0.231867	-0.231867	-0.123154
5.77422	-0.226952	-0.226952	-0.120544
5.78421	-0.222091	-0.222091	-0.117962
5.7942	-0.217283	-0.217283	-0.115408
5.80419	-0.212531	-0.212531	-0.112884
5.81418	-0.207837	-0.207837	-0.110391
5.82417	-0.2032	-0.2032	-0.107928
5.83416	-0.198623	-0.198623	-0.105497
5.84415	-0.194106	-0.194106	-0.103098
5.85414	-0.18965	-0.18965	-0.100731
5.86413	-0.185257	-0.185257	-0.0983975
5.87412	-0.180925	-0.180925	-0.0960969
5.88411	-0.176657	-0.176657	-0.09383
5.8941	-0.172453	-0.172453	-0.0915971
5.90409	-0.168313	-0.168313	-0.0893983
5.91408	-0.164239	-0.164239	-0.0872339
5.92407	-0.160229	-0.160229	-0.0851042
5.93406	-0.156285	-0.156285	-0.0830093
5.94405	-0.152406	-0.152406	-0.0809492
5.95404	-0.148593	-0.148593	-0.0789242
5.96403	-0.144847	-0.144847	-0.0769342
5.97402	-0.141166	-0.141166	-0.0749793
5.98401	-0.137552	-0.137552	-0.0730595
5.994	-0.134003	-0.134003	-0.0711747
6.00399	-0.130521	-0.130521	-0.069325
6.01398	-0.127104	-0.127104	-0.0675102
6.02397	-0.123753	-0.123753	-0.0657302
6.03396	-0.120467	-0.120467	-0.0639849
6.04395	-0.117246	-0.117246	-0.0622742
6.05394	-0.11409	-0.11409	-0.0605978
6.06393	-0.110998	-0.110998	-0.0589556
6.07392	-0.10797	-0.10797	-0.0573473
6.08391	-0.105005	-0.105005	-0.0557728
6.0939	-0.102104	-0.102104	-0.0542318
6.10389	-0.0992653	-0.0992653	-0.0527239
6.11388	-0.0964884	-0.0964884	-0.051249
6.12387	-0.093773	-0.093773	-0.0498067
6.13386	-0.0911184	-0.0911184	-0.0483968
6.14385	-0.0885241	-0.0885241	-0.0470188
6.15384	-0.0859894	-0.0859894	-0.0456725
6.16383	-0.0835136	-0.0835136	-0.0443576
6.17382	-0.0810962	-0.0810962	-0.0430736
6.18381	-0.0787363	-0.0787363	-0.0418201
6.1938	-0.0764333	-0.0764333	-0.0405969
6.20379	-0.0741865	-0.0741865	-0.0394035
6.21378	-0.0719951	-0.0719951	-0.0382396
6.22377	-0.0698585	-0.0698585	-0.0371047
6.23376	-0.0677757	-0.0677757	-0.0359985
6.24375	-0.0657461	-0.0657461	-0.0349205
6.25374	-0.063769	-0.063769	-0.0338704
6.26373	-0.0618434	-0.0618434	-0.0328476
6.27372	-0.0599687	-0.0599687	-0.0318519
6.28371	-0.058144	-0.058144	-0.0308827
6.2937	-0.0563685	-0.0563685	-0.0299397
6.30369	-0.0546415	-0.0546415	-0.0290224
6.31368	-0.0529621	-0.0529621	-0.0281304
6.32367	-0.0513296	-0.0513296	-0.0272633
6.33366	-0.0497431	-0.0497431	-0.0264206
6.34365	-0.0482019	-0.0482019	-0.025602
6.35364	-0.0467051	-0.0467051	-0.024807
6.36363	-0.045252	-0.045252	-0.0240352
6.37362	-0.0438418	-0.0438418	-0.0232862
6.38361	-0.0424738	-0.0424738	-0.0225596
6.3936	-0.041147	-0.041147	-0.0218549
6.40359	-0.0398608	-0.0398608	-0.0211717
6.41358	-0.0386144	-0.0386144	-0.0205097
6.42357	-0.0374071	-0.0374071	-0.0198685
6.43356	-0.0362381	-0.0362381	-0.0192476
6.44355	-0.0351067	-0.0351067	-0.0186466
6.45354	-0.0340122	-0.0340122	-0.0180653
6.46353	-0.0329537	-0.0329537	-0.0175031
6.47352	-0.0319308	-0.0319308	-0.0169598
6.48351	-0.0309426	0	-0.0164349
6.4935	-0.0299884	0	-0.0159281
6.50349	-0.0290677	0	-0.0154391
6.51348	-0.0281798	0	-0.0149675
6.52347	-0.027324	0	-0.0145129
6.53346	-0.0264997	0	-0.0140751
6.54345	-0.0257064	0	-0.0136537
6.55344	-0.0249433	0	-0.0132484
6.56343	-0.02421	0	-0.0128589
6.57342	-0.0235059	0	-0.012485
6.58341	-0.0228304	0	-0.0121262
6.5934	-0.0221831	0	-0.0117824
6.60339	-0.0215633	0	-0.0114532
6.61338	-0.0209707	0	-0.0111384
6.62337	-0.0204048	0	-0.0108378
6.63336	-0.019865	0	-0.0105512
6.64335	-0.0193511	0	-0.0102782
6.65334	-0.0188625	0	-0.0100187
6.66333	-0.0183989	0	-0.00977242
6.67332	-0.0179599	0	-0.00953924
6.68331	-0.0175451	0	-0.00931896
6.6933	-0.0171543	0	-0.00911138
6.70329	-0.0167872	0	-0.00891636
6.71328	-0.0164433	0	-0.00873373
6.72327	-0.0161226	0	-0.00856337
6.73326	-0.0158247	0	-0.00840515
6.74325	-0.0155495	0	-0.00825896
6.75324	-0.0152967	0	-0.0081247
6.76323	-0.0150662	0	-0.00800228
6.77322	-0.0148579	0	-0.00789164
6.78321	-0.0146716	0	-0.00779272
6.7932	-0.0145074	0	-0.00770547
6.80319	-0.014365	0	-0.00762987
6.81318	-0.0142446	0	-0.00756592
6.82317	-0.0141461	0	-0.0075136
6.83316	-0.0140696	0	-0.00747296
6.84315	-0.0140151	0	-0.00744402
6.85314	-0.0139828	0	-0.00742684
6.86313	-0.0139727	0	-0.00742149
6.87312	-0.0139851	0	-0.00742808
6.88311	-0.0140202	0	-0.00744671
6.8931	-0.0140782	0	-0.00747751
6.90309	-0.0141594	0	-0.00752063
6.91308	-0.0142641	0	-0.00757626
6.92307	-0.0143927	0	-0.00764459
6.93306	-0.0145457	0	-0.00772583
6.94305	-0.0147234	0	-0.00782024
6.95304	-0.0149265	0	-0.00792808
6.96303	-0.0151554	0	-0.00804964
6.97302	-0.0154107	0	-0.00818525
6.98301	-0.0156931	0	-0.00833527
6.993	-0.0160034	0	-0.00850006
7.00299	-0.0163422	0	-0.00868004
7.01298	-0.0167105	0	-0.00887565
7.02297	-0.0171091	0	-0.00908737
7.03296	-0.017539	0	-0.00931572
7.04295	-0.0180013	0	-0.00956123
7.05294	-0.0184969	0	-0.00982449
7.06293	-0.0190272	0	-0.0101061
7.07292	-0.0195933	0	-0.0104068
7.08291	-0.0201967	0	-0.0107273
7.0929	-0.0208387	0	-0.0110683
7.10289	-0.0215209	0	-0.0114306
7.11288	-0.0222448	0	-0.0118152
7.12287	-0.0230123	0	-0.0122228
7.13286	-0.0238251	0	-0.0126545
7.14285	-0.0246851	0	-0.0131113
7.15284	-0.0255946	0	-0.0135943
7.16283	-0.0265555	0	-0.0141047
7.17282	-0.0275702	0	-0.0146437
7.18281	-0.0286413	0	-0.0152126
7.1928	-0.0297712	0	-0.0158127
7.20279	-0.0309627	0	-0.0164456
7.21278	-0.0322188	0	-0.0171127
7.22277	-0.0335425	0	-0.0178158
7.23276	-0.034937	0	-0.0185565
7.24275	-0.036406	0	-0.0193367
7.25274	-0.0379528	0	-0.0201583
7.26273	-0.0395816	0	-0.0210234
7.27272	-0.0412962	0	-0.0219342
7.28271	-0.0431011	0	-0.0228928
7.2927	-0.0450009	0	-0.0239018
7.30269	-0.0470003	0	-0.0249638
7.31268	-0.0491044	0	-0.0260814
7.32267	-0.0513187	0	-0.0272575
7.33266	-0.053649	0	-0.0284952
7.34265	-0.0561011	0	-0.0297976
7.35264	-0.0586816	0	-0.0311682
7.36263	-0.0613972	0	-0.0326106
7.37262	-0.064255	0	-0.0341285
7.38261	-0.0672626	0	-0.035726
7.3926	-0.0704281	0	-0.0374073
7.40259	-0.0737598	0	-0.0391769
7.41258	-0.0772668	0	-0.0410396
7.42257	-0.0809585	0	-0.0430004
7.43256	-0.0848449	0	-0.0450647
7.44255	-0.0889366	0	-0.0472379
7.45254	-0.0932449	0	-0.0495263
7.46253	-0.0977816	0	-0.0519359
7.47252	-0.102559	0	-0.0544736
7.48251	-0.107591	0	-0.0571463
7.4925	-0.112892	0	-0.0599616
7.50249	-0.118476	0	-0.0629273
7.51248	-0.124358	0	-0.0660519
7.52247	-0.130557	0	-0.0693443
7.53246	-0.137089	0	-0.0728137
7.54245	-0.143973	0	-0.0764703
7.55244	-0.15123	0	-0.0803245
7.56243	-0.158879	0	-0.0843875
7.57242	-0.166944	0	-0.0886711
7.58241	-0.175448	0	-0.0931879
7.5924	-0.184416	0	-0.0979512
7.60239	-0.193875	0	-0.102975
7.61238	-0.203852	0	-0.108274
7.62237	-0.214377	0	-0.113865
7.63236	-0.225483	0	-0.119763
7.64235	-0.237202	0	-0.125988
7.65234	-0.24957	0	-0.132557
7.66233	-0.262624	0	-0.139491
7.67232	-0.276406	0	-0.146811
7.68231	-0.290956	0	-0.154539
7.6923	-0.306319	0	-0.162699
7.70229	-0.322545	0	-0.171317
7.71228	-0.339682	0	-0.180419
7.72227	-0.357785	0	-0.190035
7.73226	-0.376911	0	-0.200193
7.74225	-0.39712	0	-0.210927
7.75224	-0.418477	0	-0.22227
7.76223	-0.441049	0	-0.234259
7.77222	-0.464909	0	-0.246932
7.78221	-0.490134	0	-0.260331
7.7922	-0.516805	0	-0.274497
7.80219	-0.54501	0	-0.289478
7.81218	-0.57484	0	-0.305322
7.82217	-0.606394	0	-0.322081
7.83216	-0.639775	0	-0.339811
7.84215	-0.675094	0	-0.358571
7.85214	-0.712468	0	-0.378422
7.86213	-0.752023	0	-0.399431
7.87212	-0.793892	0	-0.421669
7.88211	-0.838215	0	-0.445211
7.8921	-0.885143	0	-0.470136
7.90209	-0.934835	0	-0.49653
7.91208	-0.987462	0	-0.524482
7.92207	-1.0432	0	-0.554089
7.93206	-1.10225	0	-0.585453
7.94205	-1.16482	0	-0.618682
7.95204	-1.23111	0	-0.653893
7.96203	-1.30136	0	-0.691208
7.97202	-1.37582	0	-0.730758
7.98201	-1.45476	0	-0.772683
7.992	-1.53844	0	-0.817131
8.00199	-1.62718	0	-0.864262
8.01198	-1.72128	0	-0.914242
8.02197	-1.82108	0	-0.967252
8.03196	-1.92695	0	-1.02348
8.04195	-2.03926	0	-1.08314
8.05194	-2.15843	0	-1.14643
8.06193	-2.28489	0	-1.2136
8.07192	-2.41911	0	-1.28489
8.08191	-2.56157	0	-1.36056
8.0919	-2.71281	0	-1.44089
8.10189	-2.87339	0	-1.52618
8.11188	-3.0439	0	-1.61674
8.12187	-3.22499	0	-1.71293
8.13186	-3.41734	0	-1.81509
8.14185	-3.62168	0	-1.92362
8.15184	-3.83877	0	-2.03893
8.16183	-4.06945	0	-2.16146
8.17182	-4.3146	0	-2.29166
8.18181	-4.57516	0	-2.43006
8.1918	-4.85214	0	-2.57718
8.20179	-5.14661	0	-2.73358
8.21178	-5.45972	0	-2.89988
8.22177	-5.79268	0	-3.07674
8.23176	-6.14681	0	-3.26483
8.24175	-6.5235	0	-3.4649
8.25174	-6.92424	0	-3.67775
8.26173	-7.35062	0	-3.90422
8.27172	-7.80435	0	-4.14521
8.28171	-8.28723	0	-4.40169
8.2917	-8.8012	0	-4.67469
8.30169	-9.34835	0	-4.9653
8.31168	-9.93089	0	-5.27471
8.32167	-10.5512	0	-5.60418
8.33166	-11.2118	0	-5.95505
8.34165	-11.9154	0	-6.32876
8.35164	-12.6649	0	-6.72685
8.36163	-13.4634	0	-7.15096
8.37162	-14.3142	0	-7.60285
8.38161	-15.2208	0	-8.08442
8.3916	-16.1871	0	-8.59766
8.40159	-17.2171	0	-9.14474
8.41158	-18.3152	0	-9.72797
8.42157	-19.486	0	-10.3498
8.43156	-20.7344	0	-11.0129
8.44155	-22.0658	0	-11.7201
8.45154	-23.4859	0	-12.4743
8.46153	-25.0008	0	-13.279
8.47152	-26.6171	0	-14.1374
8.48151	-28.3416	0	-15.0534
8.4915	-30.182	0	-16.0309
8.50149	-32.1463	0	-17.0743
8.51148	-34.2431	0	-18.1879
8.52147	-36.4815	0	-19.3769
8.53146	-38.8715	0	-20.6463
8.54145	-41.4237	0	-22.0019
8.55144	-44.1495	0	-23.4496
8.56143	-47.0609	0	-24.996
8.57142	-50.171	0	-26.6479
8.58141	-53.4939	0	-28.4128
8.5914	-57.0445	0	-30.2987
8.60139	-60.839	0	-32.3141
8.61138	-64.8946	0	-34.4682
8.62137	-69.2297	0	-36.7708
8.63136	-73.8644	0	-39.2325
8.64135	-78.8199	0	-41.8645
8.65134	-84.119	0	-44.6791
8.66133	-89.7864	0	-47.6893
8.67132	-95.8484	0	-50.9091
8.68131	-102.333	0	-54.3535
8.6913	-109.272	0	-58.0387
8.70129	-116.696	0	-61.9819
8.71128	-124.641	0	-66.2019
8.72127	-133.144	0	-70.7185
8.73126	-142.247	0	-75.5533
8.74125	-151.992	0	-80.7294
8.75124	-162.426	0	-86.2714
8.76123	-173.6	0	-92.2062
8.77122	-185.567	0	-98.5621
8.78121	-198.384	0	-105.37
8.7912	-212.115	0	-112.663
8.80119	-226.826	0	-120.477
8.81118	-242.59	0	-128.85
8.82117	-259.483	0	-137.822
8.83116	-277.589	0	-147.439
8.84115	-296.997	0	-157.748
8.85114	-317.804	0	-168.799
8.86113	-340.113	0	-180.648
8.87112	-364.036	0	-193.355
8.88111	-389.693	0	-206.982
8.8911	-417.212	0	-221.599
8.90109	-446.733	0	-237.278
8.91108	-478.405	0	-254.101
8.92107	-512.39	0	-272.151
8.93106	-548.86	0	-291.522
8.94105	-588.002	0	-312.312
8.95104	-630.018	0	-334.629
8.96103	-675.124	0	-358.586
8.97102	-723.553	0	-384.309
8.98101	-775.556	0	-411.93
8.991	-831.406	0	-441.594
9.00099	-891.392	0	-473.455
9.01098	-955.83	0	-507.681
9.02097	-1025.06	0	-544.451
9.03096	-1099.44	0	-583.96
9.04095	-1179.38	0	-626.417
9.05094	-1265.29	0	-672.048
9.06093	-1357.63	0	-721.095
9.07092	-1456.9	0	-773.821
9.08091	-1563.63	0	-830.51
9.0909	-1678.4	0	-891.466
9.10089	-1801.82	0	-957.02
9.11088	-1934.56	0	-1027.53
9.12087	-2077.35	0	-1103.37
9.13086	-2230.96	0	-1184.96
9.14085	-2396.25	0	-1272.75
9.15084	-2574.1	0	-1367.21
9.16083	-2765.51	0	-1468.88
9.17082	-2971.54	0	-1578.31
9.18081	-3193.32	0	-1696.1
9.1908	-3432.09	0	-1822.93
9.20079	-3689.18	0	-1959.48
9.21078	-3966.04	0	-2106.53
9.22077	-4264.22	0	-2264.91
9.23076	-4585.41	0	-2435.5
9.24075	-4931.41	0	-2619.28
9.25074	-5304.19	0	-2817.28
9.26073	-5705.88	0	-3030.63
9.27072	-6138.77	0	-3260.56
9.28071	-6605.34	0	-3508.37
9.2907	-7108.27	0	-3775.5
9.30069	-7650.46	0	-4063.48
9.31068	-8235.06	0	-4373.98
9.32067	-8865.44	0	-4708.81
9.33066	-9545.29	0	-5069.9
9.34065	-10278.6	0	-5459.38
9.35064	-11069.6	0	-5879.52
9.36063	-11923	0	-6332.79
9.37062	-12843.8	0	-6821.86
9.38061	-13837.4	0	-7349.63
9.3906	-14909.8	0	-7919.23
9.40059	-16067.4	0	-8534.05
9.41058	-17316.9	0	-9197.75
9.42057	-18666.1	0	-9914.32
9.43056	-20122.8	0	-10688.1
9.44055	-21696	0	-11523.6
9.45054	-23395	0	-12426.1
9.46053	-25230.3	0	-13400.9
9.47052	-27213	0	-14454
9.48051	-29355.2	0	-15591.8
9.4905	-31670	0	-16821.2
9.50049	-34171.5	0	-18149.9
9.51048	-36875.3	0	-19586
9.52047	-39798	0	-21138.4
9.53046	-42957.6	0	-22816.6
9.54045	-46374	0	-24631.1
9.55044	-50068.2	0	-26593.3
9.56043	-54063.5	0	-28715.4
9.57042	-58384.9	0	-31010.6
9.58041	-63059.5	0	-33493.5
9.5904	-68116.9	0	-36179.7
9.60039	-73589	0	-39086.2
9.61038	-79510.6	0	-42231.4
9.62037	-85919.4	0	-45635.4
9.63036	-92856.2	0	-49319.8
9.64035	-100366	0	-53308.4
9.65034	-108496	0	-57626.6
9.66033	-117299	0	-62302.4
9.67032	-126832	0	-67365.9
9.68031	-137157	0	-72849.9
9.6903	-148341	0	-78790.1
9.70029	-160457	0	-85225.2
9.71028	-173583	0	-92197.2
9.72027	-187807	0	-99752
9.73026	-203221	0	-107939
9.74025	-219927	0	-116813
9.75024	-238036	0	-126431
9.76023	-257668	0	-136858
9.77022	-278954	0	-148164
9.78021	-302035	0	-160423
9.7902	-327066	0	-173718
9.80019	-354215	0	-188138
9.81018	-383665	0	-203780
9.82017	-415614	0	-220750
9.83016	-450279	0	-239162
9.84015	-487895	0	-259141
9.85014	-528718	0	-280824
9.86013	-573028	0	-304359
9.87012	-621126	0	-329906
9.88011	-673345	0	-357642
9.8901	-730043	0	-387756
9.90009	-791611	0	-420458
9.91008	-858477	0	-455973
9.92007	-931105	0	-494549
9.93006	-1.01e+006	0	-536454
9.94005	-1.09572e+006	0	-581980
9.95004	-1.18885e+006	0	-631447
9.96003	-1.29006e+006	0	-685202
9.97002	-1.40005e+006	0	-743624
9.98001	-1.5196e+006	0	-807126
9.99	-1.64957e+006	0	-876156
