0	0	0	0
0.00999	0.0145228	0.0145228	0.00998817
0.01998	0.0290296	0.0290296	0.0199654
0.02997	0.0435046	0.0435046	0.0299207
0.03996	0.0579318	0.0579318	0.0398431
0.04995	0.0722954	0.0722954	0.0497219
0.05994	0.0865797	0.0865797	0.059546
0.06993	0.100769	0.100769	0.0693049
0.07992	0.114848	0.114848	0.0789877
0.08991	0.128801	0.128801	0.0885838
0.0999	0.142612	0.142612	0.0980828
0.10989	0.156267	0.156267	0.107474
0.11988	0.169751	0.169751	0.116748
0.12987	0.183049	0.183049	0.125893
0.13986	0.196146	0.196146	0.134901
0.14985	0.209028	0.209028	0.143761
0.15984	0.221681	0.221681	0.152463
0.16983	0.234092	0.234092	0.160999
0.17982	0.246246	0.246246	0.169358
0.18981	0.25813	0.25813	0.177532
0.1998	0.269733	0.269733	0.185511
0.20979	0.28104	0.28104	0.193288
0.21978	0.29204	0.29204	0.200853
0.22977	0.302721	0.302721	0.208199
0.23976	0.313071	0.313071	0.215318
0.24975	0.32308	0.32308	0.222201
0.25974	0.332735	0.332735	0.228842
0.26973	0.342028	0.342028	0.235233
0.27972	0.350948	0.350948	0.241368
0.28971	0.359486	0.359486	0.24724
0.2997	0.367631	0.367631	0.252842
0.30969	0.375377	0.375377	0.258169
0.31968	0.382714	0.382714	0.263215
0.32967	0.389635	0.389635	0.267975
0.33966	0.396133	0.396133	0.272444
0.34965	0.4022	0.4022	0.276617
0.35964	0.407831	0.407831	0.28049
0.36963	0.413019	0.413019	0.284058
0.37962	0.41776	0.41776	0.287318
0.38961	0.422048	0.422048	0.290268
0.3996	0.42588	0.42588	0.292903
0.40959	0.42925	0.42925	0.295221
0.41958	0.432157	0.432157	0.29722
0.42957	0.434597	0.434597	0.298898
0.43956	0.436568	0.436568	0.300254
0.44955	0.438068	0.438068	0.301285
0.45954	0.439096	0.439096	0.301992
0.46953	0.439651	0.439651	0.302374
0.47952	0.439734	0.439734	0.302431
0.48951	0.439344	0.439344	0.302163
0.4995	0.438482	0.438482	0.30157
0.50949	0.43715	0.43715	0.300654
0.51948	0.435349	0.435349	0.299416
0.52947	0.433083	0.433083	0.297857
0.53946	0.430353	0.430353	0.295979
0.54945	0.427163	0.427163	0.293785
0.55944	0.423517	0.423517	0.291278
0.56943	0.419419	0.419419	0.288459
0.57942	0.414875	0.414875	0.285334
0.58941	0.409889	0.409889	0.281905
0.5994	0.404468	0.404468	0.278176
0.60939	0.398617	0.398617	0.274152
0.61938	0.392343	0.392343	0.269838
0.62937	0.385654	0.385654	0.265237
0.63936	0.378556	0.378556	0.260356
0.64935	0.371059	0.371059	0.255199
0.65934	0.36317	0.36317	0.249773
0.66933	0.354898	0.354898	0.244084
0.67932	0.346252	0.346252	0.238138
0.68931	0.337242	0.337242	0.231941
0.6993	0.327878	0.327878	0.225501
0.70929	0.31817	0.31817	0.218825
0.71928	0.308129	0.308129	0.211919
0.72927	0.297766	0.297766	0.204791
0.73926	0.287091	0.287091	0.19745
0.74925	0.276117	0.276117	0.189902
0.75924	0.264856	0.264856	0.182157
0.76923	0.253319	0.253319	0.174222
0.77922	0.241519	0.241519	0.166107
0.78921	0.229468	0.229468	0.157819
0.7992	0.21718	0.21718	0.149368
0.80919	0.204667	0.204667	0.140762
0.81918	0.191943	0.191943	0.132011
0.82917	0.179021	0.179021	0.123124
0.83916	0.165915	0.165915	0.11411
0.84915	0.152639	0.152639	0.104979
0.85914	0.139206	0.139206	0.09574
0.86913	0.12563	0.12563	0.0864032
0.87912	0.111926	0.111926	0.0769781
0.88911	0.0981077	0.0981077	0.0674745
0.8991	0.0841895	0.0841895	0.0579021
0.90909	0.0701856	0.0701856	0.0482708
0.91908	0.0561105	0.0561105	0.0385905
0.92907	0.0419785	0.0419785	0.0288711
0.93906	0.0278041	0.0278041	0.0191225
0.94905	0.0136016	0.0136016	0.00935462
0.95904	-0.000614638	-0.000614638	-0.000422723
0.96903	-0.0148302	-0.0148302	-0.0101996
0.97902	-0.029031	-0.029031	-0.0199663
0.98901	-0.0432026	-0.0432026	-0.029713
0.999	-0.0573311	-0.0573311	-0.03943
1.00899	-0.0714023	-0.0714023	-0.0491076
1.01898	-0.0854024	-0.0854024	-0.0587363
1.02897	-0.0993176	-0.0993176	-0.0683066
1.03896	-0.113134	-0.113134	-0.0778092
1.04895	-0.126839	-0.126839	-0.0872348
1.05894	-0.140418	-0.140418	-0.0965741
1.06893	-0.15386	-0.15386	-0.105818
1.07892	-0.167149	-0.167149	-0.114958
1.08891	-0.180275	-0.180275	-0.123986
1.0989	-0.193224	-0.193224	-0.132892
1.10889	-0.205984	-0.205984	-0.141668
1.11888	-0.218544	-0.218544	-0.150306
1.12887	-0.230891	-0.230891	-0.158797
1.13886	-0.243014	-0.243014	-0.167135
1.14885	-0.254901	-0.254901	-0.175311
1.15884	-0.266542	-0.266542	-0.183317
1.16883	-0.277927	-0.277927	-0.191147
1.17882	-0.289044	-0.289044	-0.198793
1.18881	-0.299884	-0.299884	-0.206248
1.1988	-0.310438	-0.310438	-0.213506
1.20879	-0.320695	-0.320695	-0.220561
1.21878	-0.330647	-0.330647	-0.227405
1.22877	-0.340285	-0.340285	-0.234034
1.23876	-0.3496	-0.3496	-0.240441
1.24875	-0.358586	-0.358586	-0.246621
1.25874	-0.367234	-0.367234	-0.252568
1.26873	-0.375536	-0.375536	-0.258279
1.27872	-0.383487	-0.383487	-0.263747
1.28871	-0.39108	-0.39108	-0.268969
1.2987	-0.398308	-0.398308	-0.27394
1.30869	-0.405165	-0.405165	-0.278656
1.31868	-0.411648	-0.411648	-0.283115
1.32867	-0.41775	-0.41775	-0.287311
1.33866	-0.423467	-0.423467	-0.291243
1.34865	-0.428795	-0.428795	-0.294908
1.35864	-0.43373	-0.43373	-0.298302
1.36863	-0.438269	-0.438269	-0.301424
1.37862	-0.442409	-0.442409	-0.304271
1.38861	-0.446147	-0.446147	-0.306842
1.3986	-0.449481	-0.449481	-0.309135
1.40859	-0.45241	-0.45241	-0.311149
1.41858	-0.454931	-0.454931	-0.312883
1.42857	-0.457045	-0.457045	-0.314337
1.43856	-0.45875	-0.45875	-0.31551
1.44855	-0.460046	-0.460046	-0.316401
1.45854	-0.460934	-0.460934	-0.317012
1.46853	-0.461414	-0.461414	-0.317341
1.47852	-0.461486	-0.461486	-0.317391
1.48851	-0.461152	-0.461152	-0.317162
1.4985	-0.460415	-0.460415	-0.316655
1.50849	-0.459275	-0.459275	-0.315871
1.51848	-0.457735	-0.457735	-0.314812
1.52847	-0.455798	-0.455798	-0.313479
1.53846	-0.453467	-0.453467	-0.311876
1.54845	-0.450746	-0.450746	-0.310005
1.55844	-0.447637	-0.447637	-0.307867
1.56843	-0.444146	-0.444146	-0.305466
1.57842	-0.440276	-0.440276	-0.302804
1.58841	-0.436033	-0.436033	-0.299886
1.5984	-0.43142	-0.43142	-0.296713
1.60839	-0.426444	-0.426444	-0.293291
1.61838	-0.42111	-0.42111	-0.289623
1.62837	-0.415424	-0.415424	-0.285712
1.63836	-0.409392	-0.409392	-0.281563
1.64835	-0.40302	-0.40302	-0.277181
1.65834	-0.396315	-0.396315	-0.272569
1.66833	-0.389284	-0.389284	-0.267734
1.67832	-0.381934	-0.381934	-0.262678
1.68831	-0.374271	-0.374271	-0.257409
1.6983	-0.366305	-0.366305	-0.251929
1.70829	-0.358041	-0.358041	-0.246246
1.71828	-0.349489	-0.349489	-0.240364
1.72827	-0.340657	-0.340657	-0.23429
1.73826	-0.331551	-0.331551	-0.228028
1.74825	-0.322182	-0.322182	-0.221584
1.75824	-0.312558	-0.312558	-0.214965
1.76823	-0.302687	-0.302687	-0.208176
1.77822	-0.292578	-0.292578	-0.201223
1.78821	-0.28224	-0.28224	-0.194113
1.7982	-0.271683	-0.271683	-0.186852
1.80819	-0.260915	-0.260915	-0.179447
1.81818	-0.249946	-0.249946	-0.171902
1.82817	-0.238784	-0.238784	-0.164226
1.83816	-0.227441	-0.227441	-0.156425
1.84815	-0.215924	-0.215924	-0.148504
1.85814	-0.204244	-0.204244	-0.140471
1.86813	-0.19241	-0.19241	-0.132332
1.87812	-0.180432	-0.180432	-0.124094
1.88811	-0.16832	-0.16832	-0.115763
1.8981	-0.156082	-0.156082	-0.107347
1.90809	-0.143729	-0.143729	-0.0988513
1.91808	-0.131271	-0.131271	-0.090283
1.92807	-0.118717	-0.118717	-0.0816488
1.93806	-0.106077	-0.106077	-0.0729552
1.94805	-0.0933596	-0.0933596	-0.0642089
1.95804	-0.0805753	-0.0805753	-0.0554164
1.96803	-0.0677335	-0.0677335	-0.0465843
1.97802	-0.0548434	-0.0548434	-0.0377191
1.98801	-0.0419146	-0.0419146	-0.0288272
1.998	-0.0289563	-0.0289563	-0.019915
2.00799	-0.0159777	-0.0159777	-0.0109888
2.01798	-0.00298805	-0.00298805	-0.00205506
2.02797	0.0100037	0.0100037	0.00688015
2.03796	0.0229886	0.0229886	0.0158106
2.04795	0.0359578	0.0359578	0.0247303
2.05794	0.0489026	0.0489026	0.0336332
2.06793	0.0618144	0.0618144	0.0425134
2.07792	0.0746847	0.0746847	0.0513651
2.08791	0.0875052	0.0875052	0.0601826
2.0979	0.100268	0.100268	0.0689601
2.10789	0.112964	0.112964	0.0776923
2.11788	0.125587	0.125587	0.0863736
2.12787	0.138128	0.138128	0.0949989
2.13786	0.15058	0.15058	0.103563
2.14785	0.162935	0.162935	0.11206
2.15784	0.175187	0.175187	0.120486
2.16783	0.187327	0.187327	0.128836
2.17782	0.19935	0.19935	0.137105
2.18781	0.211248	0.211248	0.145288
2.1978	0.223015	0.223015	0.153381
2.20779	0.234645	0.234645	0.16138
2.21778	0.246132	0.246132	0.16928
2.22777	0.257469	0.257469	0.177077
2.23776	0.268652	0.268652	0.184768
2.24775	0.279673	0.279673	0.192348
2.25774	0.290529	0.290529	0.199814
2.26773	0.301213	0.301213	0.207162
2.27772	0.311722	0.311722	0.21439
2.28771	0.322049	0.322049	0.221493
2.2977	0.332192	0.332192	0.228468
2.30769	0.342145	0.342145	0.235313
2.31768	0.351904	0.351904	0.242025
2.32767	0.361465	0.361465	0.248601
2.33766	0.370825	0.370825	0.255039
2.34765	0.379981	0.379981	0.261335
2.35764	0.388928	0.388928	0.267489
2.36763	0.397664	0.397664	0.273497
2.37762	0.406186	0.406186	0.279358
2.38761	0.414491	0.414491	0.28507
2.3976	0.422577	0.422577	0.290632
2.40759	0.430442	0.430442	0.296041
2.41758	0.438083	0.438083	0.301296
2.42757	0.445499	0.445499	0.306396
2.43756	0.452688	0.452688	0.311341
2.44755	0.459649	0.459649	0.316128
2.45754	0.466379	0.466379	0.320757
2.46753	0.472879	0.472879	0.325227
2.47752	0.479147	0.479147	0.329538
2.48751	0.485183	0.485183	0.333689
2.4975	0.490986	0.490986	0.33768
2.50749	0.496555	0.496555	0.34151
2.51748	0.501891	0.501891	0.34518
2.52747	0.506994	0.506994	0.34869
2.53746	0.511863	0.511863	0.352038
2.54745	0.516499	0.516499	0.355227
2.55744	0.520903	0.520903	0.358256
2.56743	0.525075	0.525075	0.361125
2.57742	0.529016	0.529016	0.363835
2.58741	0.532727	0.532727	0.366388
2.5974	0.536209	0.536209	0.368783
2.60739	0.539463	0.539463	0.371021
2.61738	0.542492	0.542492	0.373104
2.62737	0.545296	0.545296	0.375032
2.63736	0.547877	0.547877	0.376807
2.64735	0.550237	0.550237	0.37843
2.65734	0.552377	0.552377	0.379903
2.66733	0.554301	0.554301	0.381226
2.67732	0.55601	0.55601	0.382401
2.68731	0.557506	0.557506	0.38343
2.6973	0.558792	0.558792	0.384315
2.70729	0.559871	0.559871	0.385056
2.71728	0.560744	0.560744	0.385657
2.72727	0.561415	0.561415	0.386118
2.73726	0.561887	0.561887	0.386443
2.74725	0.562161	0.562161	0.386632
2.75724	0.562243	0.562243	0.386688
2.76723	0.562133	0.562133	0.386612
2.77722	0.561836	0.561836	0.386408
2.78721	0.561355	0.561355	0.386077
2.7972	0.560693	0.560693	0.385622
2.80719	0.559853	0.559853	0.385044
2.81718	0.558839	0.558839	0.384347
2.82717	0.557655	0.557655	0.383532
2.83716	0.556302	0.556302	0.382602
2.84715	0.554787	0.554787	0.38156
2.85714	0.55311	0.55311	0.380407
2.86713	0.551278	0.551278	0.379147
2.87712	0.549292	0.549292	0.377781
2.88711	0.547158	0.547158	0.376313
2.8971	0.544878	0.544878	0.374745
2.90709	0.542456	0.542456	0.373079
2.91708	0.539896	0.539896	0.371319
2.92707	0.537202	0.537202	0.369466
2.93706	0.534378	0.534378	0.367523
2.94705	0.531427	0.531427	0.365494
2.95704	0.528353	0.528353	0.36338
2.96703	0.525161	0.525161	0.361184
2.97702	0.521853	0.521853	0.358909
2.98701	0.518434	0.518434	0.356558
2.997	0.514908	0.514908	0.354133
3.00699	0.511278	0.511278	0.351636
3.01698	0.507548	0.507548	0.349071
3.02697	0.503722	0.503722	0.34644
3.03696	0.499804	0.499804	0.343745
3.04695	0.495797	0.495797	0.340989
3.05694	0.491705	0.491705	0.338175
3.06693	0.487532	0.487532	0.335305
3.07692	0.483282	0.483282	0.332382
3.08691	0.478957	0.478957	0.329407
3.0969	0.474563	0.474563	0.326385
3.10689	0.470101	0.470101	0.323317
3.11688	0.465577	0.465577	0.320205
3.12687	0.460993	0.460993	0.317052
3.13686	0.456352	0.456352	0.313861
3.14685	0.451659	0.451659	0.310633
3.15684	0.446917	0.446917	0.307371
3.16683	0.442128	0.442128	0.304078
3.17682	0.437296	0.437296	0.300755
3.18681	0.432425	0.432425	0.297404
3.1968	0.427517	0.427517	0.294029
3.20679	0.422577	0.422577	0.290631
3.21678	0.417606	0.417606	0.287212
3.22677	0.412607	0.412607	0.283775
3.23676	0.407585	0.407585	0.28032
3.24675	0.402541	0.402541	0.276852
3.25674	0.397479	0.397479	0.27337
3.26673	0.392402	0.392402	0.269878
3.27672	0.387311	0.387311	0.266377
3.28671	0.382211	0.382211	0.262869
3.2967	0.377103	0.377103	0.259356
3.30669	0.37199	0.37199	0.255839
3.31668	0.366874	0.366874	0.252321
3.32667	0.361759	0.361759	0.248803
3.33666	0.356646	0.356646	0.245286
3.34665	0.351537	0.351537	0.241773
3.35664	0.346436	0.346436	0.238265
3.36663	0.341344	0.341344	0.234763
3.37662	0.336264	0.336264	0.231269
3.38661	0.331197	0.331197	0.227784
3.3966	0.326145	0.326145	0.224309
3.40659	0.321111	0.321111	0.220847
3.41658	0.316097	0.316097	0.217398
3.42657	0.311103	0.311103	0.213964
3.43656	0.306133	0.306133	0.210546
3.44655	0.301187	0.301187	0.207145
3.45654	0.296268	0.296268	0.203761
3.46653	0.291377	0.291377	0.200397
3.47652	0.286516	0.286516	0.197054
3.48651	0.281685	0.281685	0.193732
3.4965	0.276887	0.276887	0.190432
3.50649	0.272123	0.272123	0.187155
3.51648	0.267395	0.267395	0.183903
3.52647	0.262702	0.262702	0.180676
3.53646	0.258047	0.258047	0.177475
3.54645	0.253432	0.253432	0.1743
3.55644	0.248856	0.248856	0.171153
3.56643	0.244321	0.244321	0.168034
3.57642	0.239827	0.239827	0.164944
3.58641	0.235377	0.235377	0.161883
3.5964	0.230971	0.230971	0.158852
3.60639	0.226609	0.226609	0.155852
3.61638	0.222292	0.222292	0.152884
3.62637	0.218022	0.218022	0.149947
3.63636	0.213799	0.213799	0.147042
3.64635	0.209622	0.209622	0.14417
3.65634	0.205494	0.205494	0.141331
3.66633	0.201415	0.201415	0.138525
3.67632	0.197385	0.197385	0.135753
3.68631	0.193404	0.193404	0.133015
3.6963	0.189473	0.189473	0.130312
3.70629	0.185592	0.185592	0.127643
3.71628	0.181763	0.181763	0.125009
3.72627	0.177984	0.177984	0.12241
3.73626	0.174256	0.174256	0.119846
3.74625	0.17058	0.17058	0.117318
3.75624	0.166956	0.166956	0.114826
3.76623	0.163383	0.163383	0.112368
3.77622	0.159863	0.159863	0.109947
3.78621	0.156394	0.156394	0.107562
3.7962	0.152978	0.152978	0.105212
3.80619	0.149613	0.149613	0.102898
3.81618	0.146301	0.146301	0.10062
3.82617	0.143041	0.143041	0.0983775
3.83616	0.139832	0.139832	0.0961709
3.84615	0.136676	0.136676	0.094
3.85614	0.133571	0.133571	0.0918647
3.86613	0.130518	0.130518	0.0897648
3.87612	0.127516	0.127516	0.0877004
3.88611	0.124566	0.124566	0.0856711
3.8961	0.121666	0.121666	0.083677
3.90609	0.118817	0.118817	0.0817177
3.91608	0.116019	0.116019	0.0797932
3.92607	0.113271	0.113271	0.0779032
3.93606	0.110573	0.110573	0.0760475
3.94605	0.107924	0.107924	0.0742259
3.95604	0.105325	0.105325	0.0724382
3.96603	0.102774	0.102774	0.0706841
3.97602	0.100273	0.100273	0.0689634
3.98601	0.0978188	0.0978188	0.0672758
3.996	0.0954127	0.0954127	0.065621
4.00599	0.093054	0.093054	0.0639987
4.01598	0.0907421	0.0907421	0.0624087
4.02597	0.0884767	0.0884767	0.0608507
4.03596	0.0862573	0.0862573	0.0593243
4.04595	0.0840834	0.0840834	0.0578291
4.05594	0.0819546	0.0819546	0.056365
4.06593	0.0798703	0.0798703	0.0549316
4.07592	0.0778302	0.0778302	0.0535285
4.08591	0.0758337	0.0758337	0.0521553
4.0959	0.0738803	0.0738803	0.0508118
4.10589	0.0719694	0.0719694	0.0494977
4.11588	0.0701007	0.0701007	0.0482124
4.12587	0.0682735	0.0682735	0.0469557
4.13586	0.0664874	0.0664874	0.0457273
4.14585	0.0647418	0.0647418	0.0445267
4.15584	0.0630361	0.0630361	0.0433537
4.16583	0.0613699	0.0613699	0.0422078
4.17582	0.0597427	0.0597427	0.0410886
4.18581	0.0581538	0.0581538	0.0399958
4.1958	0.0566028	0.0566028	0.0389291
4.20579	0.0550891	0.0550891	0.037888
4.21578	0.0536122	0.0536122	0.0368723
4.22577	0.0521715	0.0521715	0.0358814
4.23576	0.0507665	0.0507665	0.0349151
4.24575	0.0493967	0.0493967	0.0339731
4.25574	0.0480616	0.0480616	0.0330548
4.26573	0.0467605	0.0467605	0.03216
4.27572	0.045493	0.045493	0.0312883
4.28571	0.0442587	0.0442587	0.0304393
4.2957	0.0430568	0.0430568	0.0296127
4.30569	0.041887	0.041887	0.0288082
4.31568	0.0407487	0.0407487	0.0280253
4.32567	0.0396414	0.0396414	0.0272637
4.33566	0.0385646	0.0385646	0.0265232
4.34565	0.0375179	0.0375179	0.0258033
4.35564	0.0365006	0.0365006	0.0251037
4.36563	0.0355124	0.0355124	0.024424
4.37562	0.0345528	0.0345528	0.023764
4.38561	0.0336213	0.0336213	0.0231234
4.3956	0.0327174	0.0327174	0.0225017
4.40559	0.0318407	0.0318407	0.0218987
4.41558	0.0309907	0.0309907	0.0213141
4.42557	0.0301669	0.0301669	0.0207476
4.43556	0.0293691	0.0293691	0.0201989
4.44555	0.0285966	0.0285966	0.0196676
4.45554	0.0278492	0.0278492	0.0191536
4.46553	0.0271264	0.0271264	0.0186564
4.47552	0.0264278	0.0264278	0.0181759
4.48551	0.025753	0.025753	0.0177118
4.4955	0.0251016	0.0251016	0.0172639
4.50549	0.0244733	0.0244733	0.0168318
4.51548	0.0238678	0.0238678	0.0164153
4.52547	0.0232846	0.0232846	0.0160142
4.53546	0.0227234	0.0227234	0.0156282
4.54545	0.022184	0.022184	0.0152572
4.55544	0.0216659	0.0216659	0.0149009
4.56543	0.0211689	0.0211689	0.0145591
4.57542	0.0206928	0.0206928	0.0142316
4.58541	0.0202371	0.0202371	0.0139183
4.5954	0.0198017	0.0198017	0.0136188
4.60539	0.0193863	0.0193863	0.0133331
4.61538	0.0189906	0.0189906	0.013061
4.62537	0.0186145	0.0186145	0.0128023
4.63536	0.0182577	0.0182577	0.0125569
4.64535	0.01792	0.01792	0.0123246
4.65534	0.0176012	0.0176012	0.0121054
4.66533	0.0173012	0.0173012	0.011899
4.67532	0.0170197	0.0170197	0.0117055
4.68531	0.0167567	0.0167567	0.0115246
4.6953	0.0165121	0.0165121	0.0113563
4.70529	0.0162856	0.0162856	0.0112006
4.71528	0.0160772	0.0160772	0.0110573
4.72527	0.0158869	0.0158869	0.0109264
4.73526	0.0157145	0.0157145	0.0108078
4.74525	0.0155601	0.0155601	0.0107016
4.75524	0.0154235	0.0154235	0.0106077
4.76523	0.0153048	0.0153048	0.010526
4.77522	0.015204	0.015204	0.0104567
4.78521	0.0151211	0.0151211	0.0103997
4.7952	0.0150562	0.0150562	0.010355
4.80519	0.0150093	0.0150093	0.0103228
4.81518	0.0149805	0.0149805	0.010303
4.82517	0.0149699	0.0149699	0.0102957
4.83516	0.0149777	0	0.010301
4.84515	0.015004	0	0.0103191
4.85514	0.0150489	0	0.01035
4.86513	0.0151128	0	0.010394
4.87512	0.0151957	0	0.010451
4.88511	0.0152981	0	0.0105214
4.8951	0.0154201	0	0.0106053
4.90509	0.015562	0	0.0107029
4.91508	0.0157242	0	0.0108145
4.92507	0.0159071	0	0.0109402
4.93506	0.016111	0	0.0110805
4.94505	0.0163364	0	0.0112355
4.95504	0.0165837	0	0.0114056
4.96503	0.0168534	0	0.0115911
4.97502	0.0171462	0	0.0117924
4.98501	0.0174624	0	0.01201
4.995	0.0178028	0	0.0122441
5.00499	0.018168	0	0.0124952
5.01498	0.0185587	0	0.0127639
5.02497	0.0189756	0	0.0130507
5.03496	0.0194195	0	0.0133559
5.04495	0.0198912	0	0.0136804
5.05494	0.0203916	0	0.0140245
5.06493	0.0209216	0	0.014389
5.07492	0.0214822	0	0.0147746
5.08491	0.0220745	0	0.0151819
5.0949	0.0226995	0	0.0156118
5.10489	0.0233584	0	0.0160649
5.11488	0.0240524	0	0.0165422
5.12487	0.0247828	0	0.0170446
5.13486	0.0255509	0	0.0175729
5.14485	0.0263583	0	0.0181282
5.15484	0.0272064	0	0.0187114
5.16483	0.0280967	0	0.0193238
5.17482	0.029031	0	0.0199664
5.18481	0.0300111	0	0.0206404
5.1948	0.0310387	0	0.0213472
5.20479	0.0321158	0	0.022088
5.21478	0.0332446	0	0.0228643
5.22477	0.0344271	0	0.0236775
5.23476	0.0356655	0	0.0245293
5.24475	0.0369624	0	0.0254213
5.25474	0.0383202	0	0.0263551
5.26473	0.0397415	0	0.0273326
5.27472	0.0412292	0	0.0283558
5.28471	0.0427861	0	0.0294265
5.2947	0.0444153	0	0.030547
5.30469	0.04612	0	0.0317195
5.31468	0.0479036	0	0.0329462
5.32467	0.0497697	0	0.0342296
5.33466	0.051722	0	0.0355723
5.34465	0.0537644	0	0.036977
5.35464	0.0559011	0	0.0384465
5.36463	0.0581365	0	0.0399839
5.37462	0.060475	0	0.0415922
5.38461	0.0629214	0	0.0432748
5.3946	0.0654809	0	0.0450351
5.40459	0.0681588	0	0.0468768
5.41458	0.0709605	0	0.0488037
5.42457	0.073892	0	0.0508199
5.43456	0.0769593	0	0.0529295
5.44455	0.0801691	0	0.0551371
5.45454	0.0835281	0	0.0574472
5.46453	0.0870434	0	0.0598649
5.47452	0.0907226	0	0.0623953
5.48451	0.0945736	0	0.0650439
5.4945	0.0986048	0	0.0678164
5.50449	0.102825	0	0.0707187
5.51448	0.107243	0	0.0737573
5.52447	0.111869	0	0.0769388
5.53446	0.116713	0	0.0802703
5.54445	0.121785	0	0.083759
5.55444	0.127098	0	0.0874128
5.56443	0.132662	0	0.0912398
5.57442	0.138491	0	0.0952486
5.58441	0.144598	0	0.0994483
5.5944	0.150995	0	0.103848
5.60439	0.157699	0	0.108459
5.61438	0.164724	0	0.11329
5.62437	0.172086	0	0.118354
5.63436	0.179803	0	0.123661
5.64435	0.187892	0	0.129225
5.65434	0.196373	0	0.135057
5.66433	0.205264	0	0.141172
5.67432	0.214588	0	0.147585
5.68431	0.224366	0	0.15431
5.6943	0.234621	0	0.161363
5.70429	0.245377	0	0.168761
5.71428	0.256662	0	0.176522
5.72427	0.268501	0	0.184664
5.73426	0.280924	0	0.193208
5.74425	0.29396	0	0.202174
5.75424	0.307641	0	0.211583
5.76423	0.322002	0	0.22146
5.77422	0.337077	0	0.231828
5.78421	0.352904	0	0.242713
5.7942	0.369523	0	0.254143
5.80419	0.386973	0	0.266145
5.81418	0.405301	0	0.278749
5.82417	0.424551	0	0.291989
5.83416	0.444772	0	0.305896
5.84415	0.466016	0	0.320507
5.85414	0.488338	0	0.335859
5.86413	0.511793	0	0.351991
5.87412	0.536444	0	0.368944
5.88411	0.562354	0	0.386764
5.8941	0.589589	0	0.405495
5.90409	0.618222	0	0.425188
5.91408	0.648327	0	0.445893
5.92407	0.679984	0	0.467666
5.93406	0.713277	0	0.490563
5.94405	0.748294	0	0.514646
5.95404	0.785128	0	0.539979
5.96403	0.823879	0	0.56663
5.97402	0.86465	0	0.594671
5.98401	0.907553	0	0.624178
5.994	0.952703	0	0.65523
6.00399	1.00022	0	0.687913
6.01398	1.05025	0	0.722316
6.02397	1.10291	0	0.758534
6.03396	1.15835	0	0.796667
6.04395	1.21673	0	0.83682
6.05394	1.27822	0	0.879107
6.06393	1.34298	0	0.923644
6.07392	1.41119	0	0.970557
6.08391	1.48305	0	1.01998
6.0939	1.55876	0	1.07205
6.10389	1.63854	0	1.12692
6.11388	1.72261	0	1.18474
6.12387	1.81122	0	1.24568
6.13386	1.90462	0	1.30992
6.14385	2.00308	0	1.37764
6.15384	2.1069	0	1.44904
6.16383	2.21636	0	1.52432
6.17382	2.33179	0	1.60371
6.18381	2.45354	0	1.68745
6.1938	2.58196	0	1.77577
6.20379	2.71744	0	1.86894
6.21378	2.86037	0	1.96724
6.22377	3.01118	0	2.07097
6.23376	3.17033	0	2.18042
6.24375	3.3383	0	2.29595
6.25374	3.51559	0	2.41788
6.26373	3.70275	0	2.5466
6.27372	3.90035	0	2.6825
6.28371	4.10899	0	2.826
6.2937	4.32931	0	2.97753
6.30369	4.562	0	3.13756
6.31368	4.80778	0	3.3066
6.32367	5.06741	0	3.48516
6.33366	5.3417	0	3.67381
6.34365	5.63153	0	3.87313
6.35364	5.93779	0	4.08377
6.36363	6.26146	0	4.30638
6.37362	6.60356	0	4.54166
6.38361	6.9652	0	4.79038
6.3936	7.34752	0	5.05333
6.40359	7.75176	0	5.33135
6.41358	8.17922	0	5.62534
6.42357	8.63129	0	5.93625
6.43356	9.10943	0	6.26509
6.44355	9.61521	0	6.61295
6.45354	10.1503	0	6.98095
6.46353	10.7164	0	7.37031
6.47352	11.3155	0	7.78232
6.48351	11.9494	0	8.21834
6.4935	12.6204	0	8.67982
6.50349	13.3307	0	9.16831
6.51348	14.0826	0	9.68545
6.52347	14.8787	0	10.233
6.53346	15.7217	0	10.8127
6.54345	16.6144	0	11.4267
6.55344	17.5598	0	12.0769
6.56343	18.5613	0	12.7657
6.57342	19.6222	0	13.4954
6.58341	20.7462	0	14.2684
6.5934	21.9372	0	15.0875
6.60339	23.1994	0	15.9556
6.61338	24.537	0	16.8755
6.62337	25.9548	0	17.8507
6.63336	27.4578	0	18.8844
6.64335	29.0513	0	19.9803
6.65334	30.7408	0	21.1423
6.66333	32.5325	0	22.3745
6.67332	34.4326	0	23.6813
6.68331	36.448	0	25.0674
6.6933	38.5859	0	26.5378
6.70329	40.854	0	28.0977
6.71328	43.2605	0	29.7528
6.72327	45.8142	0	31.5091
6.73326	48.5243	0	33.373
6.74325	51.4007	0	35.3513
6.75324	54.454	0	37.4513
6.76323	57.6955	0	39.6806
6.77322	61.137	0	42.0476
6.78321	64.7915	0	44.5609
6.7932	68.6724	0	47.2301
6.80319	72.7943	0	50.0649
6.81318	77.1726	0	53.0762
6.82317	81.8238	0	56.2751
6.83316	86.7654	0	59.6737
6.84315	92.0162	0	63.285
6.85314	97.5962	0	67.1227
6.86313	103.527	0	71.2014
6.87312	109.83	0	75.5367
6.88311	116.531	0	80.1453
6.8931	123.655	0	85.045
6.90309	131.23	0	90.2547
6.91308	139.285	0	95.7947
6.92307	147.852	0	101.687
6.93306	156.964	0	107.953
6.94305	166.656	0	114.619
6.95304	176.968	0	121.711
6.96303	187.94	0	129.257
6.97302	199.615	0	137.287
6.98301	212.039	0	145.832
6.993	225.263	0	154.927
7.00299	239.34	0	164.608
7.01298	254.325	0	174.915
7.02297	270.28	0	185.888
7.03296	287.269	0	197.572
7.04295	305.361	0	210.015
7.05294	324.63	0	223.268
7.06293	345.155	0	237.384
7.07292	367.02	0	252.421
7.08291	390.315	0	268.443
7.0929	415.136	0	285.513
7.10289	441.586	0	303.705
7.11288	469.776	0	323.093
7.12287	499.822	0	343.757
7.13286	531.852	0	365.786
7.14285	565.998	0	389.271
7.15284	602.407	0	414.311
7.16283	641.231	0	441.012
7.17282	682.635	0	469.489
7.18281	726.796	0	499.861
7.1928	773.903	0	532.259
7.20279	824.157	0	566.822
7.21278	877.775	0	603.698
7.22277	934.988	0	643.047
7.23276	996.044	0	685.039
7.24275	1061.21	0	729.856
7.25274	1130.77	0	777.695
7.26273	1205.02	0	828.764
7.27272	1284.3	0	883.287
7.28271	1368.94	0	941.504
7.2927	1459.34	0	1003.67
7.30269	1555.88	0	1070.07
7.31268	1658.99	0	1140.99
7.32267	1769.14	0	1216.74
7.33266	1886.82	0	1297.68
7.34265	2012.56	0	1384.16
7.35264	2146.92	0	1476.56
7.36263	2290.51	0	1575.32
7.37262	2443.98	0	1680.87
7.38261	2608.03	0	1793.69
7.3926	2783.4	0	1914.31
7.40259	2970.91	0	2043.27
7.41258	3171.41	0	2181.17
7.42257	3385.82	0	2328.63
7.43256	3615.14	0	2486.35
7.44255	3860.43	0	2655.05
7.45254	4122.83	0	2835.52
7.46253	4403.57	0	3028.59
7.47252	4703.95	0	3235.19
7.48251	5025.39	0	3456.26
7.4925	5369.4	0	3692.86
7.50249	5737.62	0	3946.1
7.51248	6131.77	0	4217.18
7.52247	6553.74	0	4507.4
7.53246	7005.55	0	4818.13
7.54245	7489.34	0	5150.86
7.55244	8007.45	0	5507.2
7.56243	8562.36	0	5888.85
7.57242	9156.77	0	6297.65
7.58241	9793.54	0	6735.6
7.5924	10475.8	0	7204.81
7.60239	11206.8	0	7707.58
7.61238	11990.2	0	8246.36
7.62237	12829.8	0	8823.79
7.63236	13729.7	0	9442.72
7.64235	14694.4	0	10106.2
7.65234	15728.6	0	10817.5
7.66233	16837.6	0	11580.2
7.67232	18026.7	0	12398
7.68231	19302	0	13275.1
7.6923	20669.9	0	14215.9
7.70229	22137.1	0	15225
7.71228	23711.2	0	16307.6
7.72227	25400	0	17469.1
7.73226	27212.2	0	18715.4
7.74225	29156.9	0	20053
7.75224	31244.1	0	21488.5
7.76223	33484.5	0	23029.3
7.77222	35889.6	0	24683.4
7.78221	38471.7	0	26459.2
7.7922	41244.1	0	28366
7.80219	44221.4	0	30413.7
7.81218	47418.8	0	32612.7
7.82217	50853.1	0	34974.7
7.83216	54542.2	0	37511.9
7.84215	58505.5	0	40237.7
7.85214	62763.8	0	43166.4
7.86213	67339.6	0	46313.4
7.87212	72257	0	49695.4
7.88211	77542.1	0	53330.3
7.8921	83223.1	0	57237.4
7.90209	89330.2	0	61437.7
7.91208	95896.2	0	65953.5
7.92207	102956	0	70809.1
7.93206	110548	0	76030.7
7.94205	118714	0	81646.4
7.95204	127496	0	87686.6
7.96203	136944	0	94184.2
7.97202	147107	0	101175
7.98201	158043	0	108696
7.992	169811	0	116789
8.00199	182475	0	125499
8.01198	196105	0	134873
8.02197	210777	0	144964
8.03196	226572	0	155827
8.04195	243577	0	167523
8.05194	261888	0	180116
8.06193	281606	0	193678
8.07192	302843	0	208283
8.08191	325718	0	224015
8.0919	350358	0	240962
8.10189	376905	0	259220
8.11188	405508	0	278892
8.12187	436330	0	300090
8.13186	469547	0	322935
8.14185	505348	0	347558
8.15184	543940	0	374100
8.16183	585543	0	402713
8.17182	630398	0	433562
8.18181	678763	0	466826
8.1918	730921	0	502698
8.20179	787173	0	541385
8.21178	847848	0	583115
8.22177	913300	0	628131
8.23176	983914	0	676696
8.24175	1.0601e+006	0	729097
8.25174	1.14232e+006	0	785642
8.26173	1.23105e+006	0	846666
8.27172	1.32682e+006	0	912530
8.28171	1.43019e+006	0	983627
8.2917	1.54179e+006	0	1.06038e+006
8.30169	1.66228e+006	0	1.14325e+006
8.31168	1.79238e+006	0	1.23273e+006
8.32167	1.93288e+006	0	1.32935e+006
8.33166	2.08462e+006	0	1.43372e+006
8.34165	2.24852e+006	0	1.54644e+006
8.35164	2.42557e+006	0	1.66821e+006
8.36163	2.61686e+006	0	1.79977e+006
8.37162	2.82353e+006	0	1.94191e+006
8.38161	3.04687e+006	0	2.09551e+006
8.3916	3.28823e+006	0	2.26151e+006
8.40159	3.54911e+006	0	2.44093e+006
8.41158	3.8311e+006	0	2.63487e+006
8.42157	4.13595e+006	0	2.84454e+006
8.43156	4.46554e+006	0	3.07122e+006
8.44155	4.82194e+006	0	3.31633e+006
8.45154	5.20734e+006	0	3.5814e+006
8.46153	5.62417e+006	0	3.86808e+006
8.47152	6.07503e+006	0	4.17816e+006
8.48151	6.56276e+006	0	4.5136e+006
8.4915	7.09041e+006	0	4.8765e+006
8.50149	7.66133e+006	0	5.26915e+006
8.51148	8.27913e+006	0	5.69405e+006
8.52147	8.94773e+006	0	6.15388e+006
8.53146	9.67137e+006	0	6.65158e+006
8.54145	1.04547e+007	0	7.19031e+006
8.55144	1.13027e+007	0	7.77353e+006
8.56143	1.22208e+007	0	8.40497e+006
8.57142	1.32149e+007	0	9.0887e+006
8.58141	1.42915e+007	0	9.82913e+006
8.5914	1.54575e+007	0	1.0631e+007
8.60139	1.67204e+007	0	1.14996e+007
8.61138	1.80885e+007	0	1.24405e+007
8.62137	1.95707e+007	0	1.34599e+007
8.63136	2.11766e+007	0	1.45644e+007
8.64135	2.29168e+007	0	1.57612e+007
8.65134	2.48027e+007	0	1.70583e+007
8.66133	2.68467e+007	0	1.84641e+007
8.67132	2.90624e+007	0	1.99879e+007
8.68131	3.14644e+007	0	2.16399e+007
8.6913	3.40686e+007	0	2.3431e+007
8.70129	3.68923e+007	0	2.5373e+007
8.71128	3.99545e+007	0	2.74791e+007
8.72127	4.32755e+007	0	2.97632e+007
8.73126	4.68777e+007	0	3.22406e+007
8.74125	5.07853e+007	0	3.49281e+007
8.75124	5.50246e+007	0	3.78437e+007
8.76123	5.96243e+007	0	4.10071e+007
8.77122	6.46154e+007	0	4.44399e+007
8.78121	7.00321e+007	0	4.81652e+007
8.7912	7.5911e+007	0	5.22085e+007
8.80119	8.22925e+007	0	5.65974e+007
8.81118	8.922e+007	0	6.13619e+007
8.82117	9.67413e+007	0	6.65348e+007
8.83116	1.04908e+008	0	7.21515e+007
8.84115	1.13777e+008	0	7.82509e+007
8.85114	1.23408e+008	0	8.48752e+007
8.86113	1.3387e+008	0	9.20703e+007
8.87112	1.45234e+008	0	9.98861e+007
8.88111	1.5758e+008	0	1.08377e+008
8.8911	1.70994e+008	0	1.17603e+008
8.90109	1.8557e+008	0	1.27628e+008
8.91108	2.01411e+008	0	1.38522e+008
8.92107	2.18627e+008	0	1.50363e+008
8.93106	2.37341e+008	0	1.63234e+008
8.94105	2.57685e+008	0	1.77225e+008
8.95104	2.79802e+008	0	1.92437e+008
8.96103	3.03851e+008	0	2.08977e+008
8.97102	3.30003e+008	0	2.26963e+008
8.98101	3.58445e+008	0	2.46524e+008
8.991	3.8938e+008	0	2.67799e+008
9.00099	4.2303e+008	0	2.90943e+008
9.01098	4.59639e+008	0	3.16121e+008
9.02097	4.99469e+008	0	3.43515e+008
9.03096	5.4281e+008	0	3.73323e+008
9.04095	5.89976e+008	0	4.05761e+008
9.05094	6.41309e+008	0	4.41066e+008
9.06093	6.97185e+008	0	4.79495e+008
9.07092	7.5801e+008	0	5.21329e+008
9.08091	8.24232e+008	0	5.66873e+008
9.0909	8.96335e+008	0	6.16463e+008
9.10089	9.74852e+008	0	6.70464e+008
9.11088	1.06036e+009	0	7.29273e+008
9.12087	1.1535e+009	0	7.93327e+008
9.13086	1.25495e+009	0	8.63101e+008
9.14085	1.36547e+009	0	9.39112e+008
9.15084	1.48588e+009	0	1.02193e+009
9.16083	1.61709e+009	0	1.11217e+009
9.17082	1.76007e+009	0	1.21051e+009
9.18081	1.9159e+009	0	1.31768e+009
9.1908	2.08576e+009	0	1.4345e+009
9.20079	2.27092e+009	0	1.56185e+009
9.21078	2.47278e+009	0	1.70068e+009
9.22077	2.69288e+009	0	1.85205e+009
9.23076	2.93288e+009	0	2.01712e+009
9.24075	3.19462e+009	0	2.19713e+009
9.25074	3.48009e+009	0	2.39347e+009
9.26073	3.79148e+009	0	2.60763e+009
9.27072	4.13118e+009	0	2.84126e+009
9.28071	4.5018e+009	0	3.09616e+009
9.2907	4.9062e+009	0	3.37428e+009
9.30069	5.3475e+009	0	3.67779e+009
9.31068	5.82912e+009	0	4.00903e+009
9.32067	6.3548e+009	0	4.37057e+009
9.33066	6.92864e+009	0	4.76523e+009
9.34065	7.5551e+009	0	5.19609e+009
9.35064	8.2391e+009	0	5.66652e+009
9.36063	8.98599e+009	0	6.1802e+009
9.37062	9.80163e+009	0	6.74117e+009
9.38061	1.06925e+010	0	7.35385e+009
9.3906	1.16655e+010	0	8.02307e+009
9.40059	1.27285e+010	0	8.75414e+009
9.41058	1.38898e+010	0	9.55286e+009
9.42057	1.51587e+010	0	1.04256e+010
9.43056	1.65454e+010	0	1.13792e+010
9.44055	1.80607e+010	0	1.24214e+010
9.45054	1.97171e+010	0	1.35606e+010
9.46053	2.15276e+010	0	1.48058e+010
9.47052	2.35069e+010	0	1.61671e+010
9.48051	2.56709e+010	0	1.76554e+010
9.4905	2.80371e+010	0	1.92828e+010
9.50049	3.06248e+010	0	2.10625e+010
9.51048	3.34549e+010	0	2.30089e+010
9.52047	3.65504e+010	0	2.51379e+010
9.53046	3.99366e+010	0	2.74668e+010
9.54045	4.36413e+010	0	3.00147e+010
9.55044	4.76947e+010	0	3.28025e+010
9.56043	5.21301e+010	0	3.5853e+010
9.57042	5.69842e+010	0	3.91914e+010
9.58041	6.22969e+010	0	4.28453e+010
9.5904	6.81123e+010	0	4.68449e+010
9.60039	7.44785e+010	0	5.12233e+010
9.61038	8.14484e+010	0	5.60169e+010
9.62037	8.90802e+010	0	6.12657e+010
9.63036	9.74374e+010	0	6.70135e+010
9.64035	1.0659e+011	0	7.33084e+010
9.65034	1.16615e+011	0	8.02032e+010
9.66033	1.27597e+011	0	8.77559e+010
9.67032	1.39627e+011	0	9.603e+010
9.68031	1.52809e+011	0	1.05096e+011
9.6903	1.67252e+011	0	1.15029e+011
9.70029	1.8308e+011	0	1.25915e+011
9.71028	2.00428e+011	0	1.37846e+011
9.72027	2.19443e+011	0	1.50924e+011
9.73026	2.40288e+011	0	1.6526e+011
9.74025	2.63141e+011	0	1.80977e+011
9.75024	2.88198e+011	0	1.98211e+011
9.76023	3.15674e+011	0	2.17108e+011
9.77022	3.45808e+011	0	2.37833e+011
9.78021	3.78858e+011	0	2.60563e+011
9.7902	4.15112e+011	0	2.85497e+011
9.80019	4.54883e+011	0	3.1285e+011
9.81018	4.98518e+011	0	3.4286e+011
9.82017	5.46397e+011	0	3.75789e+011
9.83016	5.98938e+011	0	4.11925e+011
9.84015	6.56601e+011	0	4.51584e+011
9.85014	7.19894e+011	0	4.95114e+011
9.86013	7.89371e+011	0	5.42897e+011
9.87012	8.65646e+011	0	5.95356e+011
9.88011	9.49393e+011	0	6.52954e+011
9.8901	1.04135e+012	0	7.162e+011
9.90009	1.14234e+012	0	7.85656e+011
9.91008	1.25326e+012	0	8.6194e+011
9.92007	1.37509e+012	0	9.45732e+011
9.93006	1.50893e+012	0	1.03778e+012
9.94005	1.65597e+012	0	1.13891e+012
9.95004	1.81753e+012	0	1.25002e+012
9.96003	1.99507e+012	0	1.37213e+012
9.97002	2.19018e+012	0	1.50632e+012
9.98001	2.40463e+012	0	1.65381e+012
9.99	2.64036e+012	0	1.81594e+012
