0	0	0	0
0.00999	0.019903	0.019903	0.00998352
0.01998	0.0397285	0.0397285	0.0199282
0.02997	0.0593994	0.0593994	0.0297953
0.03996	0.0788392	0.0788392	0.0395465
0.04995	0.0979723	0.0979723	0.0491439
0.05994	0.116724	0.116724	0.05855
0.06993	0.135022	0.135022	0.0677284
0.07992	0.152795	0.152795	0.0766433
0.08991	0.169973	0.169973	0.08526
0.0999	0.18649	0.18649	0.093545
0.10989	0.202281	0.202281	0.101466
0.11988	0.217286	0.217286	0.108993
0.12987	0.231445	0.231445	0.116095
0.13986	0.244705	0.244705	0.122746
0.14985	0.257013	0.257013	0.12892
0.15984	0.268321	0.268321	0.134592
0.16983	0.278586	0.278586	0.139742
0.17982	0.287768	0.287768	0.144347
0.18981	0.295831	0.295831	0.148392
0.1998	0.302744	0.302744	0.15186
0.20979	0.308481	0.308481	0.154737
0.21978	0.313018	0.313018	0.157013
0.22977	0.31634	0.31634	0.158679
0.23976	0.318432	0.318432	0.159728
0.24975	0.319286	0.319286	0.160157
0.25974	0.318901	0.318901	0.159964
0.26973	0.317277	0.317277	0.159149
0.27972	0.314421	0.314421	0.157717
0.28971	0.310343	0.310343	0.155671
0.2997	0.305061	0.305061	0.153022
0.30969	0.298595	0.298595	0.149778
0.31968	0.29097	0.29097	0.145953
0.32967	0.282215	0.282215	0.141562
0.33966	0.272366	0.272366	0.136621
0.34965	0.26146	0.26146	0.131151
0.35964	0.24954	0.24954	0.125172
0.36963	0.236652	0.236652	0.118707
0.37962	0.222846	0.222846	0.111782
0.38961	0.208177	0.208177	0.104424
0.3996	0.192701	0.192701	0.0966608
0.40959	0.176478	0.176478	0.0885233
0.41958	0.159572	0.159572	0.0800428
0.42957	0.142047	0.142047	0.0712523
0.43956	0.123973	0.123973	0.0621858
0.44955	0.105418	0.105418	0.0528786
0.45954	0.0864552	0.0864552	0.0433668
0.46953	0.0671579	0.0671579	0.0336871
0.47952	0.0476009	0.0476009	0.0238771
0.48951	0.0278597	0.0278597	0.0139747
0.4995	0.00801071	0.00801071	0.00401825
0.50949	-0.0118692	-0.0118692	-0.00595371
0.51948	-0.0317032	-0.0317032	-0.0159027
0.52947	-0.0514148	-0.0514148	-0.0257902
0.53946	-0.0709277	-0.0709277	-0.035578
0.54945	-0.0901667	-0.0901667	-0.0452285
0.55944	-0.109058	-0.109058	-0.0547044
0.56943	-0.127528	-0.127528	-0.0639691
0.57942	-0.145506	-0.145506	-0.072987
0.58941	-0.162922	-0.162922	-0.0817234
0.5994	-0.179711	-0.179711	-0.0901447
0.60939	-0.195806	-0.195806	-0.0982184
0.61938	-0.211147	-0.211147	-0.105914
0.62937	-0.225675	-0.225675	-0.113201
0.63936	-0.239333	-0.239333	-0.120052
0.64935	-0.25207	-0.25207	-0.126441
0.65934	-0.263837	-0.263837	-0.132343
0.66933	-0.274589	-0.274589	-0.137736
0.67932	-0.284284	-0.284284	-0.1426
0.68931	-0.292887	-0.292887	-0.146915
0.6993	-0.300364	-0.300364	-0.150665
0.70929	-0.306686	-0.306686	-0.153837
0.71928	-0.311831	-0.311831	-0.156418
0.72927	-0.315779	-0.315779	-0.158398
0.73926	-0.318515	-0.318515	-0.15977
0.74925	-0.320029	-0.320029	-0.16053
0.75924	-0.320315	-0.320315	-0.160673
0.76923	-0.319374	-0.319374	-0.160201
0.77922	-0.317209	-0.317209	-0.159115
0.78921	-0.313829	-0.313829	-0.15742
0.7992	-0.309247	-0.309247	-0.155122
0.80919	-0.303482	-0.303482	-0.15223
0.81918	-0.296556	-0.296556	-0.148755
0.82917	-0.288496	-0.288496	-0.144712
0.83916	-0.279333	-0.279333	-0.140116
0.84915	-0.269103	-0.269103	-0.134985
0.85914	-0.257845	-0.257845	-0.129338
0.86913	-0.245603	-0.245603	-0.123197
0.87912	-0.232424	-0.232424	-0.116586
0.88911	-0.218358	-0.218358	-0.109531
0.8991	-0.20346	-0.20346	-0.102058
0.90909	-0.187787	-0.187787	-0.0941958
0.91908	-0.171398	-0.171398	-0.0859752
0.92907	-0.154358	-0.154358	-0.0774273
0.93906	-0.136729	-0.136729	-0.0685848
0.94905	-0.118581	-0.118581	-0.0594815
0.95904	-0.0999824	-0.0999824	-0.0501522
0.96903	-0.0810037	-0.0810037	-0.0406322
0.97902	-0.0617173	-0.0617173	-0.030958
0.98901	-0.0421968	-0.0421968	-0.0211663
0.999	-0.0225161	-0.0225161	-0.0112943
1.00899	-0.00275012	-0.00275012	-0.00137949
1.01898	0.0170263	0.0170263	0.00854057
1.02897	0.0367383	0.0367383	0.0184283
1.03896	0.0563112	0.0563112	0.0282462
1.04895	0.0756711	0.0756711	0.0379574
1.05894	0.0947448	0.0947448	0.0475249
1.06893	0.113461	0.113461	0.0569129
1.07892	0.131748	0.131748	0.066086
1.08891	0.149538	0.149538	0.0750096
1.0989	0.166763	0.166763	0.0836502
1.10889	0.18336	0.18336	0.0919754
1.11888	0.199266	0.199266	0.099954
1.12887	0.214422	0.214422	0.107556
1.13886	0.228771	0.228771	0.114754
1.14885	0.242259	0.242259	0.121519
1.15884	0.254836	0.254836	0.127828
1.16883	0.266456	0.266456	0.133657
1.17882	0.277076	0.277076	0.138984
1.18881	0.286655	0.286655	0.143789
1.1988	0.29516	0.29516	0.148055
1.20879	0.302559	0.302559	0.151767
1.21878	0.308825	0.308825	0.15491
1.22877	0.313935	0.313935	0.157473
1.23876	0.317871	0.317871	0.159447
1.24875	0.320618	0.320618	0.160825
1.25874	0.322168	0.322168	0.161603
1.26873	0.322515	0.322515	0.161777
1.27872	0.32166	0.32166	0.161348
1.28871	0.319605	0.319605	0.160317
1.2987	0.316359	0.316359	0.158689
1.30869	0.311936	0.311936	0.15647
1.31868	0.306353	0.306353	0.15367
1.32867	0.29963	0.29963	0.150298
1.33866	0.291795	0.291795	0.146367
1.34865	0.282876	0.282876	0.141893
1.35864	0.272908	0.272908	0.136893
1.36863	0.261929	0.261929	0.131386
1.37862	0.249979	0.249979	0.125392
1.38861	0.237104	0.237104	0.118934
1.3986	0.223352	0.223352	0.112035
1.40859	0.208774	0.208774	0.104723
1.41858	0.193426	0.193426	0.0970244
1.42857	0.177364	0.177364	0.0889674
1.43856	0.160647	0.160647	0.0805824
1.44855	0.143339	0.143339	0.0719004
1.45854	0.125503	0.125503	0.0629538
1.46853	0.107206	0.107206	0.0537755
1.47852	0.0885143	0.0885143	0.0443996
1.48851	0.0694975	0.0694975	0.0348607
1.4985	0.0502258	0.0502258	0.0251937
1.50849	0.0307698	0.0307698	0.0154344
1.51848	0.0112011	0.0112011	0.00561856
1.52847	-0.00840869	-0.00840869	-0.00421788
1.53846	-0.0279877	-0.0279877	-0.0140389
1.54845	-0.0474644	-0.0474644	-0.0238086
1.55844	-0.0667678	-0.0667678	-0.0334914
1.56843	-0.0858276	-0.0858276	-0.043052
1.57842	-0.104575	-0.104575	-0.0524556
1.58841	-0.122941	-0.122941	-0.0616682
1.5984	-0.140859	-0.140859	-0.0706564
1.60839	-0.158266	-0.158266	-0.0793876
1.61838	-0.175097	-0.175097	-0.0878305
1.62837	-0.191293	-0.191293	-0.0959545
1.63836	-0.206795	-0.206795	-0.103731
1.64835	-0.221549	-0.221549	-0.111131
1.65834	-0.2355	-0.2355	-0.118129
1.66833	-0.248599	-0.248599	-0.1247
1.67832	-0.2608	-0.2608	-0.13082
1.68831	-0.27206	-0.27206	-0.136468
1.6983	-0.282338	-0.282338	-0.141624
1.70829	-0.291599	-0.291599	-0.146269
1.71828	-0.299811	-0.299811	-0.150388
1.72827	-0.306944	-0.306944	-0.153966
1.73826	-0.312975	-0.312975	-0.156991
1.74825	-0.317882	-0.317882	-0.159453
1.75824	-0.321649	-0.321649	-0.161342
1.76823	-0.324263	-0.324263	-0.162654
1.77822	-0.325718	-0.325718	-0.163383
1.78821	-0.326007	-0.326007	-0.163528
1.7982	-0.325132	-0.325132	-0.16309
1.80819	-0.323097	-0.323097	-0.162069
1.81818	-0.31991	-0.31991	-0.16047
1.82817	-0.315584	-0.315584	-0.1583
1.83816	-0.310136	-0.310136	-0.155567
1.84815	-0.303585	-0.303585	-0.152281
1.85814	-0.295956	-0.295956	-0.148454
1.86813	-0.287278	-0.287278	-0.144101
1.87812	-0.277581	-0.277581	-0.139238
1.88811	-0.266903	-0.266903	-0.133881
1.8981	-0.255281	-0.255281	-0.128051
1.90809	-0.242757	-0.242757	-0.121769
1.91808	-0.229377	-0.229377	-0.115058
1.92807	-0.215189	-0.215189	-0.107941
1.93806	-0.200243	-0.200243	-0.100444
1.94805	-0.184593	-0.184593	-0.0925937
1.95804	-0.168295	-0.168295	-0.0844183
1.96803	-0.151406	-0.151406	-0.0759467
1.97802	-0.133987	-0.133987	-0.067209
1.98801	-0.116098	-0.116098	-0.058236
1.998	-0.0978037	-0.0978037	-0.0490593
2.00799	-0.0791676	-0.0791676	-0.0397113
2.01798	-0.0602554	-0.0602554	-0.0302247
2.02797	-0.0411332	-0.0411332	-0.0206328
2.03796	-0.0218678	-0.0218678	-0.0109691
2.04795	-0.00252631	-0.00252631	-0.00126722
2.05794	0.0168239	0.0168239	0.00843905
2.06793	0.0361158	0.0361158	0.0181161
2.07792	0.0552826	0.0552826	0.0277303
2.08791	0.0742581	0.0742581	0.0372486
2.0979	0.092977	0.092977	0.0466382
2.10789	0.111375	0.111375	0.0558668
2.11788	0.129389	0.129389	0.0649028
2.12787	0.146957	0.146957	0.0737153
2.13786	0.16402	0.16402	0.0822743
2.14785	0.18052	0.18052	0.0905506
2.15784	0.1964	0.1964	0.0985164
2.16783	0.211608	0.211608	0.106145
2.17782	0.226091	0.226091	0.113409
2.18781	0.239802	0.239802	0.120287
2.1978	0.252693	0.252693	0.126754
2.20779	0.264724	0.264724	0.132788
2.21778	0.275853	0.275853	0.138371
2.22777	0.286044	0.286044	0.143483
2.23776	0.295264	0.295264	0.148108
2.24775	0.303483	0.303483	0.15223
2.25774	0.310674	0.310674	0.155837
2.26773	0.316813	0.316813	0.158917
2.27772	0.321883	0.321883	0.16146
2.28771	0.325867	0.325867	0.163458
2.2977	0.328753	0.328753	0.164906
2.30769	0.330533	0.330533	0.165799
2.31768	0.331202	0.331202	0.166134
2.32767	0.330761	0.330761	0.165913
2.33766	0.329211	0.329211	0.165135
2.34765	0.326559	0.326559	0.163805
2.35764	0.322817	0.322817	0.161928
2.36763	0.317997	0.317997	0.159511
2.37762	0.312118	0.312118	0.156562
2.38761	0.305201	0.305201	0.153092
2.3976	0.297269	0.297269	0.149113
2.40759	0.288352	0.288352	0.14464
2.41758	0.278479	0.278479	0.139688
2.42757	0.267685	0.267685	0.134273
2.43756	0.256007	0.256007	0.128415
2.44755	0.243484	0.243484	0.122134
2.45754	0.230159	0.230159	0.11545
2.46753	0.216078	0.216078	0.108387
2.47752	0.201287	0.201287	0.100968
2.48751	0.185836	0.185836	0.0932173
2.4975	0.169777	0.169777	0.0851618
2.50749	0.153163	0.153163	0.0768279
2.51748	0.136048	0.136048	0.0682433
2.52747	0.118491	0.118491	0.0594362
2.53746	0.100548	0.100548	0.0504358
2.54745	0.0822782	0.0822782	0.0412716
2.55744	0.0637416	0.0637416	0.0319734
2.56743	0.0449985	0.0449985	0.0225717
2.57742	0.0261099	0.0261099	0.013097
2.58741	0.00713706	0.00713706	0.00358002
2.5974	-0.0118588	-0.0118588	-0.00594851
2.60739	-0.0308166	-0.0308166	-0.0154579
2.61738	-0.0496754	-0.0496754	-0.0249177
2.62737	-0.0683748	-0.0683748	-0.0342975
2.63736	-0.0868553	-0.0868553	-0.0435675
2.64735	-0.105058	-0.105058	-0.0526982
2.65734	-0.122926	-0.122926	-0.0616607
2.66733	-0.140401	-0.140401	-0.0704268
2.67732	-0.157431	-0.157431	-0.0789688
2.68731	-0.17396	-0.17396	-0.08726
2.6973	-0.189938	-0.189938	-0.0952746
2.70729	-0.205314	-0.205314	-0.102988
2.71728	-0.220042	-0.220042	-0.110375
2.72727	-0.234076	-0.234076	-0.117415
2.73726	-0.247372	-0.247372	-0.124084
2.74725	-0.259891	-0.259891	-0.130364
2.75724	-0.271595	-0.271595	-0.136235
2.76723	-0.282447	-0.282447	-0.141678
2.77722	-0.292417	-0.292417	-0.146679
2.78721	-0.301473	-0.301473	-0.151222
2.7972	-0.30959	-0.30959	-0.155294
2.80719	-0.316745	-0.316745	-0.158882
2.81718	-0.322916	-0.322916	-0.161978
2.82717	-0.328086	-0.328086	-0.164571
2.83716	-0.332241	-0.332241	-0.166655
2.84715	-0.33537	-0.33537	-0.168225
2.85714	-0.337465	-0.337465	-0.169276
2.86713	-0.338522	-0.338522	-0.169806
2.87712	-0.33854	-0.33854	-0.169815
2.88711	-0.33752	-0.33752	-0.169303
2.8971	-0.335467	-0.335467	-0.168274
2.90709	-0.33239	-0.33239	-0.16673
2.91708	-0.3283	-0.3283	-0.164678
2.92707	-0.323211	-0.323211	-0.162126
2.93706	-0.31714	-0.31714	-0.159081
2.94705	-0.310109	-0.310109	-0.155554
2.95704	-0.302139	-0.302139	-0.151556
2.96703	-0.293258	-0.293258	-0.147101
2.97702	-0.283493	-0.283493	-0.142203
2.98701	-0.272875	-0.272875	-0.136877
2.997	-0.261439	-0.261439	-0.13114
3.00699	-0.24922	-0.24922	-0.125011
3.01698	-0.236255	-0.236255	-0.118508
3.02697	-0.222586	-0.222586	-0.111651
3.03696	-0.208254	-0.208254	-0.104462
3.04695	-0.193304	-0.193304	-0.0969632
3.05694	-0.17778	-0.17778	-0.0891764
3.06693	-0.161731	-0.161731	-0.0811258
3.07692	-0.145204	-0.145204	-0.0728356
3.08691	-0.128249	-0.128249	-0.0643308
3.0969	-0.110916	-0.110916	-0.0556368
3.10689	-0.0932589	-0.0932589	-0.0467796
3.11688	-0.0753282	-0.0753282	-0.0377854
3.12687	-0.0571773	-0.0571773	-0.0286807
3.13686	-0.0388598	-0.0388598	-0.0194925
3.14685	-0.0204292	-0.0204292	-0.0102475
3.15684	-0.00193921	-0.00193921	-0.000972729
3.16683	0.0165564	0.0165564	0.00830484
3.17682	0.0350041	0.0350041	0.0175584
3.18681	0.0533509	0.0533509	0.0267614
3.1968	0.0715442	0.0715442	0.0358873
3.20679	0.0895321	0.0895321	0.0449102
3.21678	0.107263	0.107263	0.0538044
3.22677	0.124688	0.124688	0.0625449
3.23676	0.141757	0.141757	0.0711069
3.24675	0.158423	0.158423	0.0794666
3.25674	0.174639	0.174639	0.0876006
3.26673	0.19036	0.19036	0.0954865
3.27672	0.205543	0.205543	0.103103
3.28671	0.220147	0.220147	0.110428
3.2967	0.234131	0.234131	0.117442
3.30669	0.247458	0.247458	0.124127
3.31668	0.260092	0.260092	0.130465
3.32667	0.272	0.272	0.136438
3.33666	0.283149	0.283149	0.14203
3.34665	0.293512	0.293512	0.147228
3.35664	0.30306	0.30306	0.152018
3.36663	0.311769	0.311769	0.156387
3.37662	0.319618	0.319618	0.160324
3.38661	0.326587	0.326587	0.163819
3.3966	0.332659	0.332659	0.166865
3.40659	0.337819	0.337819	0.169453
3.41658	0.342056	0.342056	0.171579
3.42657	0.34536	0.34536	0.173236
3.43656	0.347725	0.347725	0.174423
3.44655	0.349147	0.349147	0.175136
3.45654	0.349624	0.349624	0.175375
3.46653	0.349157	0.349157	0.175141
3.47652	0.34775	0.34775	0.174435
3.48651	0.34541	0.34541	0.173261
3.4965	0.342144	0.342144	0.171623
3.50649	0.337964	0.337964	0.169526
3.51648	0.332884	0.332884	0.166978
3.52647	0.326919	0.326919	0.163986
3.53646	0.320088	0.320088	0.160559
3.54645	0.31241	0.31241	0.156708
3.55644	0.303909	0.303909	0.152444
3.56643	0.294609	0.294609	0.147779
3.57642	0.284536	0.284536	0.142726
3.58641	0.273719	0.273719	0.1373
3.5964	0.262188	0.262188	0.131516
3.60639	0.249976	0.249976	0.12539
3.61638	0.237115	0.237115	0.118939
3.62637	0.223641	0.223641	0.11218
3.63636	0.20959	0.20959	0.105132
3.64635	0.195	0.195	0.0978138
3.65634	0.17991	0.17991	0.0902444
3.66633	0.164359	0.164359	0.0824442
3.67632	0.14839	0.14839	0.0744338
3.68631	0.132043	0.132043	0.0662341
3.6963	0.115361	0.115361	0.0578665
3.70629	0.0983882	0.0983882	0.0493525
3.71628	0.0811669	0.0811669	0.0407141
3.72627	0.0637417	0.0637417	0.0319734
3.73626	0.0461566	0.0461566	0.0231526
3.74625	0.0284562	0.0284562	0.0142739
3.75624	0.0106849	0.0106849	0.00535967
3.76623	-0.00711291	-0.00711291	-0.0035679
3.77622	-0.0248932	-0.0248932	-0.0124867
3.78621	-0.042612	-0.042612	-0.0213746
3.7962	-0.060226	-0.060226	-0.03021
3.80619	-0.0776922	-0.0776922	-0.0389712
3.81618	-0.0949685	-0.0949685	-0.0476371
3.82617	-0.112013	-0.112013	-0.0561869
3.83616	-0.128786	-0.128786	-0.0646002
3.84615	-0.145246	-0.145246	-0.0728569
3.85614	-0.161356	-0.161356	-0.0809377
3.86613	-0.177077	-0.177077	-0.0888236
3.87612	-0.192373	-0.192373	-0.0964963
3.88611	-0.207209	-0.207209	-0.103938
3.8961	-0.221551	-0.221551	-0.111132
3.90609	-0.235367	-0.235367	-0.118062
3.91608	-0.248625	-0.248625	-0.124713
3.92607	-0.261296	-0.261296	-0.131068
3.93606	-0.273352	-0.273352	-0.137116
3.94605	-0.284766	-0.284766	-0.142842
3.95604	-0.295516	-0.295516	-0.148234
3.96603	-0.305576	-0.305576	-0.15328
3.97602	-0.314927	-0.314927	-0.157971
3.98601	-0.32355	-0.32355	-0.162296
3.996	-0.331426	-0.331426	-0.166247
4.00599	-0.338541	-0.338541	-0.169816
4.01598	-0.34488	-0.34488	-0.172995
4.02597	-0.350433	-0.350433	-0.175781
4.03596	-0.355188	-0.355188	-0.178166
4.04595	-0.359139	-0.359139	-0.180148
4.05594	-0.362279	-0.362279	-0.181723
4.06593	-0.364603	-0.364603	-0.182889
4.07592	-0.366111	-0.366111	-0.183645
4.08591	-0.3668	-0.3668	-0.183991
4.0959	-0.366673	-0.366673	-0.183927
4.10589	-0.365733	-0.365733	-0.183455
4.11588	-0.363985	-0.363985	-0.182579
4.12587	-0.361436	-0.361436	-0.1813
4.13586	-0.358094	-0.358094	-0.179624
4.14585	-0.35397	-0.35397	-0.177555
4.15584	-0.349076	-0.349076	-0.1751
4.16583	-0.343425	-0.343425	-0.172265
4.17582	-0.337032	-0.337032	-0.169058
4.18581	-0.329914	-0.329914	-0.165488
4.1958	-0.322089	-0.322089	-0.161563
4.20579	-0.313576	-0.313576	-0.157293
4.21578	-0.304396	-0.304396	-0.152688
4.22577	-0.294572	-0.294572	-0.14776
4.23576	-0.284126	-0.284126	-0.142521
4.24575	-0.273083	-0.273083	-0.136981
4.25574	-0.261469	-0.261469	-0.131156
4.26573	-0.24931	-0.24931	-0.125056
4.27572	-0.236633	-0.236633	-0.118698
4.28571	-0.223467	-0.223467	-0.112093
4.2957	-0.209841	-0.209841	-0.105258
4.30569	-0.195785	-0.195785	-0.0982077
4.31568	-0.181329	-0.181329	-0.0909564
4.32567	-0.166504	-0.166504	-0.0835202
4.33566	-0.151343	-0.151343	-0.075915
4.34565	-0.135876	-0.135876	-0.0681566
4.35564	-0.120136	-0.120136	-0.0602615
4.36563	-0.104157	-0.104157	-0.052246
4.37562	-0.0879696	-0.0879696	-0.0441264
4.38561	-0.0716084	-0.0716084	-0.0359195
4.3956	-0.0551059	-0.0551059	-0.0276417
4.40559	-0.0384952	-0.0384952	-0.0193096
4.41558	-0.0218092	-0.0218092	-0.0109397
4.42557	-0.00508073	-0.00508073	-0.00254854
4.43556	0.0116576	0.0116576	0.00584756
4.44555	0.0283735	0.0283735	0.0142324
4.45554	0.0450349	0.0450349	0.0225899
4.46553	0.0616103	0.0616103	0.0309043
4.47552	0.0780686	0.0780686	0.03916
4.48551	0.0943791	0.0943791	0.0473415
4.4955	0.110512	0.110512	0.0554338
4.50549	0.126437	0.126437	0.0634223
4.51548	0.142127	0.142127	0.0712924
4.52547	0.157553	0.157553	0.0790301
4.53546	0.172688	0.172688	0.0866218
4.54545	0.187505	0.187505	0.0940542
4.55544	0.201979	0.201979	0.101314
4.56543	0.216085	0.216085	0.10839
4.57542	0.2298	0.2298	0.11527
4.58541	0.2431	0.2431	0.121942
4.5954	0.255965	0.255965	0.128395
4.60539	0.268373	0.268373	0.134619
4.61538	0.280304	0.280304	0.140604
4.62537	0.291741	0.291741	0.14634
4.63536	0.302665	0.302665	0.15182
4.64535	0.31306	0.31306	0.157034
4.65534	0.322911	0.322911	0.161976
4.66533	0.332204	0.332204	0.166637
4.67532	0.340925	0.340925	0.171012
4.68531	0.349064	0.349064	0.175094
4.6953	0.356608	0.356608	0.178878
4.70529	0.36355	0.36355	0.18236
4.71528	0.369879	0.369879	0.185535
4.72527	0.37559	0.37559	0.1884
4.73526	0.380676	0.380676	0.190951
4.74525	0.385133	0.385133	0.193186
4.75524	0.388956	0.388956	0.195104
4.76523	0.392143	0.392143	0.196703
4.77522	0.394693	0.394693	0.197982
4.78521	0.396604	0.396604	0.198941
4.7952	0.397879	0.397879	0.19958
4.80519	0.398518	0.398518	0.1999
4.81518	0.398524	0.398524	0.199904
4.82517	0.397901	0.397901	0.199591
4.83516	0.396655	0.396655	0.198966
4.84515	0.39479	0.39479	0.19803
4.85514	0.392313	0.392313	0.196788
4.86513	0.389233	0.389233	0.195243
4.87512	0.385557	0.385557	0.193399
4.88511	0.381295	0.381295	0.191262
4.8951	0.376458	0.376458	0.188835
4.90509	0.371055	0.371055	0.186125
4.91508	0.365099	0.365099	0.183137
4.92507	0.358603	0.358603	0.179879
4.93506	0.351579	0.351579	0.176355
4.94505	0.344041	0.344041	0.172574
4.95504	0.336004	0.336004	0.168543
4.96503	0.327482	0.327482	0.164268
4.97502	0.318492	0.318492	0.159759
4.98501	0.309048	0.309048	0.155022
4.995	0.299169	0.299169	0.150066
5.00499	0.288869	0.288869	0.1449
5.01498	0.278168	0.278168	0.139532
5.02497	0.267082	0.267082	0.133971
5.03496	0.25563	0.25563	0.128227
5.04495	0.24383	0.24383	0.122307
5.05494	0.2317	0.2317	0.116223
5.06493	0.219259	0.219259	0.109982
5.07492	0.206526	0.206526	0.103596
5.08491	0.19352	0.19352	0.0970716
5.0949	0.18026	0.18026	0.0904204
5.10489	0.166766	0.166766	0.0836515
5.11488	0.153056	0.153056	0.0767746
5.12487	0.139151	0.139151	0.0697993
5.13486	0.125068	0.125068	0.0627353
5.14485	0.110828	0.110828	0.0555922
5.15484	0.0964486	0.0964486	0.0483796
5.16483	0.08195	0.08195	0.0411069
5.17482	0.0673507	0.0673507	0.0337838
5.18481	0.0526691	0.0526691	0.0264194
5.1948	0.0379239	0.0379239	0.019023
5.20479	0.0231332	0.0231332	0.0116038
5.21478	0.00831492	0.00831492	0.00417085
5.22477	-0.00651315	-0.00651315	-0.00326706
5.23476	-0.0213336	-0.0213336	-0.0107012
5.24475	-0.0361295	-0.0361295	-0.0181229
5.25474	-0.0508839	-0.0508839	-0.0255239
5.26473	-0.0655805	-0.0655805	-0.0328958
5.27472	-0.0802033	-0.0802033	-0.0402308
5.28471	-0.0947367	-0.0947367	-0.0475209
5.2947	-0.109165	-0.109165	-0.0547585
5.30469	-0.123475	-0.123475	-0.0619362
5.31468	-0.13765	-0.13765	-0.0690468
5.32467	-0.151678	-0.151678	-0.0760833
5.33466	-0.165545	-0.165545	-0.083039
5.34465	-0.179238	-0.179238	-0.0899073
5.35464	-0.192744	-0.192744	-0.0966821
5.36463	-0.206051	-0.206051	-0.103357
5.37462	-0.219148	-0.219148	-0.109927
5.38461	-0.232024	-0.232024	-0.116386
5.3946	-0.244669	-0.244669	-0.122728
5.40459	-0.257072	-0.257072	-0.12895
5.41458	-0.269224	-0.269224	-0.135045
5.42457	-0.281115	-0.281115	-0.14101
5.43456	-0.292738	-0.292738	-0.14684
5.44455	-0.304085	-0.304085	-0.152532
5.45454	-0.315148	-0.315148	-0.158081
5.46453	-0.32592	-0.32592	-0.163485
5.47452	-0.336395	-0.336395	-0.168739
5.48451	-0.346566	-0.346566	-0.173841
5.4945	-0.356429	-0.356429	-0.178789
5.50449	-0.365979	-0.365979	-0.183579
5.51448	-0.375212	-0.375212	-0.18821
5.52447	-0.384122	-0.384122	-0.192679
5.53446	-0.392708	-0.392708	-0.196986
5.54445	-0.400965	-0.400965	-0.201128
5.55444	-0.408893	-0.408893	-0.205105
5.56443	-0.416487	-0.416487	-0.208914
5.57442	-0.423748	-0.423748	-0.212556
5.58441	-0.430674	-0.430674	-0.21603
5.5944	-0.437263	-0.437263	-0.219336
5.60439	-0.443517	-0.443517	-0.222473
5.61438	-0.449435	-0.449435	-0.225441
5.62437	-0.455017	-0.455017	-0.228241
5.63436	-0.460265	-0.460265	-0.230874
5.64435	-0.46518	-0.46518	-0.233339
5.65434	-0.469764	-0.469764	-0.235638
5.66433	-0.474018	-0.474018	-0.237772
5.67432	-0.477944	-0.477944	-0.239742
5.68431	-0.481547	-0.481547	-0.241549
5.6943	-0.484828	-0.484828	-0.243194
5.70429	-0.487791	-0.487791	-0.244681
5.71428	-0.490439	-0.490439	-0.246009
5.72427	-0.492777	-0.492777	-0.247182
5.73426	-0.494809	-0.494809	-0.248201
5.74425	-0.496538	-0.496538	-0.249069
5.75424	-0.49797	-0.49797	-0.249787
5.76423	-0.49911	-0.49911	-0.250358
5.77422	-0.499961	-0.499961	-0.250786
5.78421	-0.500531	-0.500531	-0.251071
5.7942	-0.500824	-0.500824	-0.251218
5.80419	-0.500845	-0.500845	-0.251229
5.81418	-0.500601	-0.500601	-0.251106
5.82417	-0.500098	-0.500098	-0.250854
5.83416	-0.499341	-0.499341	-0.250474
5.84415	-0.498337	-0.498337	-0.249971
5.85414	-0.497091	-0.497091	-0.249346
5.86413	-0.495612	-0.495612	-0.248604
5.87412	-0.493904	-0.493904	-0.247747
5.88411	-0.491975	-0.491975	-0.246779
5.8941	-0.489831	-0.489831	-0.245704
5.90409	-0.487478	-0.487478	-0.244524
5.91408	-0.484924	-0.484924	-0.243243
5.92407	-0.482176	-0.482176	-0.241864
5.93406	-0.47924	-0.47924	-0.240391
5.94405	-0.476122	-0.476122	-0.238828
5.95404	-0.47283	-0.47283	-0.237176
5.96403	-0.469371	-0.469371	-0.235441
5.97402	-0.465751	-0.465751	-0.233626
5.98401	-0.461978	-0.461978	-0.231733
5.994	-0.458057	-0.458057	-0.229766
6.00399	-0.453996	-0.453996	-0.227729
6.01398	-0.449801	-0.449801	-0.225624
6.02397	-0.445479	-0.445479	-0.223457
6.03396	-0.441036	-0.441036	-0.221228
6.04395	-0.436479	-0.436479	-0.218942
6.05394	-0.431815	-0.431815	-0.216603
6.06393	-0.42705	-0.42705	-0.214212
6.07392	-0.422189	-0.422189	-0.211774
6.08391	-0.41724	-0.41724	-0.209292
6.0939	-0.412208	-0.412208	-0.206768
6.10389	-0.4071	-0.4071	-0.204205
6.11388	-0.40192	-0.40192	-0.201607
6.12387	-0.396676	-0.396676	-0.198977
6.13386	-0.391373	-0.391373	-0.196316
6.14385	-0.386015	-0.386015	-0.193629
6.15384	-0.38061	-0.38061	-0.190918
6.16383	-0.375161	-0.375161	-0.188185
6.17382	-0.369675	-0.369675	-0.185433
6.18381	-0.364156	-0.364156	-0.182664
6.1938	-0.35861	-0.35861	-0.179882
6.20379	-0.353041	-0.353041	-0.177089
6.21378	-0.347454	-0.347454	-0.174286
6.22377	-0.341853	-0.341853	-0.171477
6.23376	-0.336243	-0.336243	-0.168663
6.24375	-0.330629	-0.330629	-0.165847
6.25374	-0.325014	-0.325014	-0.16303
6.26373	-0.319403	-0.319403	-0.160216
6.27372	-0.313799	-0.313799	-0.157405
6.28371	-0.308206	-0.308206	-0.154599
6.2937	-0.302629	-0.302629	-0.151802
6.30369	-0.297069	-0.297069	-0.149013
6.31368	-0.291532	-0.291532	-0.146235
6.32367	-0.28602	-0.28602	-0.14347
6.33366	-0.280536	-0.280536	-0.14072
6.34365	-0.275083	-0.275083	-0.137984
6.35364	-0.269664	-0.269664	-0.135266
6.36363	-0.264283	-0.264283	-0.132567
6.37362	-0.25894	-0.25894	-0.129887
6.38361	-0.25364	-0.25364	-0.127228
6.3936	-0.248384	-0.248384	-0.124592
6.40359	-0.243174	-0.243174	-0.121979
6.41358	-0.238014	-0.238014	-0.11939
6.42357	-0.232903	-0.232903	-0.116827
6.43356	-0.227846	-0.227846	-0.11429
6.44355	-0.222843	-0.222843	-0.11178
6.45354	-0.217896	-0.217896	-0.109299
6.46353	-0.213006	-0.213006	-0.106846
6.47352	-0.208176	-0.208176	-0.104423
6.48351	-0.203406	-0.203406	-0.10203
6.4935	-0.198697	-0.198697	-0.0996685
6.50349	-0.194051	-0.194051	-0.0973381
6.51348	-0.18947	-0.18947	-0.0950398
6.52347	-0.184953	-0.184953	-0.092774
6.53346	-0.180501	-0.180501	-0.0905412
6.54345	-0.176116	-0.176116	-0.0883416
6.55344	-0.171798	-0.171798	-0.0861757
6.56343	-0.167548	-0.167548	-0.0840437
6.57342	-0.163366	-0.163366	-0.081946
6.58341	-0.159253	-0.159253	-0.0798827
6.5934	-0.155208	-0.155208	-0.077854
6.60339	-0.151233	-0.151233	-0.07586
6.61338	-0.147327	-0.147327	-0.0739009
6.62337	-0.143492	-0.143492	-0.0719768
6.63336	-0.139725	-0.139725	-0.0700876
6.64335	-0.136029	-0.136029	-0.0682335
6.65334	-0.132402	-0.132402	-0.0664142
6.66333	-0.128845	-0.128845	-0.0646299
6.67332	-0.125357	-0.125357	-0.0628805
6.68331	-0.121939	-0.121939	-0.0611657
6.6933	-0.118589	-0.118589	-0.0594856
6.70329	-0.115308	-0.115308	-0.0578399
6.71328	-0.112096	-0.112096	-0.0562284
6.72327	-0.108951	-0.108951	-0.054651
6.73326	-0.105874	-0.105874	-0.0531075
6.74325	-0.102864	-0.102864	-0.0515975
6.75324	-0.0999199	-0.0999199	-0.0501208
6.76323	-0.097042	-0.097042	-0.0486772
6.77322	-0.0942293	-0.0942293	-0.0472664
6.78321	-0.0914814	-0.0914814	-0.045888
6.7932	-0.0887974	-0.0887974	-0.0445417
6.80319	-0.0861768	-0.0861768	-0.0432271
6.81318	-0.0836188	-0.0836188	-0.041944
6.82317	-0.0811228	-0.0811228	-0.040692
6.83316	-0.0786879	-0.0786879	-0.0394706
6.84315	-0.0763135	-0.0763135	-0.0382796
6.85314	-0.0739986	-0.0739986	-0.0371185
6.86313	-0.0717426	-0.0717426	-0.0359868
6.87312	-0.0695447	-0.0695447	-0.0348843
6.88311	-0.0674039	-0.0674039	-0.0338105
6.8931	-0.0653195	-0.0653195	-0.0327649
6.90309	-0.0632905	-0.0632905	-0.0317472
6.91308	-0.0613163	-0.0613163	-0.0307569
6.92307	-0.0593958	-0.0593958	-0.0297935
6.93306	-0.0575283	-0.0575283	-0.0288568
6.94305	-0.0557128	-0.0557128	-0.0279461
6.95304	-0.0539485	-0.0539485	-0.0270611
6.96303	-0.0522346	-0.0522346	-0.0262014
6.97302	-0.0505701	-0.0505701	-0.0253665
6.98301	-0.0489541	-0.0489541	-0.0245559
6.993	-0.0473859	-0.0473859	-0.0237692
7.00299	-0.0458645	-0.0458645	-0.0230061
7.01298	-0.044389	-0.044389	-0.022266
7.02297	-0.0429587	-0.0429587	-0.0215485
7.03296	-0.0415726	-0.0415726	-0.0208532
7.04295	-0.0402299	-0.0402299	-0.0201797
7.05294	-0.0389299	-0.0389299	-0.0195276
7.06293	-0.0376715	-0.0376715	-0.0188964
7.07292	-0.0364541	-0.0364541	-0.0182857
7.08291	-0.0352768	-0.0352768	-0.0176952
7.0929	-0.0341388	-0.0341388	-0.0171244
7.10289	-0.0330394	-0.0330394	-0.0165729
7.11288	-0.0319777	-0.0319777	-0.0160403
7.12287	-0.030953	-0.030953	-0.0155263
7.13286	-0.0299646	-0.0299646	-0.0150305
7.14285	-0.0290117	-0.0290117	-0.0145526
7.15284	-0.0280936	-0.0280936	-0.014092
7.16283	-0.0272096	-0.0272096	-0.0136486
7.17282	-0.026359	-0.026359	-0.013222
7.18281	-0.0255412	-0.0255412	-0.0128117
7.1928	-0.0247555	-0.0247555	-0.0124176
7.20279	-0.0240013	-0.0240013	-0.0120393
7.21278	-0.0232779	-0.0232779	-0.0116764
7.22277	-0.0225848	-0.0225848	-0.0113287
7.23276	-0.0219213	-0.0219213	-0.010996
7.24275	-0.021287	-0.021287	-0.0106778
7.25274	-0.0206813	-0.0206813	-0.0103739
7.26273	-0.0201036	-0.0201036	-0.0100842
7.27272	-0.0195536	-0.0195536	-0.00980827
7.28271	-0.0190306	-0.0190306	-0.00954596
7.2927	-0.0185344	-0.0185344	-0.00929702
7.30269	-0.0180643	-0.0180643	-0.00906125
7.31268	-0.0176201	-0.0176201	-0.00883843
7.32267	-0.0172014	-0.0172014	-0.00862839
7.33266	-0.0168077	-0.0168077	-0.00843093
7.34265	-0.0164389	-0.0164389	-0.00824591
7.35264	-0.0160945	-0.0160945	-0.00807315
7.36263	-0.0157743	-0.0157743	-0.00791254
7.37262	-0.015478	-0.015478	-0.00776394
7.38261	-0.0152055	-0.0152055	-0.00762724
7.3926	-0.0149565	-0.0149565	-0.00750234
7.40259	-0.0147309	-0.0147309	-0.00738916
7.41258	-0.0145285	-0.0145285	-0.00728763
7.42257	-0.0143492	-0.0143492	-0.0071977
7.43256	-0.014193	-0.014193	-0.00711933
7.44255	-0.0140598	-0.0140598	-0.00705251
7.45254	-0.0139495	-0.0139495	-0.00699723
7.46253	-0.0138624	-0.0138624	-0.0069535
7.47252	-0.0137983	-0.0137983	-0.00692135
7.48251	-0.0137574	-0.0137574	-0.00690084
7.4925	-0.0137398	-0.0137398	-0.00689202
7.50249	-0.0137457	0	-0.006895
7.51248	-0.0137754	0	-0.00690988
7.52247	-0.013829	0	-0.00693678
7.53246	-0.0139069	0	-0.00697586
7.54245	-0.0140095	0	-0.0070273
7.55244	-0.014137	0	-0.00709128
7.56243	-0.01429	0	-0.00716803
7.57242	-0.014469	0	-0.00725779
7.58241	-0.0146744	0	-0.00736085
7.5924	-0.014907	0	-0.00747749
7.60239	-0.0151673	0	-0.00760805
7.61238	-0.015456	0	-0.00775288
7.62237	-0.015774	0	-0.00791238
7.63236	-0.016122	0	-0.00808696
7.64235	-0.0165011	0	-0.00827709
7.65234	-0.016912	0	-0.00848325
7.66233	-0.0173561	0	-0.00870597
7.67232	-0.0178342	0	-0.00894583
7.68231	-0.0183478	0	-0.00920342
7.6923	-0.018898	0	-0.0094794
7.70229	-0.0194862	0	-0.00977448
7.71228	-0.020114	0	-0.0100894
7.72227	-0.0207829	0	-0.0104249
7.73226	-0.0214946	0	-0.0107819
7.74225	-0.0222509	0	-0.0111613
7.75224	-0.0230538	0	-0.011564
7.76223	-0.0239051	0	-0.0119911
7.77222	-0.0248073	0	-0.0124436
7.78221	-0.0257624	0	-0.0129227
7.7922	-0.0267729	0	-0.0134296
7.80219	-0.0278416	0	-0.0139656
7.81218	-0.028971	0	-0.0145321
7.82217	-0.0301641	0	-0.0151306
7.83216	-0.031424	0	-0.0157626
7.84215	-0.032754	0	-0.0164298
7.85214	-0.0341576	0	-0.0171338
7.86213	-0.0356385	0	-0.0178766
7.87212	-0.0372005	0	-0.0186601
7.88211	-0.0388478	0	-0.0194864
7.8921	-0.0405848	0	-0.0203577
7.90209	-0.0424161	0	-0.0212763
7.91208	-0.0443467	0	-0.0222447
7.92207	-0.0463818	0	-0.0232656
7.93206	-0.0485269	0	-0.0243416
7.94205	-0.0507878	0	-0.0254757
7.95204	-0.0531709	0	-0.026671
7.96203	-0.0556825	0	-0.0279309
7.97202	-0.0583298	0	-0.0292588
7.98201	-0.06112	0	-0.0306584
7.992	-0.0640611	0	-0.0321337
8.00199	-0.0671611	0	-0.0336887
8.01198	-0.070429	0	-0.0353279
8.02197	-0.0738741	0	-0.037056
8.03196	-0.0775061	0	-0.0388778
8.04195	-0.0813355	0	-0.0407987
8.05194	-0.0853733	0	-0.0428241
8.06193	-0.0896313	0	-0.04496
8.07192	-0.094122	0	-0.0472125
8.08191	-0.0988584	0	-0.0495883
8.0919	-0.103854	0	-0.0520944
8.10189	-0.109125	0	-0.0547382
8.11188	-0.114686	0	-0.0575276
8.12187	-0.120554	0	-0.0604709
8.13186	-0.126746	0	-0.063577
8.14185	-0.133281	0	-0.0668553
8.15184	-0.14018	0	-0.0703157
8.16183	-0.147463	0	-0.0739688
8.17182	-0.155152	0	-0.0778259
8.18181	-0.163272	0	-0.0818987
8.1918	-0.171847	0	-0.0862
8.20179	-0.180904	0	-0.0907432
8.21178	-0.190472	0	-0.0955425
8.22177	-0.20058	0	-0.100613
8.23176	-0.211261	0	-0.105971
8.24175	-0.222549	0	-0.111633
8.25174	-0.234479	0	-0.117617
8.26173	-0.24709	0	-0.123943
8.27172	-0.260423	0	-0.130631
8.28171	-0.274521	0	-0.137703
8.2917	-0.28943	0	-0.145181
8.30169	-0.305198	0	-0.153091
8.31168	-0.321878	0	-0.161457
8.32167	-0.339525	0	-0.170309
8.33166	-0.358197	0	-0.179675
8.34165	-0.377957	0	-0.189587
8.35164	-0.398871	0	-0.200077
8.36163	-0.421009	0	-0.211182
8.37162	-0.444446	0	-0.222939
8.38161	-0.469263	0	-0.235387
8.3916	-0.495544	0	-0.24857
8.40159	-0.523379	0	-0.262532
8.41158	-0.552865	0	-0.277323
8.42157	-0.584104	0	-0.292992
8.43156	-0.617204	0	-0.309595
8.44155	-0.652281	0	-0.327191
8.45154	-0.689459	0	-0.345839
8.46153	-0.728869	0	-0.365608
8.47152	-0.770651	0	-0.386566
8.48151	-0.814954	0	-0.408789
8.4915	-0.861937	0	-0.432356
8.50149	-0.911769	0	-0.457352
8.51148	-0.96463	0	-0.483868
8.52147	-1.02071	0	-0.511999
8.53146	-1.08022	0	-0.541848
8.54145	-1.14337	0	-0.573525
8.55144	-1.2104	0	-0.607146
8.56143	-1.28155	0	-0.642836
8.57142	-1.35708	0	-0.680727
8.58141	-1.43729	0	-0.720961
8.5914	-1.52247	0	-0.763688
8.60139	-1.61294	0	-0.809069
8.61138	-1.70905	0	-0.857276
8.62137	-1.81115	0	-0.908492
8.63136	-1.91964	0	-0.962912
8.64135	-2.03494	0	-1.02074
8.65134	-2.15748	0	-1.08221
8.66133	-2.28774	0	-1.14755
8.67132	-2.42623	0	-1.21702
8.68131	-2.57349	0	-1.29089
8.6913	-2.73009	0	-1.36944
8.70129	-2.89665	0	-1.45299
8.71128	-3.07382	0	-1.54186
8.72127	-3.26232	0	-1.63641
8.73126	-3.46288	0	-1.73702
8.74125	-3.67632	0	-1.84408
8.75124	-3.90349	0	-1.95803
8.76123	-4.14531	0	-2.07933
8.77122	-4.40275	0	-2.20846
8.78121	-4.67687	0	-2.34597
8.7912	-4.96878	0	-2.49239
8.80119	-5.27969	0	-2.64834
8.81118	-5.61087	0	-2.81447
8.82117	-5.96369	0	-2.99145
8.83116	-6.33962	0	-3.18002
8.84115	-6.74023	0	-3.38097
8.85114	-7.1672	0	-3.59514
8.86113	-7.62232	0	-3.82343
8.87112	-8.10751	0	-4.06681
8.88111	-8.62484	0	-4.32631
8.8911	-9.1765	0	-4.60302
8.90109	-9.76486	0	-4.89815
8.91108	-10.3924	0	-5.21295
8.92107	-11.0619	0	-5.54878
8.93106	-11.7763	0	-5.90709
8.94105	-12.5385	0	-6.28945
8.95104	-13.352	0	-6.69751
8.96103	-14.2204	0	-7.13307
8.97102	-15.1473	0	-7.59805
8.98101	-16.137	0	-8.09449
8.991	-17.1938	0	-8.62459
9.00099	-18.3225	0	-9.19073
9.01098	-19.528	0	-9.79541
9.02097	-20.8157	0	-10.4414
9.03096	-22.1916	0	-11.1315
9.04095	-23.6617	0	-11.8689
9.05094	-25.2328	0	-12.657
9.06093	-26.912	0	-13.4993
9.07092	-28.7071	0	-14.3998
9.08091	-30.6262	0	-15.3624
9.0909	-32.6782	0	-16.3917
9.10089	-34.8726	0	-17.4924
9.11088	-37.2195	0	-18.6697
9.12087	-39.7301	0	-19.929
9.13086	-42.4159	0	-21.2762
9.14085	-45.2896	0	-22.7177
9.15084	-48.3648	0	-24.2603
9.16083	-51.656	0	-25.9112
9.17082	-55.179	0	-27.6783
9.18081	-58.9504	0	-29.5701
9.1908	-62.9883	0	-31.5956
9.20079	-67.3123	0	-33.7645
9.21078	-71.943	0	-36.0873
9.22077	-76.903	0	-38.5753
9.23076	-82.2164	0	-41.2406
9.24075	-87.9092	0	-44.0961
9.25074	-94.0091	0	-47.1559
9.26073	-100.546	0	-50.4349
9.27072	-107.553	0	-53.9495
9.28071	-115.063	0	-57.7169
9.2907	-123.115	0	-61.7559
9.30069	-131.749	0	-66.0867
9.31068	-141.008	0	-70.7309
9.32067	-150.938	0	-75.7119
9.33066	-161.589	0	-81.0549
9.34065	-173.016	0	-86.7868
9.35064	-185.277	0	-92.9367
9.36063	-198.433	0	-99.5361
9.37062	-212.553	0	-106.619
9.38061	-227.709	0	-114.221
9.3906	-243.978	0	-122.382
9.40059	-261.446	0	-131.144
9.41058	-280.203	0	-140.552
9.42057	-300.346	0	-150.656
9.43056	-321.981	0	-161.509
9.44055	-345.221	0	-173.166
9.45054	-370.189	0	-185.691
9.46053	-397.017	0	-199.148
9.47052	-425.847	0	-213.609
9.48051	-456.832	0	-229.151
9.4905	-490.138	0	-245.858
9.50049	-525.943	0	-263.818
9.51048	-564.44	0	-283.129
9.52047	-605.837	0	-303.894
9.53046	-650.357	0	-326.226
9.54045	-698.243	0	-350.246
9.55044	-749.756	0	-376.085
9.56043	-805.178	0	-403.885
9.57042	-864.812	0	-433.798
9.58041	-928.988	0	-465.99
9.5904	-998.06	0	-500.637
9.60039	-1072.41	0	-537.932
9.61038	-1152.46	0	-578.084
9.62037	-1238.64	0	-621.315
9.63036	-1331.45	0	-667.868
9.64035	-1431.4	0	-718.006
9.65034	-1539.07	0	-772.01
9.66033	-1655.05	0	-830.187
9.67032	-1780	0	-892.867
9.68031	-1914.65	0	-960.408
9.6903	-2059.76	0	-1033.19
9.70029	-2216.15	0	-1111.64
9.71028	-2384.74	0	-1196.21
9.72027	-2566.5	0	-1287.38
9.73026	-2762.47	0	-1385.68
9.74025	-2973.8	0	-1491.69
9.75024	-3201.73	0	-1606.02
9.76023	-3447.58	0	-1729.34
9.77022	-3712.79	0	-1862.37
9.78021	-3998.94	0	-2005.91
9.7902	-4307.71	0	-2160.79
9.80019	-4640.93	0	-2327.93
9.81018	-5000.58	0	-2508.34
9.82017	-5388.82	0	-2703.08
9.83016	-5807.96	0	-2913.33
9.84015	-6260.52	0	-3140.34
9.85014	-6749.24	0	-3385.49
9.86013	-7277.06	0	-3650.25
9.87012	-7847.19	0	-3936.23
9.88011	-8463.09	0	-4245.17
9.8901	-9128.53	0	-4578.96
9.90009	-9847.58	0	-4939.65
9.91008	-10624.7	0	-5329.44
9.92007	-11464.6	0	-5750.73
9.93006	-12372.5	0	-6206.15
9.94005	-13354	0	-6698.5
9.95004	-14415.3	0	-7230.86
9.96003	-15563	0	-7806.54
9.97002	-16804.2	0	-8429.14
9.98001	-18146.8	0	-9102.59
9.99	-19599.1	0	-9831.12
