0	0	0	0
0.00999	0.0166396	0.0166396	0.00998684
0.01998	0.0332477	0.0332477	0.0199548
0.02997	0.0497927	0.0497927	0.0298848
0.03996	0.0662433	0.0662433	0.0397583
0.04995	0.0825684	0.0825684	0.0495563
0.05994	0.0987369	0.0987369	0.0592604
0.06993	0.114718	0.114718	0.0688522
0.07992	0.130482	0.130482	0.0783135
0.08991	0.145999	0.145999	0.0876264
0.0999	0.161239	0.161239	0.0967732
0.10989	0.176173	0.176173	0.105737
0.11988	0.190774	0.190774	0.1145
0.12987	0.205013	0.205013	0.123046
0.13986	0.218864	0.218864	0.131359
0.14985	0.232301	0.232301	0.139424
0.15984	0.245298	0.245298	0.147224
0.16983	0.25783	0.25783	0.154746
0.17982	0.269874	0.269874	0.161974
0.18981	0.281407	0.281407	0.168896
0.1998	0.292408	0.292408	0.175499
0.20979	0.302856	0.302856	0.18177
0.21978	0.312731	0.312731	0.187696
0.22977	0.322014	0.322014	0.193268
0.23976	0.330689	0.330689	0.198475
0.24975	0.338739	0.338739	0.203306
0.25974	0.346148	0.346148	0.207753
0.26973	0.352904	0.352904	0.211808
0.27972	0.358993	0.358993	0.215462
0.28971	0.364404	0.364404	0.21871
0.2997	0.369128	0.369128	0.221545
0.30969	0.373155	0.373155	0.223962
0.31968	0.376479	0.376479	0.225957
0.32967	0.379092	0.379092	0.227525
0.33966	0.380991	0.380991	0.228665
0.34965	0.382172	0.382172	0.229374
0.35964	0.382633	0.382633	0.22965
0.36963	0.382373	0.382373	0.229495
0.37962	0.381394	0.381394	0.228907
0.38961	0.379697	0.379697	0.227889
0.3996	0.377286	0.377286	0.226442
0.40959	0.374166	0.374166	0.224569
0.41958	0.370343	0.370343	0.222275
0.42957	0.365824	0.365824	0.219562
0.43956	0.360619	0.360619	0.216438
0.44955	0.354737	0.354737	0.212908
0.45954	0.348189	0.348189	0.208978
0.46953	0.340989	0.340989	0.204656
0.47952	0.333149	0.333149	0.199951
0.48951	0.324686	0.324686	0.194872
0.4995	0.315615	0.315615	0.189427
0.50949	0.305953	0.305953	0.183629
0.51948	0.295719	0.295719	0.177486
0.52947	0.284933	0.284933	0.171013
0.53946	0.273615	0.273615	0.164219
0.54945	0.261785	0.261785	0.15712
0.55944	0.249467	0.249467	0.149727
0.56943	0.236684	0.236684	0.142054
0.57942	0.22346	0.22346	0.134118
0.58941	0.20982	0.20982	0.125931
0.5994	0.19579	0.19579	0.11751
0.60939	0.181395	0.181395	0.10887
0.61938	0.166663	0.166663	0.100028
0.62937	0.151621	0.151621	0.0910007
0.63936	0.136298	0.136298	0.081804
0.64935	0.120722	0.120722	0.0724556
0.65934	0.104922	0.104922	0.0629728
0.66933	0.0889283	0.0889283	0.0533734
0.67932	0.0727696	0.0727696	0.0436752
0.68931	0.0564763	0.0564763	0.0338962
0.6993	0.0400786	0.0400786	0.0240546
0.70929	0.0236068	0.0236068	0.0141685
0.71928	0.00709153	0.00709153	0.00425623
0.72927	-0.00943686	-0.00943686	-0.00566386
0.73926	-0.0259479	-0.0259479	-0.0155735
0.74925	-0.0424111	-0.0424111	-0.0254545
0.75924	-0.0587963	-0.0587963	-0.0352887
0.76923	-0.0750734	-0.0750734	-0.0450579
0.77922	-0.0912126	-0.0912126	-0.0547445
0.78921	-0.107184	-0.107184	-0.0643305
0.7992	-0.12296	-0.12296	-0.0737986
0.80919	-0.13851	-0.13851	-0.0831315
0.81918	-0.153806	-0.153806	-0.0923122
0.82917	-0.168821	-0.168821	-0.101324
0.83916	-0.183528	-0.183528	-0.110151
0.84915	-0.1979	-0.1979	-0.118777
0.85914	-0.211911	-0.211911	-0.127186
0.86913	-0.225535	-0.225535	-0.135363
0.87912	-0.238749	-0.238749	-0.143294
0.88911	-0.251529	-0.251529	-0.150964
0.8991	-0.263852	-0.263852	-0.15836
0.90909	-0.275696	-0.275696	-0.165469
0.91908	-0.28704	-0.28704	-0.172277
0.92907	-0.297864	-0.297864	-0.178773
0.93906	-0.308149	-0.308149	-0.184946
0.94905	-0.317877	-0.317877	-0.190785
0.95904	-0.32703	-0.32703	-0.196279
0.96903	-0.335594	-0.335594	-0.201419
0.97902	-0.343553	-0.343553	-0.206195
0.98901	-0.350894	-0.350894	-0.210601
0.999	-0.357603	-0.357603	-0.214628
1.00899	-0.36367	-0.36367	-0.21827
1.01898	-0.369085	-0.369085	-0.221519
1.02897	-0.373838	-0.373838	-0.224372
1.03896	-0.377922	-0.377922	-0.226823
1.04895	-0.381331	-0.381331	-0.228869
1.05894	-0.384058	-0.384058	-0.230506
1.06893	-0.3861	-0.3861	-0.231731
1.07892	-0.387454	-0.387454	-0.232544
1.08891	-0.388118	-0.388118	-0.232943
1.0989	-0.388093	-0.388093	-0.232928
1.10889	-0.387378	-0.387378	-0.232499
1.11888	-0.385977	-0.385977	-0.231658
1.12887	-0.383892	-0.383892	-0.230406
1.13886	-0.381128	-0.381128	-0.228748
1.14885	-0.377691	-0.377691	-0.226685
1.15884	-0.373588	-0.373588	-0.224222
1.16883	-0.368827	-0.368827	-0.221364
1.17882	-0.363416	-0.363416	-0.218117
1.18881	-0.357367	-0.357367	-0.214486
1.1988	-0.350691	-0.350691	-0.210479
1.20879	-0.3434	-0.3434	-0.206104
1.21878	-0.335508	-0.335508	-0.201367
1.22877	-0.32703	-0.32703	-0.196279
1.23876	-0.317981	-0.317981	-0.190848
1.24875	-0.308378	-0.308378	-0.185084
1.25874	-0.298239	-0.298239	-0.178998
1.26873	-0.287581	-0.287581	-0.172602
1.27872	-0.276424	-0.276424	-0.165906
1.28871	-0.264788	-0.264788	-0.158922
1.2987	-0.252694	-0.252694	-0.151663
1.30869	-0.240164	-0.240164	-0.144143
1.31868	-0.227219	-0.227219	-0.136373
1.32867	-0.213883	-0.213883	-0.128369
1.33866	-0.200179	-0.200179	-0.120144
1.34865	-0.186131	-0.186131	-0.111713
1.35864	-0.171764	-0.171764	-0.10309
1.36863	-0.157103	-0.157103	-0.094291
1.37862	-0.142174	-0.142174	-0.0853306
1.38861	-0.127002	-0.127002	-0.0762247
1.3986	-0.111614	-0.111614	-0.0669889
1.40859	-0.0960357	-0.0960357	-0.0576392
1.41858	-0.0802945	-0.0802945	-0.0481916
1.42857	-0.0644173	-0.0644173	-0.0386623
1.43856	-0.048431	-0.048431	-0.0290676
1.44855	-0.032363	-0.032363	-0.0194238
1.45854	-0.0162403	-0.0162403	-0.00974718
1.46853	-9.02707e-005	-9.02707e-005	-5.41791e-005
1.47852	0.0160599	0.0160599	0.00963892
1.48851	0.0321831	0.0321831	0.0193158
1.4985	0.0482525	0.0482525	0.0289604
1.50849	0.0642412	0.0642412	0.0385566
1.51848	0.0801227	0.0801227	0.0480884
1.52847	0.0958707	0.0958707	0.0575402
1.53846	0.111459	0.111459	0.0668962
1.54845	0.126863	0.126863	0.0761413
1.55844	0.142057	0.142057	0.0852602
1.56843	0.157015	0.157015	0.0942381
1.57842	0.171715	0.171715	0.103061
1.58841	0.186131	0.186131	0.111713
1.5984	0.200242	0.200242	0.120182
1.60839	0.214024	0.214024	0.128454
1.61838	0.227455	0.227455	0.136515
1.62837	0.240515	0.240515	0.144354
1.63836	0.253183	0.253183	0.151956
1.64835	0.265438	0.265438	0.159312
1.65834	0.277262	0.277262	0.166409
1.66833	0.288636	0.288636	0.173235
1.67832	0.299544	0.299544	0.179782
1.68831	0.309968	0.309968	0.186038
1.6983	0.319892	0.319892	0.191994
1.70829	0.329302	0.329302	0.197642
1.71828	0.338183	0.338183	0.202972
1.72827	0.346523	0.346523	0.207978
1.73826	0.354309	0.354309	0.212651
1.74825	0.36153	0.36153	0.216985
1.75824	0.368177	0.368177	0.220974
1.76823	0.374238	0.374238	0.224612
1.77822	0.379707	0.379707	0.227895
1.78821	0.384576	0.384576	0.230817
1.7982	0.388839	0.388839	0.233375
1.80819	0.39249	0.39249	0.235566
1.81818	0.395524	0.395524	0.237388
1.82817	0.39794	0.39794	0.238838
1.83816	0.399733	0.399733	0.239914
1.84815	0.400904	0.400904	0.240617
1.85814	0.401451	0.401451	0.240945
1.86813	0.401375	0.401375	0.2409
1.87812	0.400679	0.400679	0.240481
1.88811	0.399363	0.399363	0.239692
1.8981	0.397433	0.397433	0.238533
1.90809	0.394892	0.394892	0.237008
1.91808	0.391745	0.391745	0.23512
1.92807	0.388	0.388	0.232872
1.93806	0.383663	0.383663	0.230269
1.94805	0.378743	0.378743	0.227316
1.95804	0.373248	0.373248	0.224018
1.96803	0.367188	0.367188	0.220381
1.97802	0.360574	0.360574	0.216411
1.98801	0.353417	0.353417	0.212115
1.998	0.345729	0.345729	0.207501
2.00799	0.337524	0.337524	0.202577
2.01798	0.328814	0.328814	0.197349
2.02797	0.319615	0.319615	0.191828
2.03796	0.309941	0.309941	0.186022
2.04795	0.299808	0.299808	0.17994
2.05794	0.289231	0.289231	0.173592
2.06793	0.278229	0.278229	0.166989
2.07792	0.266818	0.266818	0.16014
2.08791	0.255016	0.255016	0.153057
2.0979	0.242841	0.242841	0.14575
2.10789	0.230313	0.230313	0.138231
2.11788	0.21745	0.21745	0.13051
2.12787	0.204273	0.204273	0.122601
2.13786	0.1908	0.1908	0.114515
2.14785	0.177052	0.177052	0.106264
2.15784	0.163051	0.163051	0.0978605
2.16783	0.148816	0.148816	0.0893169
2.17782	0.134368	0.134368	0.0806457
2.18781	0.11973	0.11973	0.0718599
2.1978	0.104921	0.104921	0.0629721
2.20779	0.0899643	0.0899643	0.0539953
2.21778	0.0748808	0.0748808	0.0449423
2.22777	0.059692	0.059692	0.0358262
2.23776	0.0444195	0.0444195	0.02666
2.24775	0.0290851	0.0290851	0.0174564
2.25774	0.0137102	0.0137102	0.00822864
2.26773	-0.00168381	-0.00168381	-0.0010106
2.27772	-0.0170755	-0.0170755	-0.0102484
2.28771	-0.0324436	-0.0324436	-0.0194722
2.2977	-0.0477672	-0.0477672	-0.0286691
2.30769	-0.0630254	-0.0630254	-0.0378269
2.31768	-0.0781976	-0.0781976	-0.046933
2.32767	-0.0932634	-0.0932634	-0.0559753
2.33766	-0.108203	-0.108203	-0.0649418
2.34765	-0.122996	-0.122996	-0.0738206
2.35764	-0.137624	-0.137624	-0.0826
2.36763	-0.152067	-0.152067	-0.0912686
2.37762	-0.166307	-0.166307	-0.0998153
2.38761	-0.180326	-0.180326	-0.108229
2.3976	-0.194105	-0.194105	-0.116499
2.40759	-0.207628	-0.207628	-0.124615
2.41758	-0.220877	-0.220877	-0.132567
2.42757	-0.233836	-0.233836	-0.140345
2.43756	-0.246489	-0.246489	-0.147939
2.44755	-0.258822	-0.258822	-0.155341
2.45754	-0.270818	-0.270818	-0.162541
2.46753	-0.282464	-0.282464	-0.169531
2.47752	-0.293746	-0.293746	-0.176302
2.48751	-0.304651	-0.304651	-0.182847
2.4975	-0.315167	-0.315167	-0.189158
2.50749	-0.325281	-0.325281	-0.195229
2.51748	-0.334982	-0.334982	-0.201051
2.52747	-0.344261	-0.344261	-0.20662
2.53746	-0.353106	-0.353106	-0.211929
2.54745	-0.361509	-0.361509	-0.216972
2.55744	-0.36946	-0.36946	-0.221744
2.56743	-0.376952	-0.376952	-0.226241
2.57742	-0.383977	-0.383977	-0.230457
2.58741	-0.390529	-0.390529	-0.23439
2.5974	-0.396601	-0.396601	-0.238034
2.60739	-0.402189	-0.402189	-0.241388
2.61738	-0.407287	-0.407287	-0.244447
2.62737	-0.411891	-0.411891	-0.247211
2.63736	-0.415997	-0.415997	-0.249676
2.64735	-0.419604	-0.419604	-0.25184
2.65734	-0.422709	-0.422709	-0.253704
2.66733	-0.42531	-0.42531	-0.255265
2.67732	-0.427407	-0.427407	-0.256523
2.68731	-0.428999	-0.428999	-0.257479
2.6973	-0.430087	-0.430087	-0.258132
2.70729	-0.430672	-0.430672	-0.258483
2.71728	-0.430756	-0.430756	-0.258533
2.72727	-0.43034	-0.43034	-0.258283
2.73726	-0.429427	-0.429427	-0.257736
2.74725	-0.428022	-0.428022	-0.256892
2.75724	-0.426127	-0.426127	-0.255755
2.76723	-0.423748	-0.423748	-0.254327
2.77722	-0.420889	-0.420889	-0.252611
2.78721	-0.417556	-0.417556	-0.250611
2.7972	-0.413755	-0.413755	-0.24833
2.80719	-0.409493	-0.409493	-0.245771
2.81718	-0.404776	-0.404776	-0.24294
2.82717	-0.399612	-0.399612	-0.239841
2.83716	-0.39401	-0.39401	-0.236479
2.84715	-0.387977	-0.387977	-0.232858
2.85714	-0.381522	-0.381522	-0.228984
2.86713	-0.374655	-0.374655	-0.224862
2.87712	-0.367385	-0.367385	-0.220499
2.88711	-0.359721	-0.359721	-0.215899
2.8971	-0.351675	-0.351675	-0.21107
2.90709	-0.343257	-0.343257	-0.206018
2.91708	-0.334477	-0.334477	-0.200748
2.92707	-0.325347	-0.325347	-0.195269
2.93706	-0.315879	-0.315879	-0.189586
2.94705	-0.306083	-0.306083	-0.183707
2.95704	-0.295973	-0.295973	-0.177638
2.96703	-0.285559	-0.285559	-0.171388
2.97702	-0.274855	-0.274855	-0.164964
2.98701	-0.263873	-0.263873	-0.158373
2.997	-0.252626	-0.252626	-0.151622
3.00699	-0.241126	-0.241126	-0.14472
3.01698	-0.229386	-0.229386	-0.137674
3.02697	-0.21742	-0.21742	-0.130492
3.03696	-0.20524	-0.20524	-0.123182
3.04695	-0.192861	-0.192861	-0.115752
3.05694	-0.180294	-0.180294	-0.10821
3.06693	-0.167553	-0.167553	-0.100563
3.07692	-0.154652	-0.154652	-0.0928201
3.08691	-0.141604	-0.141604	-0.0849888
3.0969	-0.128422	-0.128422	-0.0770773
3.10689	-0.11512	-0.11512	-0.0690933
3.11688	-0.10171	-0.10171	-0.0610449
3.12687	-0.088206	-0.088206	-0.05294
3.13686	-0.0746207	-0.0746207	-0.0447863
3.14685	-0.0609672	-0.0609672	-0.0365916
3.15684	-0.0472584	-0.0472584	-0.0283638
3.16683	-0.0335069	-0.0335069	-0.0201103
3.17682	-0.0197254	-0.0197254	-0.0118389
3.18681	-0.00592633	-0.00592633	-0.00355689
3.1968	0.00787796	0.00787796	0.00472823
3.20679	0.0216754	0.0216754	0.0130092
3.21678	0.0354539	0.0354539	0.0212789
3.22677	0.0492019	0.0492019	0.0295302
3.23676	0.0629077	0.0629077	0.0377563
3.24675	0.07656	0.07656	0.0459502
3.25674	0.0901478	0.0901478	0.0541054
3.26673	0.10366	0.10366	0.0622152
3.27672	0.117086	0.117086	0.0702734
3.28671	0.130416	0.130416	0.0782736
3.2967	0.143639	0.143639	0.0862098
3.30669	0.156745	0.156745	0.094076
3.31668	0.169725	0.169725	0.101867
3.32667	0.18257	0.18257	0.109576
3.33666	0.19527	0.19527	0.117198
3.34665	0.207817	0.207817	0.124729
3.35664	0.220203	0.220203	0.132162
3.36663	0.232418	0.232418	0.139494
3.37662	0.244456	0.244456	0.146719
3.38661	0.256308	0.256308	0.153832
3.3966	0.267967	0.267967	0.16083
3.40659	0.279428	0.279428	0.167708
3.41658	0.290682	0.290682	0.174463
3.42657	0.301723	0.301723	0.18109
3.43656	0.312546	0.312546	0.187585
3.44655	0.323145	0.323145	0.193947
3.45654	0.333514	0.333514	0.20017
3.46653	0.343648	0.343648	0.206253
3.47652	0.353543	0.353543	0.212191
3.48651	0.363194	0.363194	0.217984
3.4965	0.372597	0.372597	0.223627
3.50649	0.381748	0.381748	0.22912
3.51648	0.390644	0.390644	0.234459
3.52647	0.399282	0.399282	0.239643
3.53646	0.407657	0.407657	0.24467
3.54645	0.415769	0.415769	0.249538
3.55644	0.423614	0.423614	0.254247
3.56643	0.431191	0.431191	0.258794
3.57642	0.438497	0.438497	0.263179
3.58641	0.445532	0.445532	0.267402
3.5964	0.452294	0.452294	0.27146
3.60639	0.458782	0.458782	0.275354
3.61638	0.464996	0.464996	0.279084
3.62637	0.470935	0.470935	0.282648
3.63636	0.476599	0.476599	0.286048
3.64635	0.481989	0.481989	0.289282
3.65634	0.487104	0.487104	0.292352
3.66633	0.491945	0.491945	0.295258
3.67632	0.496514	0.496514	0.298
3.68631	0.500811	0.500811	0.300579
3.6963	0.504837	0.504837	0.302996
3.70629	0.508595	0.508595	0.305251
3.71628	0.512085	0.512085	0.307346
3.72627	0.515311	0.515311	0.309282
3.73626	0.518273	0.518273	0.31106
3.74625	0.520975	0.520975	0.312681
3.75624	0.523419	0.523419	0.314148
3.76623	0.525607	0.525607	0.315461
3.77622	0.527542	0.527542	0.316623
3.78621	0.529229	0.529229	0.317635
3.7962	0.530669	0.530669	0.318499
3.80619	0.531865	0.531865	0.319218
3.81618	0.532823	0.532823	0.319792
3.82617	0.533544	0.533544	0.320225
3.83616	0.534034	0.534034	0.320519
3.84615	0.534295	0.534295	0.320676
3.85614	0.534332	0.534332	0.320698
3.86613	0.534148	0.534148	0.320588
3.87612	0.533749	0.533749	0.320348
3.88611	0.533138	0.533138	0.319981
3.8961	0.532319	0.532319	0.31949
3.90609	0.531298	0.531298	0.318877
3.91608	0.530078	0.530078	0.318145
3.92607	0.528664	0.528664	0.317297
3.93606	0.527062	0.527062	0.316335
3.94605	0.525274	0.525274	0.315262
3.95604	0.523308	0.523308	0.314081
3.96603	0.521166	0.521166	0.312796
3.97602	0.518854	0.518854	0.311408
3.98601	0.516377	0.516377	0.309922
3.996	0.513739	0.513739	0.308339
4.00599	0.510947	0.510947	0.306663
4.01598	0.508003	0.508003	0.304896
4.02597	0.504914	0.504914	0.303042
4.03596	0.501685	0.501685	0.301104
4.04595	0.49832	0.49832	0.299084
4.05594	0.494824	0.494824	0.296986
4.06593	0.491202	0.491202	0.294812
4.07592	0.487459	0.487459	0.292566
4.08591	0.4836	0.4836	0.29025
4.0959	0.47963	0.47963	0.287867
4.10589	0.475554	0.475554	0.28542
4.11588	0.471376	0.471376	0.282913
4.12587	0.467101	0.467101	0.280347
4.13586	0.462734	0.462734	0.277726
4.14585	0.458279	0.458279	0.275052
4.15584	0.453742	0.453742	0.272329
4.16583	0.449126	0.449126	0.269559
4.17582	0.444437	0.444437	0.266744
4.18581	0.439678	0.439678	0.263888
4.1958	0.434854	0.434854	0.260993
4.20579	0.42997	0.42997	0.258062
4.21578	0.42503	0.42503	0.255097
4.22577	0.420038	0.420038	0.2521
4.23576	0.414998	0.414998	0.249075
4.24575	0.409913	0.409913	0.246024
4.25574	0.40479	0.40479	0.242949
4.26573	0.39963	0.39963	0.239852
4.27572	0.394438	0.394438	0.236736
4.28571	0.389218	0.389218	0.233603
4.2957	0.383974	0.383974	0.230455
4.30569	0.378708	0.378708	0.227295
4.31568	0.373425	0.373425	0.224124
4.32567	0.368129	0.368129	0.220945
4.33566	0.362821	0.362821	0.21776
4.34565	0.357506	0.357506	0.21457
4.35564	0.352188	0.352188	0.211378
4.36563	0.346868	0.346868	0.208185
4.37562	0.34155	0.34155	0.204993
4.38561	0.336237	0.336237	0.201805
4.3956	0.330933	0.330933	0.198621
4.40559	0.325638	0.325638	0.195443
4.41558	0.320357	0.320357	0.192274
4.42557	0.315092	0.315092	0.189114
4.43556	0.309846	0.309846	0.185965
4.44555	0.30462	0.30462	0.182828
4.45554	0.299418	0.299418	0.179706
4.46553	0.294241	0.294241	0.176599
4.47552	0.289091	0.289091	0.173508
4.48551	0.283972	0.283972	0.170436
4.4955	0.278884	0.278884	0.167382
4.50549	0.273829	0.273829	0.164348
4.51548	0.268811	0.268811	0.161336
4.52547	0.263829	0.263829	0.158346
4.53546	0.258887	0.258887	0.15538
4.54545	0.253985	0.253985	0.152438
4.55544	0.249125	0.249125	0.149521
4.56543	0.244309	0.244309	0.146631
4.57542	0.239538	0.239538	0.143767
4.58541	0.234813	0.234813	0.140931
4.5954	0.230136	0.230136	0.138124
4.60539	0.225507	0.225507	0.135346
4.61538	0.220928	0.220928	0.132598
4.62537	0.2164	0.2164	0.12988
4.63536	0.211923	0.211923	0.127193
4.64535	0.207499	0.207499	0.124538
4.65534	0.203129	0.203129	0.121915
4.66533	0.198812	0.198812	0.119324
4.67532	0.194551	0.194551	0.116767
4.68531	0.190345	0.190345	0.114242
4.6953	0.186195	0.186195	0.111751
4.70529	0.182102	0.182102	0.109295
4.71528	0.178066	0.178066	0.106872
4.72527	0.174087	0.174087	0.104484
4.73526	0.170166	0.170166	0.102131
4.74525	0.166303	0.166303	0.0998127
4.75524	0.162499	0.162499	0.0975294
4.76523	0.158753	0.158753	0.0952812
4.77522	0.155066	0.155066	0.0930683
4.78521	0.151438	0.151438	0.0908908
4.7952	0.147869	0.147869	0.0887486
4.80519	0.144358	0.144358	0.0866417
4.81518	0.140907	0.140907	0.0845703
4.82517	0.137514	0.137514	0.0825342
4.83516	0.134181	0.134181	0.0805333
4.84515	0.130906	0.130906	0.0785677
4.85514	0.127689	0.127689	0.0766371
4.86513	0.124531	0.124531	0.0747415
4.87512	0.121431	0.121431	0.0728808
4.88511	0.118388	0.118388	0.0710547
4.8951	0.115403	0.115403	0.0692632
4.90509	0.112475	0.112475	0.0675059
4.91508	0.109604	0.109604	0.0657827
4.92507	0.106789	0.106789	0.0640934
4.93506	0.104031	0.104031	0.0624378
4.94505	0.101328	0.101328	0.0608155
4.95504	0.09868	0.09868	0.0592263
4.96503	0.0960868	0.0960868	0.0576699
4.97502	0.0935478	0.0935478	0.056146
4.98501	0.0910626	0.0910626	0.0546544
4.995	0.0886305	0.0886305	0.0531947
5.00499	0.086251	0.086251	0.0517666
5.01498	0.0839236	0.0839236	0.0503697
5.02497	0.0816478	0.0816478	0.0490038
5.03496	0.0794229	0.0794229	0.0476684
5.04495	0.0772483	0.0772483	0.0463633
5.05494	0.0751234	0.0751234	0.045088
5.06493	0.0730477	0.0730477	0.0438422
5.07492	0.0710205	0.0710205	0.0426255
5.08491	0.0690412	0.0690412	0.0414375
5.0949	0.0671091	0.0671091	0.0402779
5.10489	0.0652237	0.0652237	0.0391463
5.11488	0.0633842	0.0633842	0.0380422
5.12487	0.06159	0.06159	0.0369654
5.13486	0.0598405	0.0598405	0.0359154
5.14485	0.0581349	0.0581349	0.0348917
5.15484	0.0564727	0.0564727	0.0338941
5.16483	0.0548532	0.0548532	0.0329221
5.17482	0.0532757	0.0532757	0.0319753
5.18481	0.0517396	0.0517396	0.0310533
5.1948	0.0502442	0.0502442	0.0301558
5.20479	0.0487888	0.0487888	0.0292823
5.21478	0.0473728	0.0473728	0.0284325
5.22477	0.0459956	0.0459956	0.0276059
5.23476	0.0446564	0.0446564	0.0268021
5.24475	0.0433547	0.0433547	0.0260209
5.25474	0.0420899	0.0420899	0.0252617
5.26473	0.0408612	0.0408612	0.0245243
5.27472	0.039668	0.039668	0.0238082
5.28471	0.0385098	0.0385098	0.023113
5.2947	0.0373859	0.0373859	0.0224385
5.30469	0.0362957	0.0362957	0.0217842
5.31468	0.0352387	0.0352387	0.0211497
5.32467	0.0342141	0.0342141	0.0205348
5.33466	0.0332215	0.0332215	0.019939
5.34465	0.0322602	0.0322602	0.0193621
5.35464	0.0313298	0	0.0188037
5.36463	0.0304296	0	0.0182634
5.37462	0.0295591	0	0.0177409
5.38461	0.0287177	0	0.017236
5.3946	0.027905	0	0.0167482
5.40459	0.0271205	0	0.0162773
5.41458	0.0263636	0	0.015823
5.42457	0.0256338	0	0.015385
5.43456	0.0249307	0	0.014963
5.44455	0.0242538	0	0.0145568
5.45454	0.0236027	0	0.014166
5.46453	0.0229769	0	0.0137904
5.47452	0.022376	0	0.0134298
5.48451	0.0217997	0	0.0130838
5.4945	0.0212474	0	0.0127524
5.50449	0.0207189	0	0.0124351
5.51448	0.0202137	0	0.012132
5.52447	0.0197315	0	0.0118426
5.53446	0.0192721	0	0.0115668
5.54445	0.018835	0	0.0113045
5.55444	0.01842	0	0.0110554
5.56443	0.0180267	0	0.0108194
5.57442	0.017655	0	0.0105963
5.58441	0.0173046	0	0.010386
5.5944	0.0169752	0	0.0101883
5.60439	0.0166667	0	0.0100031
5.61438	0.0163788	0	0.00983029
5.62437	0.0161113	0	0.00966979
5.63436	0.0158642	0	0.00952147
5.64435	0.0156373	0	0.00938527
5.65434	0.0154304	0	0.00926112
5.66433	0.0152436	0	0.00914896
5.67432	0.0150766	0	0.00904874
5.68431	0.0149295	0	0.00896045
5.6943	0.0148022	0	0.00888406
5.70429	0.0146948	0	0.00881957
5.71428	0.0146072	0	0.00876701
5.72427	0.0145395	0	0.00872639
5.73426	0.0144918	0	0.00869777
5.74425	0.0144642	0	0.0086812
5.75424	0.0144568	0	0.00867675
5.76423	0.0144697	0	0.00868453
5.77422	0.0145033	0	0.00870464
5.78421	0.0145575	0	0.00873721
5.7942	0.0146328	0	0.00878239
5.80419	0.0147294	0	0.00884034
5.81418	0.0148475	0	0.00891125
5.82417	0.0149876	0	0.00899534
5.83416	0.01515	0	0.00909282
5.84415	0.0153352	0	0.00920395
5.85414	0.0155435	0	0.00932901
5.86413	0.0157756	0	0.00946828
5.87412	0.0160319	0	0.0096221
5.88411	0.016313	0	0.00979081
5.8941	0.0166195	0	0.00997478
5.90409	0.0169522	0	0.0101744
5.91408	0.0173116	0	0.0103902
5.92407	0.0176987	0	0.0106225
5.93406	0.0181143	0	0.0108719
5.94405	0.0185591	0	0.0111389
5.95404	0.0190342	0	0.011424
5.96403	0.0195406	0	0.011728
5.97402	0.0200792	0	0.0120513
5.98401	0.0206514	0	0.0123946
5.994	0.0212581	0	0.0127588
6.00399	0.0219008	0	0.0131446
6.01398	0.0225808	0	0.0135527
6.02397	0.0232995	0	0.013984
6.03396	0.0240583	0	0.0144395
6.04395	0.024859	0	0.01492
6.05394	0.0257032	0	0.0154267
6.06393	0.0265927	0	0.0159605
6.07392	0.0275293	0	0.0165227
6.08391	0.0285151	0	0.0171144
6.0939	0.0295522	0	0.0177368
6.10389	0.0306428	0	0.0183914
6.11388	0.0317893	0	0.0190794
6.12387	0.032994	0	0.0198025
6.13386	0.0342597	0	0.0205622
6.14385	0.0355891	0	0.0213601
6.15384	0.0369851	0	0.0221979
6.16383	0.0384508	0	0.0230776
6.17382	0.0399893	0	0.024001
6.18381	0.0416042	0	0.0249702
6.1938	0.043299	0	0.0259874
6.20379	0.0450774	0	0.0270548
6.21378	0.0469436	0	0.0281748
6.22377	0.0489016	0	0.02935
6.23376	0.050956	0	0.0305831
6.24375	0.0531115	0	0.0318767
6.25374	0.0553728	0	0.0332339
6.26373	0.0577454	0	0.0346579
6.27372	0.0602345	0	0.0361519
6.28371	0.0628461	0	0.0377193
6.2937	0.0655862	0	0.0393639
6.30369	0.0684613	0	0.0410894
6.31368	0.071478	0	0.0429
6.32367	0.0746436	0	0.0448
6.33366	0.0779657	0	0.0467938
6.34365	0.081452	0	0.0488863
6.35364	0.0851111	0	0.0510824
6.36363	0.0889517	0	0.0533875
6.37362	0.0929832	0	0.0558071
6.38361	0.0972154	0	0.0583473
6.3936	0.101659	0	0.0610141
6.40359	0.106324	0	0.0638141
6.41358	0.111223	0	0.0667543
6.42357	0.116368	0	0.0698421
6.43356	0.121771	0	0.073085
6.44355	0.127446	0	0.0764913
6.45354	0.133408	0	0.0800696
6.46353	0.139672	0	0.0838289
6.47352	0.146253	0	0.0877788
6.48351	0.153168	0	0.0919294
6.4935	0.160436	0	0.0962914
6.50349	0.168075	0	0.100876
6.51348	0.176105	0	0.105695
6.52347	0.184546	0	0.110762
6.53346	0.193422	0	0.116089
6.54345	0.202754	0	0.12169
6.55344	0.212569	0	0.127581
6.56343	0.222892	0	0.133777
6.57342	0.233751	0	0.140294
6.58341	0.245175	0	0.14715
6.5934	0.257194	0	0.154364
6.60339	0.269842	0	0.161955
6.61338	0.283153	0	0.169944
6.62337	0.297163	0	0.178353
6.63336	0.31191	0	0.187204
6.64335	0.327437	0	0.196523
6.65334	0.343784	0	0.206334
6.66333	0.360999	0	0.216666
6.67332	0.379129	0	0.227548
6.68331	0.398226	0	0.239009
6.6933	0.418343	0	0.251083
6.70329	0.439537	0	0.263804
6.71328	0.461869	0	0.277207
6.72327	0.485404	0	0.291332
6.73326	0.510208	0	0.306219
6.74325	0.536353	0	0.321911
6.75324	0.563916	0	0.338454
6.76323	0.592977	0	0.355896
6.77322	0.62362	0	0.374288
6.78321	0.655937	0	0.393684
6.7932	0.690023	0	0.414141
6.80319	0.725978	0	0.435721
6.81318	0.763911	0	0.458488
6.82317	0.803936	0	0.48251
6.83316	0.846171	0	0.507859
6.84315	0.890746	0	0.534613
6.85314	0.937795	0	0.562851
6.86313	0.987463	0	0.592661
6.87312	1.0399	0	0.624133
6.88311	1.09527	0	0.657365
6.8931	1.15374	0	0.692459
6.90309	1.2155	0	0.729525
6.91308	1.28073	0	0.768677
6.92307	1.34965	0	0.810039
6.93306	1.42246	0	0.85374
6.94305	1.4994	0	0.899918
6.95304	1.58071	0	0.94872
6.96303	1.66666	0	1.0003
6.97302	1.7575	0	1.05483
6.98301	1.85355	0	1.11247
6.993	1.9551	0	1.17342
7.00299	2.06249	0	1.23788
7.01298	2.17607	0	1.30604
7.02297	2.2962	0	1.37814
7.03296	2.42328	0	1.45442
7.04295	2.55773	0	1.53511
7.05294	2.7	0	1.6205
7.06293	2.85055	0	1.71086
7.07292	3.0099	0	1.80649
7.08291	3.17856	0	1.90773
7.0929	3.35712	0	2.01489
7.10289	3.54617	0	2.12836
7.11288	3.74635	0	2.2485
7.12287	3.95835	0	2.37574
7.13286	4.18289	0	2.51051
7.14285	4.42074	0	2.65326
7.15284	4.67273	0	2.8045
7.16283	4.93972	0	2.96474
7.17282	5.22264	0	3.13455
7.18281	5.52247	0	3.31451
7.1928	5.84028	0	3.50525
7.20279	6.17718	0	3.70745
7.21278	6.53435	0	3.92182
7.22277	6.91306	0	4.14912
7.23276	7.31467	0	4.39016
7.24275	7.74061	0	4.6458
7.25274	8.19239	0	4.91695
7.26273	8.67167	0	5.20461
7.27272	9.18015	0	5.50979
7.28271	9.7197	0	5.83362
7.2927	10.2923	0	6.17728
7.30269	10.9	0	6.54201
7.31268	11.545	0	6.92917
7.32267	12.2298	0	7.34017
7.33266	12.9569	0	7.77655
7.34265	13.729	0	8.23992
7.35264	14.5489	0	8.73201
7.36263	15.4197	0	9.25466
7.37262	16.3447	0	9.80985
7.38261	17.3274	0	10.3997
7.3926	18.3716	0	11.0263
7.40259	19.4811	0	11.6923
7.41258	20.6602	0	12.4
7.42257	21.9135	0	13.1522
7.43256	23.2458	0	13.9518
7.44255	24.6621	0	14.8019
7.45254	26.1681	0	15.7057
7.46253	27.7696	0	16.6669
7.47252	29.4727	0	17.6891
7.48251	31.2843	0	18.7763
7.4925	33.2113	0	19.9329
7.50249	35.2615	0	21.1635
7.51248	37.443	0	22.4727
7.52247	39.7644	0	23.866
7.53246	42.2351	0	25.3489
7.54245	44.8649	0	26.9272
7.55244	47.6644	0	28.6074
7.56243	50.6449	0	30.3963
7.57242	53.8185	0	32.3011
7.58241	57.1981	0	34.3294
7.5924	60.7975	0	36.4898
7.60239	64.6315	0	38.7909
7.61238	68.7159	0	41.2423
7.62237	73.0674	0	43.854
7.63236	77.7042	0	46.6369
7.64235	82.6455	0	49.6026
7.65234	87.912	0	52.7635
7.66233	93.5256	0	56.1327
7.67232	99.5101	0	59.7245
7.68231	105.891	0	63.554
7.6923	112.694	0	67.6374
7.70229	119.95	0	71.9921
7.71228	127.688	0	76.6366
7.72227	135.943	0	81.5908
7.73226	144.749	0	86.8761
7.74225	154.144	0	92.5151
7.75224	164.17	0	98.5323
7.76223	174.869	0	104.954
7.77222	186.289	0	111.808
7.78221	198.478	0	119.124
7.7922	211.491	0	126.934
7.80219	225.385	0	135.273
7.81218	240.222	0	144.177
7.82217	256.066	0	153.687
7.83216	272.989	0	163.844
7.84215	291.066	0	174.693
7.85214	310.378	0	186.284
7.86213	331.012	0	198.668
7.87212	353.061	0	211.902
7.88211	376.624	0	226.044
7.8921	401.809	0	241.16
7.90209	428.731	0	257.318
7.91208	457.513	0	274.592
7.92207	488.286	0	293.062
7.93206	521.192	0	312.812
7.94205	556.383	0	333.933
7.95204	594.024	0	356.524
7.96203	634.287	0	380.69
7.97202	677.362	0	406.543
7.98201	723.45	0	434.204
7.992	772.768	0	463.804
8.00199	825.548	0	495.482
8.01198	882.04	0	529.387
8.02197	942.511	0	565.681
8.03196	1007.25	0	604.537
8.04195	1076.57	0	646.139
8.05194	1150.79	0	690.689
8.06193	1230.28	0	738.399
8.07192	1315.43	0	789.499
8.08191	1406.63	0	844.239
8.0919	1504.34	0	902.882
8.10189	1609.03	0	965.715
8.11188	1721.21	0	1033.05
8.12187	1841.44	0	1105.2
8.13186	1970.3	0	1182.54
8.14185	2108.43	0	1265.45
8.15184	2256.52	0	1354.33
8.16183	2415.3	0	1449.62
8.17182	2585.56	0	1551.81
8.18181	2768.15	0	1661.4
8.1918	2964	0	1778.95
8.20179	3174.08	0	1905.04
8.21178	3399.46	0	2040.31
8.22177	3641.28	0	2185.44
8.23176	3900.77	0	2341.18
8.24175	4179.25	0	2508.32
8.25174	4478.14	0	2687.71
8.26173	4798.99	0	2880.28
8.27172	5143.43	0	3087.01
8.28171	5513.26	0	3308.98
8.2917	5910.38	0	3547.32
8.30169	6336.87	0	3803.29
8.31168	6794.94	0	4078.22
8.32167	7286.98	0	4373.54
8.33166	7815.59	0	4690.8
8.34165	8383.55	0	5031.68
8.35164	8993.84	0	5397.97
8.36163	9649.71	0	5791.61
8.37162	10354.6	0	6214.7
8.38161	11112.4	0	6669.49
8.3916	11927	0	7158.4
8.40159	12802.8	0	7684.07
8.41158	13744.6	0	8249.32
8.42157	14757.4	0	8857.19
8.43156	15846.8	0	9510.99
8.44155	17018.5	0	10214.3
8.45154	18279.1	0	10970.8
8.46153	19635.3	0	11784.8
8.47152	21094.7	0	12660.7
8.48151	22665.2	0	13603.3
8.4915	24355.5	0	14617.8
8.50149	26174.9	0	15709.8
8.51148	28133.6	0	16885.4
8.52147	30242.4	0	18151.1
8.53146	32513.1	0	19513.9
8.54145	34958.5	0	20981.6
8.55144	37592.2	0	22562.3
8.56143	40429	0	24264.9
8.57142	43485	0	26099.1
8.58141	46777.6	0	28075.2
8.5914	50325.4	0	30204.5
8.60139	54148.5	0	32499.2
8.61138	58269	0	34972.2
8.62137	62710.4	0	37637.9
8.63136	67498.3	0	40511.4
8.64135	72660.2	0	43609.5
8.65134	78226	0	46950.1
8.66133	84228	0	50552.4
8.67132	90701.2	0	54437.5
8.68131	97683.2	0	58628
8.6913	105215	0	63148.5
8.70129	113341	0	68025.5
8.71128	122109	0	73287.8
8.72127	131570	0	78966.3
8.73126	141781	0	85094.8
8.74125	152802	0	91709.5
8.75124	164699	0	98850
8.76123	177543	0	106559
8.77122	191412	0	114882
8.78121	206387	0	123870
8.7912	222560	0	133577
8.80119	240028	0	144061
8.81118	258898	0	155387
8.82117	279283	0	167622
8.83116	301309	0	180841
8.84115	325109	0	195125
8.85114	350830	0	210563
8.86113	378630	0	227248
8.87112	408680	0	245284
8.88111	441166	0	264782
8.8911	476290	0	285862
8.90109	514270	0	308657
8.91108	555343	0	333309
8.92107	599766	0	359971
8.93106	647817	0	388810
8.94105	699799	0	420009
8.95104	756040	0	453764
8.96103	816895	0	490288
8.97102	882750	0	529814
8.98101	954025	0	572591
8.991	1.03117e+006	0	618895
9.00099	1.11469e+006	0	669020
9.01098	1.20511e+006	0	723288
9.02097	1.30301e+006	0	782048
9.03096	1.40903e+006	0	845680
9.04095	1.52385e+006	0	914595
9.05094	1.64822e+006	0	989239
9.06093	1.78295e+006	0	1.0701e+006
9.07092	1.92891e+006	0	1.1577e+006
9.08091	2.08706e+006	0	1.25262e+006
9.0909	2.25843e+006	0	1.35548e+006
9.10089	2.44416e+006	0	1.46695e+006
9.11088	2.64546e+006	0	1.58777e+006
9.12087	2.86368e+006	0	1.71874e+006
9.13086	3.10025e+006	0	1.86072e+006
9.14085	3.35675e+006	0	2.01467e+006
9.15084	3.63489e+006	0	2.1816e+006
9.16083	3.93652e+006	0	2.36264e+006
9.17082	4.26368e+006	0	2.559e+006
9.18081	4.61856e+006	0	2.77199e+006
9.1908	5.00354e+006	0	3.00305e+006
9.20079	5.42124e+006	0	3.25375e+006
9.21078	5.87448e+006	0	3.52578e+006
9.22077	6.36635e+006	0	3.82099e+006
9.23076	6.90019e+006	0	4.14139e+006
9.24075	7.47965e+006	0	4.48917e+006
9.25074	8.10869e+006	0	4.86672e+006
9.26073	8.79165e+006	0	5.27662e+006
9.27072	9.53322e+006	0	5.7217e+006
9.28071	1.03385e+007	0	6.20503e+006
9.2907	1.12131e+007	0	6.72995e+006
9.30069	1.21631e+007	0	7.30012e+006
9.31068	1.31951e+007	0	7.9195e+006
9.32067	1.43163e+007	0	8.59241e+006
9.33066	1.55345e+007	0	9.32356e+006
9.34065	1.68583e+007	0	1.01181e+007
9.35064	1.82969e+007	0	1.09816e+007
9.36063	1.98607e+007	0	1.19201e+007
9.37062	2.15605e+007	0	1.29403e+007
9.38061	2.34085e+007	0	1.40494e+007
9.3906	2.54177e+007	0	1.52553e+007
9.40059	2.76026e+007	0	1.65667e+007
9.41058	2.99787e+007	0	1.79928e+007
9.42057	3.2563e+007	0	1.95438e+007
9.43056	3.53741e+007	0	2.1231e+007
9.44055	3.84323e+007	0	2.30665e+007
9.45054	4.17596e+007	0	2.50635e+007
9.46053	4.53802e+007	0	2.72365e+007
9.47052	4.93202e+007	0	2.96013e+007
9.48051	5.36084e+007	0	3.2175e+007
9.4905	5.82761e+007	0	3.49764e+007
9.50049	6.33574e+007	0	3.80262e+007
9.51048	6.88895e+007	0	4.13465e+007
9.52047	7.49132e+007	0	4.49618e+007
9.53046	8.14728e+007	0	4.88988e+007
9.54045	8.86169e+007	0	5.31865e+007
9.55044	9.63983e+007	0	5.78568e+007
9.56043	1.04875e+008	0	6.29443e+007
9.57042	1.1411e+008	0	6.8487e+007
9.58041	1.24172e+008	0	7.45261e+007
9.5904	1.35136e+008	0	8.11069e+007
9.60039	1.47086e+008	0	8.82788e+007
9.61038	1.6011e+008	0	9.60958e+007
9.62037	1.74307e+008	0	1.04617e+008
9.63036	1.89785e+008	0	1.13906e+008
9.64035	2.0666e+008	0	1.24034e+008
9.65034	2.25061e+008	0	1.35078e+008
9.66033	2.45129e+008	0	1.47123e+008
9.67032	2.67015e+008	0	1.60259e+008
9.68031	2.90889e+008	0	1.74587e+008
9.6903	3.16933e+008	0	1.90219e+008
9.70029	3.45348e+008	0	2.07273e+008
9.71028	3.76353e+008	0	2.25881e+008
9.72027	4.10187e+008	0	2.46188e+008
9.73026	4.47114e+008	0	2.68351e+008
9.74025	4.8742e+008	0	2.92542e+008
9.75024	5.31419e+008	0	3.1895e+008
9.76023	5.79455e+008	0	3.4778e+008
9.77022	6.31904e+008	0	3.79259e+008
9.78021	6.89178e+008	0	4.13635e+008
9.7902	7.51728e+008	0	4.51176e+008
9.80019	8.20048e+008	0	4.92181e+008
9.81018	8.94677e+008	0	5.36972e+008
9.82017	9.76207e+008	0	5.85905e+008
9.83016	1.06529e+009	0	6.3937e+008
9.84015	1.16263e+009	0	6.97791e+008
9.85014	1.269e+009	0	7.61636e+008
9.86013	1.38527e+009	0	8.31416e+008
9.87012	1.51235e+009	0	9.07692e+008
9.88011	1.65128e+009	0	9.91076e+008
9.8901	1.80318e+009	0	1.08224e+009
9.90009	1.96927e+009	0	1.18192e+009
9.91008	2.15089e+009	0	1.29094e+009
9.92007	2.34954e+009	0	1.41016e+009
9.93006	2.56681e+009	0	1.54056e+009
9.94005	2.8045e+009	0	1.68322e+009
9.95004	3.06453e+009	0	1.83929e+009
9.96003	3.34905e+009	0	2.01005e+009
9.97002	3.6604e+009	0	2.19692e+009
9.98001	4.00114e+009	0	2.40142e+009
9.99	4.37409e+009	0	2.62526e+009
