0	0.343862	0.343862	1
0.00999	0.343365	0.343365	0.998555
0.01998	0.341874	0.341874	0.99422
0.02997	0.339394	0.339394	0.987008
0.03996	0.335932	0.335932	0.976941
0.04995	0.331499	0.331499	0.964047
0.05994	0.326106	0.326106	0.948363
0.06993	0.319769	0.319769	0.929936
0.07992	0.312508	0.312508	0.908818
0.08991	0.304342	0.304342	0.885072
0.0999	0.295296	0.295296	0.858764
0.10989	0.285396	0.285396	0.829973
0.11988	0.27467	0.27467	0.798781
0.12987	0.26315	0.26315	0.765279
0.13986	0.250869	0.250869	0.729564
0.14985	0.237863	0.237863	0.69174
0.15984	0.224168	0.224168	0.651915
0.16983	0.209826	0.209826	0.610205
0.17982	0.194877	0.194877	0.566732
0.18981	0.179365	0.179365	0.52162
0.1998	0.163335	0.163335	0.475001
0.20979	0.146832	0.146832	0.42701
0.21978	0.129906	0.129906	0.377785
0.22977	0.112604	0.112604	0.327468
0.23976	0.0949765	0.0949765	0.276206
0.24975	0.077075	0.077075	0.224145
0.25974	0.058951	0.058951	0.171438
0.26973	0.0406568	0.0406568	0.118236
0.27972	0.0222453	0.0222453	0.0646926
0.28971	0.00376957	0.00376957	0.0109625
0.2997	-0.014717	-0.014717	-0.0427993
0.30969	-0.0331612	-0.0331612	-0.0964376
0.31968	-0.0515097	-0.0515097	-0.149798
0.32967	-0.0697097	-0.0697097	-0.202726
0.33966	-0.0877088	-0.0877088	-0.25507
0.34965	-0.105455	-0.105455	-0.306679
0.35964	-0.122897	-0.122897	-0.357404
0.36963	-0.139986	-0.139986	-0.407099
0.37962	-0.156671	-0.156671	-0.455623
0.38961	-0.172905	-0.172905	-0.502834
0.3996	-0.188642	-0.188642	-0.548598
0.40959	-0.203835	-0.203835	-0.592783
0.41958	-0.218442	-0.218442	-0.635263
0.42957	-0.232421	-0.232421	-0.675916
0.43956	-0.245732	-0.245732	-0.714625
0.44955	-0.258337	-0.258337	-0.751281
0.45954	-0.270199	-0.270199	-0.785778
0.46953	-0.281285	-0.281285	-0.818017
0.47952	-0.291563	-0.291563	-0.847908
0.48951	-0.301004	-0.301004	-0.875364
0.4995	-0.309582	-0.309582	-0.900309
0.50949	-0.317271	-0.317271	-0.922671
0.51948	-0.32405	-0.32405	-0.942386
0.52947	-0.329901	-0.329901	-0.959401
0.53946	-0.334806	-0.334806	-0.973666
0.54945	-0.338752	-0.338752	-0.985142
0.55944	-0.341729	-0.341729	-0.993797
0.56943	-0.343727	-0.343727	-0.999608
0.57942	-0.344741	-0.344741	-1.00256
0.58941	-0.34477	-0.34477	-1.00264
0.5994	-0.343813	-0.343813	-0.999857
0.60939	-0.341873	-0.341873	-0.994217
0.61938	-0.338957	-0.338957	-0.985736
0.62937	-0.335073	-0.335073	-0.97444
0.63936	-0.330232	-0.330232	-0.960364
0.64935	-0.32445	-0.32445	-0.943547
0.65934	-0.317742	-0.317742	-0.92404
0.66933	-0.310129	-0.310129	-0.9019
0.67932	-0.301632	-0.301632	-0.87719
0.68931	-0.292276	-0.292276	-0.849982
0.6993	-0.282089	-0.282089	-0.820355
0.70929	-0.271098	-0.271098	-0.788394
0.71928	-0.259338	-0.259338	-0.754192
0.72927	-0.24684	-0.24684	-0.717846
0.73926	-0.23364	-0.23364	-0.679461
0.74925	-0.219778	-0.219778	-0.639147
0.75924	-0.205292	-0.205292	-0.597019
0.76923	-0.190224	-0.190224	-0.553198
0.77922	-0.174616	-0.174616	-0.507809
0.78921	-0.158514	-0.158514	-0.460982
0.7992	-0.141963	-0.141963	-0.412849
0.80919	-0.12501	-0.12501	-0.363547
0.81918	-0.107704	-0.107704	-0.313218
0.82917	-0.0900928	-0.0900928	-0.262003
0.83916	-0.0722275	-0.0722275	-0.210048
0.84915	-0.0541583	-0.0541583	-0.1575
0.85914	-0.0359362	-0.0359362	-0.104508
0.86913	-0.0176128	-0.0176128	-0.0512206
0.87912	0.000760237	0.000760237	0.00221088
0.88911	0.0191311	0.0191311	0.0556362
0.8991	0.0374482	0.0374482	0.108905
0.90909	0.05566	0.05566	0.161867
0.91908	0.0737152	0.0737152	0.214375
0.92907	0.0915634	0.0915634	0.26628
0.93906	0.109155	0.109155	0.317437
0.94905	0.126439	0.126439	0.367704
0.95904	0.14337	0.14337	0.416941
0.96903	0.159899	0.159899	0.465008
0.97902	0.17598	0.17598	0.511774
0.98901	0.191568	0.191568	0.557108
0.999	0.206621	0.206621	0.600885
1.00899	0.221097	0.221097	0.642982
1.01898	0.234955	0.234955	0.683284
1.02897	0.248158	0.248158	0.72168
1.03896	0.260669	0.260669	0.758064
1.04895	0.272454	0.272454	0.792336
1.05894	0.28348	0.28348	0.824403
1.06893	0.293718	0.293718	0.854176
1.07892	0.30314	0.30314	0.881574
1.08891	0.311719	0.311719	0.906525
1.0989	0.319433	0.319433	0.928959
1.10889	0.326262	0.326262	0.948817
1.11888	0.332186	0.332186	0.966047
1.12887	0.337191	0.337191	0.980601
1.13886	0.341263	0.341263	0.992443
1.14885	0.344392	0.344392	1.00154
1.15884	0.346569	0.346569	1.00787
1.16883	0.34779	0.34779	1.01142
1.17882	0.348052	0.348052	1.01219
1.18881	0.347355	0.347355	1.01016
1.1988	0.345702	0.345702	1.00535
1.20879	0.343099	0.343099	0.997781
1.21878	0.339552	0.339552	0.987467
1.22877	0.335073	0.335073	0.974443
1.23876	0.329676	0.329676	0.958745
1.24875	0.323374	0.323374	0.94042
1.25874	0.316188	0.316188	0.91952
1.26873	0.308136	0.308136	0.896105
1.27872	0.299242	0.299242	0.87024
1.28871	0.289531	0.289531	0.842
1.2987	0.279031	0.279031	0.811462
1.30869	0.26777	0.26777	0.778713
1.31868	0.255779	0.255779	0.743844
1.32867	0.243093	0.243093	0.706951
1.33866	0.229747	0.229747	0.668138
1.34865	0.215777	0.215777	0.62751
1.35864	0.201221	0.201221	0.58518
1.36863	0.18612	0.18612	0.541265
1.37862	0.170516	0.170516	0.495885
1.38861	0.15445	0.15445	0.449164
1.3986	0.137967	0.137967	0.40123
1.40859	0.121112	0.121112	0.352213
1.41858	0.103931	0.103931	0.302246
1.42857	0.0864693	0.0864693	0.251466
1.43856	0.0687753	0.0687753	0.200009
1.44855	0.0508964	0.0508964	0.148014
1.45854	0.0328808	0.0328808	0.0956223
1.46853	0.0147771	0.0147771	0.0429741
1.47852	-0.00336613	-0.00336613	-0.00978921
1.48851	-0.0215004	-0.0215004	-0.0625264
1.4985	-0.0395773	-0.0395773	-0.115096
1.50849	-0.0575484	-0.0575484	-0.167359
1.51848	-0.0753662	-0.0753662	-0.219176
1.52847	-0.0929832	-0.0929832	-0.270409
1.53846	-0.110353	-0.110353	-0.320922
1.54845	-0.127429	-0.127429	-0.370583
1.55844	-0.144167	-0.144167	-0.41926
1.56843	-0.160523	-0.160523	-0.466825
1.57842	-0.176454	-0.176454	-0.513154
1.58841	-0.191918	-0.191918	-0.558126
1.5984	-0.206875	-0.206875	-0.601624
1.60839	-0.221286	-0.221286	-0.643534
1.61838	-0.235114	-0.235114	-0.683747
1.62837	-0.248324	-0.248324	-0.722162
1.63836	-0.26088	-0.26088	-0.758677
1.64835	-0.272751	-0.272751	-0.7932
1.65834	-0.283907	-0.283907	-0.825643
1.66833	-0.294319	-0.294319	-0.855924
1.67832	-0.303962	-0.303962	-0.883966
1.68831	-0.31281	-0.31281	-0.909698
1.6983	-0.320842	-0.320842	-0.933056
1.70829	-0.328038	-0.328038	-0.953984
1.71828	-0.334381	-0.334381	-0.972428
1.72827	-0.339854	-0.339854	-0.988345
1.73826	-0.344445	-0.344445	-1.0017
1.74825	-0.348143	-0.348143	-1.01245
1.75824	-0.35094	-0.35094	-1.02059
1.76823	-0.35283	-0.35283	-1.02608
1.77822	-0.353809	-0.353809	-1.02893
1.78821	-0.353876	-0.353876	-1.02912
1.7982	-0.353031	-0.353031	-1.02667
1.80819	-0.351279	-0.351279	-1.02157
1.81818	-0.348625	-0.348625	-1.01385
1.82817	-0.345078	-0.345078	-1.00354
1.83816	-0.340647	-0.340647	-0.99065
1.84815	-0.335344	-0.335344	-0.975231
1.85814	-0.329186	-0.329186	-0.957322
1.86813	-0.322189	-0.322189	-0.936973
1.87812	-0.314372	-0.314372	-0.914239
1.88811	-0.305755	-0.305755	-0.889181
1.8981	-0.296363	-0.296363	-0.861866
1.90809	-0.286219	-0.286219	-0.832367
1.91808	-0.275351	-0.275351	-0.800762
1.92807	-0.263788	-0.263788	-0.767134
1.93806	-0.251559	-0.251559	-0.731571
1.94805	-0.238696	-0.238696	-0.694164
1.95804	-0.225233	-0.225233	-0.655012
1.96803	-0.211205	-0.211205	-0.614215
1.97802	-0.196647	-0.196647	-0.571878
1.98801	-0.181596	-0.181596	-0.528109
1.998	-0.166092	-0.166092	-0.483021
2.00799	-0.150174	-0.150174	-0.436727
2.01798	-0.133881	-0.133881	-0.389345
2.02797	-0.117255	-0.117255	-0.340994
2.03796	-0.100338	-0.100338	-0.291797
2.04795	-0.0831719	-0.0831719	-0.241876
2.05794	-0.0658002	-0.0658002	-0.191357
2.06793	-0.0482659	-0.0482659	-0.140364
2.07792	-0.0306125	-0.0306125	-0.0890255
2.08791	-0.0128836	-0.0128836	-0.0374675
2.0979	0.00487688	0.00487688	0.0141827
2.10789	0.0226254	0.0226254	0.0657981
2.11788	0.0403186	0.0403186	0.117252
2.12787	0.0579131	0.0579131	0.16842
2.13786	0.0753662	0.0753662	0.219176
2.14785	0.0926356	0.0926356	0.269398
2.15784	0.10968	0.10968	0.318964
2.16783	0.126457	0.126457	0.367756
2.17782	0.142928	0.142928	0.415656
2.18781	0.159053	0.159053	0.46255
2.1978	0.174794	0.174794	0.508326
2.20779	0.190113	0.190113	0.552877
2.21778	0.204975	0.204975	0.596096
2.22777	0.219344	0.219344	0.637884
2.23776	0.233187	0.233187	0.678141
2.24775	0.246471	0.246471	0.716775
2.25774	0.259167	0.259167	0.753696
2.26773	0.271245	0.271245	0.788819
2.27772	0.282677	0.282677	0.822065
2.28771	0.293437	0.293437	0.853357
2.2977	0.303501	0.303501	0.882626
2.30769	0.312847	0.312847	0.909806
2.31768	0.321454	0.321454	0.934836
2.32767	0.329303	0.329303	0.957662
2.33766	0.336378	0.336378	0.978235
2.34765	0.342662	0.342662	0.996511
2.35764	0.348143	0.348143	1.01245
2.36763	0.35281	0.35281	1.02602
2.37762	0.356653	0.356653	1.0372
2.38761	0.359665	0.359665	1.04596
2.3976	0.361841	0.361841	1.05229
2.40759	0.363178	0.363178	1.05618
2.41758	0.363674	0.363674	1.05762
2.42757	0.363329	0.363329	1.05661
2.43756	0.362147	0.362147	1.05318
2.44755	0.360132	0.360132	1.04732
2.45754	0.357289	0.357289	1.03905
2.46753	0.353628	0.353628	1.0284
2.47752	0.349159	0.349159	1.01541
2.48751	0.343893	0.343893	1.00009
2.4975	0.337844	0.337844	0.9825
2.50749	0.331028	0.331028	0.962678
2.51748	0.323462	0.323462	0.940674
2.52747	0.315164	0.315164	0.916543
2.53746	0.306155	0.306155	0.890343
2.54745	0.296457	0.296457	0.86214
2.55744	0.286093	0.286093	0.831999
2.56743	0.275087	0.275087	0.799994
2.57742	0.263467	0.263467	0.7662
2.58741	0.251259	0.251259	0.730697
2.5974	0.238491	0.238491	0.693568
2.60739	0.225194	0.225194	0.654898
2.61738	0.211398	0.211398	0.614778
2.62737	0.197135	0.197135	0.573298
2.63736	0.182437	0.182437	0.530555
2.64735	0.167338	0.167338	0.486644
2.65734	0.151872	0.151872	0.441666
2.66733	0.136073	0.136073	0.395721
2.67732	0.119977	0.119977	0.348911
2.68731	0.10362	0.10362	0.301341
2.6973	0.087037	0.087037	0.253116
2.70729	0.0702657	0.0702657	0.204343
2.71728	0.0533424	0.0533424	0.155128
2.72727	0.0363041	0.0363041	0.105578
2.73726	0.0191876	0.0191876	0.0558004
2.74725	0.00202993	0.00202993	0.00590334
2.75724	-0.0151321	-0.0151321	-0.0440064
2.76723	-0.0322618	-0.0322618	-0.0938222
2.77722	-0.0493229	-0.0493229	-0.143438
2.78721	-0.0662792	-0.0662792	-0.19275
2.7972	-0.083095	-0.083095	-0.241653
2.80719	-0.0997354	-0.0997354	-0.290045
2.81718	-0.116166	-0.116166	-0.337826
2.82717	-0.132352	-0.132352	-0.384898
2.83716	-0.14826	-0.14826	-0.431162
2.84715	-0.163859	-0.163859	-0.476525
2.85714	-0.179116	-0.179116	-0.520895
2.86713	-0.194	-0.194	-0.564182
2.87712	-0.208483	-0.208483	-0.606298
2.88711	-0.222534	-0.222534	-0.647162
2.8971	-0.236126	-0.236126	-0.68669
2.90709	-0.249233	-0.249233	-0.724807
2.91708	-0.261829	-0.261829	-0.761438
2.92707	-0.27389	-0.27389	-0.796511
2.93706	-0.285392	-0.285392	-0.829961
2.94705	-0.296314	-0.296314	-0.861724
2.95704	-0.306635	-0.306635	-0.891739
2.96703	-0.316336	-0.316336	-0.919952
2.97702	-0.3254	-0.3254	-0.946312
2.98701	-0.33381	-0.33381	-0.970769
2.997	-0.341551	-0.341551	-0.993282
3.00699	-0.34861	-0.34861	-1.01381
3.01698	-0.354975	-0.354975	-1.03232
3.02697	-0.360635	-0.360635	-1.04878
3.03696	-0.365581	-0.365581	-1.06316
3.04695	-0.369806	-0.369806	-1.07545
3.05694	-0.373303	-0.373303	-1.08562
3.06693	-0.376068	-0.376068	-1.09366
3.07692	-0.378097	-0.378097	-1.09956
3.08691	-0.37939	-0.37939	-1.10332
3.0969	-0.379945	-0.379945	-1.10494
3.10689	-0.379765	-0.379765	-1.10441
3.11688	-0.378851	-0.378851	-1.10175
3.12687	-0.377208	-0.377208	-1.09698
3.13686	-0.374842	-0.374842	-1.0901
3.14685	-0.371759	-0.371759	-1.08113
3.15684	-0.367968	-0.367968	-1.0701
3.16683	-0.363478	-0.363478	-1.05705
3.17682	-0.358299	-0.358299	-1.04199
3.18681	-0.352445	-0.352445	-1.02496
3.1968	-0.345927	-0.345927	-1.00601
3.20679	-0.338762	-0.338762	-0.985169
3.21678	-0.330964	-0.330964	-0.962491
3.22677	-0.322549	-0.322549	-0.938021
3.23676	-0.313537	-0.313537	-0.911811
3.24675	-0.303945	-0.303945	-0.883916
3.25674	-0.293793	-0.293793	-0.854393
3.26673	-0.283101	-0.283101	-0.823301
3.27672	-0.271892	-0.271892	-0.790703
3.28671	-0.260188	-0.260188	-0.756665
3.2967	-0.248011	-0.248011	-0.721252
3.30669	-0.235385	-0.235385	-0.684534
3.31668	-0.222335	-0.222335	-0.646582
3.32667	-0.208885	-0.208885	-0.607469
3.33666	-0.195062	-0.195062	-0.567269
3.34665	-0.180891	-0.180891	-0.526057
3.35664	-0.166398	-0.166398	-0.483911
3.36663	-0.151611	-0.151611	-0.440908
3.37662	-0.136557	-0.136557	-0.397128
3.38661	-0.121263	-0.121263	-0.352651
3.3966	-0.105757	-0.105757	-0.307556
3.40659	-0.0900662	-0.0900662	-0.261926
3.41658	-0.0742193	-0.0742193	-0.215841
3.42657	-0.058244	-0.058244	-0.169382
3.43656	-0.0421684	-0.0421684	-0.122632
3.44655	-0.0260205	-0.0260205	-0.0756714
3.45654	-0.00982809	-0.00982809	-0.0285815
3.46653	0.00638107	0.00638107	0.0185571
3.47652	0.0225794	0.0225794	0.0656643
3.48651	0.0387397	0.0387397	0.112661
3.4965	0.0548349	0.0548349	0.159468
3.50649	0.0708383	0.0708383	0.206008
3.51648	0.0867236	0.0867236	0.252205
3.52647	0.102465	0.102465	0.297983
3.53646	0.118037	0.118037	0.343269
3.54645	0.133415	0.133415	0.38799
3.55644	0.148574	0.148574	0.432075
3.56643	0.163491	0.163491	0.475455
3.57642	0.178142	0.178142	0.518063
3.58641	0.192505	0.192505	0.559832
3.5964	0.206558	0.206558	0.600701
3.60639	0.22028	0.22028	0.640606
3.61638	0.23365	0.23365	0.679489
3.62637	0.246649	0.246649	0.717292
3.63636	0.259258	0.259258	0.753961
3.64635	0.271459	0.271459	0.789442
3.65634	0.283234	0.283234	0.823687
3.66633	0.294568	0.294568	0.856647
3.67632	0.305444	0.305444	0.888277
3.68631	0.315849	0.315849	0.918534
3.6963	0.325767	0.325767	0.947379
3.70629	0.335187	0.335187	0.974774
3.71628	0.344097	0.344097	1.00068
3.72627	0.352485	0.352485	1.02508
3.73626	0.360341	0.360341	1.04792
3.74625	0.367656	0.367656	1.0692
3.75624	0.374422	0.374422	1.08888
3.76623	0.380632	0.380632	1.10694
3.77622	0.38628	0.38628	1.12336
3.78621	0.391359	0.391359	1.13813
3.7962	0.395865	0.395865	1.15123
3.80619	0.399795	0.399795	1.16266
3.81618	0.403146	0.403146	1.17241
3.82617	0.405916	0.405916	1.18046
3.83616	0.408104	0.408104	1.18683
3.84615	0.409711	0.409711	1.1915
3.85614	0.410737	0.410737	1.19448
3.86613	0.411184	0.411184	1.19578
3.87612	0.411054	0.411054	1.1954
3.88611	0.41035	0.41035	1.19336
3.8961	0.409078	0.409078	1.18966
3.90609	0.407241	0.407241	1.18432
3.91608	0.404846	0.404846	1.17735
3.92607	0.401899	0.401899	1.16878
3.93606	0.398407	0.398407	1.15863
3.94605	0.394378	0.394378	1.14691
3.95604	0.38982	0.38982	1.13365
3.96603	0.384743	0.384743	1.11889
3.97602	0.379157	0.379157	1.10264
3.98601	0.373071	0.373071	1.08495
3.996	0.366497	0.366497	1.06583
4.00599	0.359447	0.359447	1.04532
4.01598	0.351932	0.351932	1.02347
4.02597	0.343964	0.343964	1.0003
4.03596	0.335558	0.335558	0.975852
4.04595	0.326726	0.326726	0.950168
4.05594	0.317482	0.317482	0.923285
4.06593	0.307841	0.307841	0.895247
4.07592	0.297817	0.297817	0.866094
4.08591	0.287424	0.287424	0.835871
4.0959	0.276678	0.276678	0.804621
4.10589	0.265595	0.265595	0.77239
4.11588	0.25419	0.25419	0.739223
4.12587	0.242479	0.242479	0.705166
4.13586	0.230479	0.230479	0.670266
4.14585	0.218204	0.218204	0.63457
4.15584	0.205673	0.205673	0.598126
4.16583	0.1929	0.1929	0.560983
4.17582	0.179904	0.179904	0.523187
4.18581	0.1667	0.1667	0.484787
4.1958	0.153305	0.153305	0.445832
4.20579	0.139735	0.139735	0.40637
4.21578	0.126008	0.126008	0.366449
4.22577	0.112139	0.112139	0.326118
4.23576	0.0981461	0.0981461	0.285423
4.24575	0.0840446	0.0840446	0.244414
4.25574	0.069851	0.069851	0.203137
4.26573	0.0555815	0.0555815	0.161639
4.27572	0.041252	0.041252	0.119967
4.28571	0.0268785	0.0268785	0.0781665
4.2957	0.0124763	0.0124763	0.0362829
4.30569	-0.00193898	-0.00193898	-0.00563885
4.31568	-0.0163523	-0.0163523	-0.0475548
4.32567	-0.0307487	-0.0307487	-0.0894216
4.33566	-0.0451135	-0.0451135	-0.131197
4.34565	-0.0594324	-0.0594324	-0.172838
4.35564	-0.0736913	-0.0736913	-0.214305
4.36563	-0.0878765	-0.0878765	-0.255558
4.37562	-0.101975	-0.101975	-0.296557
4.38561	-0.115972	-0.115972	-0.337265
4.3956	-0.129857	-0.129857	-0.377644
4.40559	-0.143616	-0.143616	-0.417658
4.41558	-0.157238	-0.157238	-0.457272
4.42557	-0.170711	-0.170711	-0.496453
4.43556	-0.184024	-0.184024	-0.535168
4.44555	-0.197165	-0.197165	-0.573384
4.45554	-0.210124	-0.210124	-0.611072
4.46553	-0.222892	-0.222892	-0.648202
4.47552	-0.235458	-0.235458	-0.684746
4.48551	-0.247813	-0.247813	-0.720678
4.4955	-0.259949	-0.259949	-0.75597
4.50549	-0.271857	-0.271857	-0.790599
4.51548	-0.283528	-0.283528	-0.824542
4.52547	-0.294956	-0.294956	-0.857777
4.53546	-0.306134	-0.306134	-0.890282
4.54545	-0.317053	-0.317053	-0.922038
4.55544	-0.327709	-0.327709	-0.953027
4.56543	-0.338095	-0.338095	-0.983231
4.57542	-0.348206	-0.348206	-1.01264
4.58541	-0.358037	-0.358037	-1.04122
4.5954	-0.367583	-0.367583	-1.06898
4.60539	-0.376839	-0.376839	-1.0959
4.61538	-0.385803	-0.385803	-1.12197
4.62537	-0.39447	-0.39447	-1.14718
4.63536	-0.402838	-0.402838	-1.17151
4.64535	-0.410903	-0.410903	-1.19497
4.65534	-0.418665	-0.418665	-1.21754
4.66533	-0.42612	-0.42612	-1.23922
4.67532	-0.433267	-0.433267	-1.26001
4.68531	-0.440106	-0.440106	-1.27989
4.6953	-0.446635	-0.446635	-1.29888
4.70529	-0.452854	-0.452854	-1.31697
4.71528	-0.458763	-0.458763	-1.33415
4.72527	-0.464363	-0.464363	-1.35044
4.73526	-0.469653	-0.469653	-1.36582
4.74525	-0.474635	-0.474635	-1.38031
4.75524	-0.479309	-0.479309	-1.3939
4.76523	-0.483678	-0.483678	-1.40661
4.77522	-0.487744	-0.487744	-1.41843
4.78521	-0.491508	-0.491508	-1.42938
4.7952	-0.494972	-0.494972	-1.43945
4.80519	-0.49814	-0.49814	-1.44866
4.81518	-0.501013	-0.501013	-1.45702
4.82517	-0.503597	-0.503597	-1.46453
4.83516	-0.505892	-0.505892	-1.47121
4.84515	-0.507904	-0.507904	-1.47706
4.85514	-0.509636	-0.509636	-1.4821
4.86513	-0.511092	-0.511092	-1.48633
4.87512	-0.512276	-0.512276	-1.48977
4.88511	-0.513192	-0.513192	-1.49244
4.8951	-0.513845	-0.513845	-1.49434
4.90509	-0.51424	-0.51424	-1.49549
4.91508	-0.514381	-0.514381	-1.4959
4.92507	-0.514274	-0.514274	-1.49558
4.93506	-0.513923	-0.513923	-1.49456
4.94505	-0.513334	-0.513334	-1.49285
4.95504	-0.512512	-0.512512	-1.49046
4.96503	-0.511462	-0.511462	-1.48741
4.97502	-0.510191	-0.510191	-1.48371
4.98501	-0.508703	-0.508703	-1.47938
4.995	-0.507004	-0.507004	-1.47444
5.00499	-0.5051	-0.5051	-1.46891
5.01498	-0.502997	-0.502997	-1.46279
5.02497	-0.500701	-0.500701	-1.45611
5.03496	-0.498218	-0.498218	-1.44889
5.04495	-0.495553	-0.495553	-1.44114
5.05494	-0.492712	-0.492712	-1.43288
5.06493	-0.489702	-0.489702	-1.42413
5.07492	-0.486528	-0.486528	-1.4149
5.08491	-0.483197	-0.483197	-1.40521
5.0949	-0.479714	-0.479714	-1.39508
5.10489	-0.476086	-0.476086	-1.38453
5.11488	-0.472317	-0.472317	-1.37357
5.12487	-0.468415	-0.468415	-1.36222
5.13486	-0.464385	-0.464385	-1.3505
5.14485	-0.460233	-0.460233	-1.33843
5.15484	-0.455964	-0.455964	-1.32601
5.16483	-0.451586	-0.451586	-1.31328
5.17482	-0.447102	-0.447102	-1.30024
5.18481	-0.442519	-0.442519	-1.28691
5.1948	-0.437842	-0.437842	-1.27331
5.20479	-0.433078	-0.433078	-1.25945
5.21478	-0.428231	-0.428231	-1.24536
5.22477	-0.423306	-0.423306	-1.23104
5.23476	-0.41831	-0.41831	-1.21651
5.24475	-0.413247	-0.413247	-1.20178
5.25474	-0.408123	-0.408123	-1.18688
5.26473	-0.402941	-0.402941	-1.17181
5.27472	-0.397709	-0.397709	-1.1566
5.28471	-0.392429	-0.392429	-1.14124
5.2947	-0.387108	-0.387108	-1.12577
5.30469	-0.381749	-0.381749	-1.11018
5.31468	-0.376357	-0.376357	-1.0945
5.32467	-0.370937	-0.370937	-1.07874
5.33466	-0.365493	-0.365493	-1.06291
5.34465	-0.360029	-0.360029	-1.04702
5.35464	-0.354549	-0.354549	-1.03108
5.36463	-0.349058	-0.349058	-1.01511
5.37462	-0.343559	-0.343559	-0.99912
5.38461	-0.338056	-0.338056	-0.983117
5.3946	-0.332553	-0.332553	-0.967113
5.40459	-0.327053	-0.327053	-0.951119
5.41458	-0.32156	-0.32156	-0.935145
5.42457	-0.316078	-0.316078	-0.9192
5.43456	-0.310608	-0.310608	-0.903294
5.44455	-0.305155	-0.305155	-0.887436
5.45454	-0.299722	-0.299722	-0.871636
5.46453	-0.294311	-0.294311	-0.8559
5.47452	-0.288926	-0.288926	-0.840238
5.48451	-0.283568	-0.283568	-0.824657
5.4945	-0.278241	-0.278241	-0.809165
5.50449	-0.272947	-0.272947	-0.793769
5.51448	-0.267688	-0.267688	-0.778476
5.52447	-0.262467	-0.262467	-0.763292
5.53446	-0.257285	-0.257285	-0.748224
5.54445	-0.252146	-0.252146	-0.733278
5.55444	-0.24705	-0.24705	-0.718458
5.56443	-0.242	-0.242	-0.703772
5.57442	-0.236997	-0.236997	-0.689223
5.58441	-0.232044	-0.232044	-0.674817
5.5944	-0.227141	-0.227141	-0.660558
5.60439	-0.22229	-0.22229	-0.646451
5.61438	-0.217492	-0.217492	-0.632499
5.62437	-0.212749	-0.212749	-0.618706
5.63436	-0.208062	-0.208062	-0.605075
5.64435	-0.203432	-0.203432	-0.59161
5.65434	-0.19886	-0.19886	-0.578314
5.66433	-0.194347	-0.194347	-0.565189
5.67432	-0.189894	-0.189894	-0.552239
5.68431	-0.185501	-0.185501	-0.539464
5.6943	-0.18117	-0.18117	-0.526868
5.70429	-0.1769	-0.1769	-0.514452
5.71428	-0.172693	-0.172693	-0.502217
5.72427	-0.168549	-0.168549	-0.490165
5.73426	-0.164468	-0.164468	-0.478298
5.74425	-0.160451	-0.160451	-0.466616
5.75424	-0.156498	-0.156498	-0.45512
5.76423	-0.152609	-0.152609	-0.44381
5.77422	-0.148785	-0.148785	-0.432688
5.78421	-0.145025	-0.145025	-0.421753
5.7942	-0.141329	-0.141329	-0.411006
5.80419	-0.137698	-0.137698	-0.400446
5.81418	-0.134131	-0.134131	-0.390074
5.82417	-0.130629	-0.130629	-0.379888
5.83416	-0.127191	-0.127191	-0.36989
5.84415	-0.123816	-0.123816	-0.360077
5.85414	-0.120506	-0.120506	-0.350449
5.86413	-0.117259	-0.117259	-0.341005
5.87412	-0.114074	-0.114074	-0.331745
5.88411	-0.110953	-0.110953	-0.322667
5.8941	-0.107894	-0.107894	-0.31377
5.90409	-0.104896	-0.104896	-0.305053
5.91408	-0.10196	-0.10196	-0.296514
5.92407	-0.0990845	-0.0990845	-0.288152
5.93406	-0.0962694	-0.0962694	-0.279966
5.94405	-0.093514	-0.093514	-0.271952
5.95404	-0.0908176	-0.0908176	-0.264111
5.96403	-0.0881797	-0.0881797	-0.25644
5.97402	-0.0855996	-0.0855996	-0.248936
5.98401	-0.0830767	-0.0830767	-0.241599
5.994	-0.0806102	-0.0806102	-0.234426
6.00399	-0.0781994	-0.0781994	-0.227415
6.01398	-0.0758436	-0.0758436	-0.220564
6.02397	-0.0735421	-0.0735421	-0.213871
6.03396	-0.071294	-0.071294	-0.207333
6.04395	-0.0690987	-0.0690987	-0.200949
6.05394	-0.0669552	-0.0669552	-0.194716
6.06393	-0.0648629	-0.0648629	-0.188631
6.07392	-0.0628209	-0.0628209	-0.182692
6.08391	-0.0608283	-0.0608283	-0.176898
6.0939	-0.0588845	-0.0588845	-0.171245
6.10389	-0.0569884	-0.0569884	-0.165731
6.11388	-0.0551392	-0.0551392	-0.160353
6.12387	-0.0533362	-0.0533362	-0.15511
6.13386	-0.0515784	-0.0515784	-0.149998
6.14385	-0.049865	-0.049865	-0.145015
6.15384	-0.0481952	-0.0481952	-0.140159
6.16383	-0.046568	-0.046568	-0.135427
6.17382	-0.0449826	-0.0449826	-0.130816
6.18381	-0.0434381	-0.0434381	-0.126324
6.1938	-0.0419336	-0.0419336	-0.121949
6.20379	-0.0404684	-0.0404684	-0.117688
6.21378	-0.0390414	-0.0390414	-0.113538
6.22377	-0.0376519	-0.0376519	-0.109497
6.23376	-0.036299	-0.036299	-0.105563
6.24375	-0.0349818	-0.0349818	-0.101732
6.25374	-0.0336994	-0.0336994	-0.0980029
6.26373	-0.0324511	-0.0324511	-0.0943725
6.27372	-0.0312359	-0.0312359	-0.0908385
6.28371	-0.0300529	-0.0300529	-0.0873983
6.2937	-0.0289015	-0.0289015	-0.0840497
6.30369	-0.0277806	-0.0277806	-0.08079
6.31368	-0.0266895	-0.0266895	-0.0776169
6.32367	-0.0256273	-0.0256273	-0.074528
6.33366	-0.0245932	-0.0245932	-0.0715207
6.34365	-0.0235864	-0.0235864	-0.0685928
6.35364	-0.0226061	-0.0226061	-0.0657419
6.36363	-0.0216514	-0.0216514	-0.0629655
6.37362	-0.0207216	-0.0207216	-0.0602614
6.38361	-0.0198158	-0.0198158	-0.0576272
6.3936	-0.0189332	-0.0189332	-0.0550605
6.40359	-0.0180731	-0.0180731	-0.0525591
6.41358	-0.0172346	-0.0172346	-0.0501207
6.42357	-0.016417	-0.016417	-0.047743
6.43356	-0.0156195	-0.0156195	-0.0454237
6.44355	-0.0148413	-0.0148413	-0.0431606
6.45354	-0.0140816	-0.0140816	-0.0409514
6.46353	-0.0133397	-0.0133397	-0.0387939
6.47352	-0.0126149	-0.0126149	-0.0366858
6.48351	-0.0119062	-0.0119062	-0.0346251
6.4935	-0.0112131	-0.0112131	-0.0326093
6.50349	-0.0105347	-0.0105347	-0.0306364
6.51348	-0.00987025	-0.00987025	-0.0287041
6.52347	-0.00921905	-0.00921905	-0.0268103
6.53346	-0.00858031	-0.00858031	-0.0249528
6.54345	-0.0079533	-0.0079533	-0.0231294
6.55344	-0.00733725	-0.00733725	-0.0213378
6.56343	-0.00673142	-0.00673142	-0.0195759
6.57342	-0.00613504	-0.00613504	-0.0178416
6.58341	-0.00554736	-0.00554736	-0.0161325
6.5934	-0.00496762	-0.00496762	-0.0144466
6.60339	-0.00439505	-0.00439505	-0.0127815
6.61338	-0.00382889	-0.00382889	-0.011135
6.62337	-0.00326837	-0.00326837	-0.00950489
6.63336	-0.00271268	-0.00271268	-0.00788889
6.64335	-0.00216106	-0.00216106	-0.00628469
6.65334	-0.00161271	-0.00161271	-0.00468999
6.66333	-0.00106681	-0.00106681	-0.00310243
6.67332	-0.000522544	-0.000522544	-0.00151964
6.68331	2.09089e-005	0	6.08062e-005
6.6933	0.000564396	0	0.00164135
6.70329	0.00110877	0	0.00322448
6.71328	0.00165492	0	0.00481274
6.72327	0.00220372	0	0.00640873
6.73326	0.00275608	0	0.00801509
6.74325	0.00331294	0	0.00963451
6.75324	0.00387524	0	0.0112698
6.76323	0.00444397	0	0.0129237
6.77322	0.00502013	0	0.0145993
6.78321	0.00560475	0	0.0162994
6.7932	0.00619888	0	0.0180273
6.80319	0.00680362	0	0.0197859
6.81318	0.0074201	0	0.0215788
6.82317	0.00804949	0	0.0234091
6.83316	0.00869298	0	0.0252805
6.84315	0.00935182	0	0.0271965
6.85314	0.0100273	0	0.0291609
6.86313	0.0107208	0	0.0311776
6.87312	0.0114336	0	0.0332506
6.88311	0.0121673	0	0.0353842
6.8931	0.0129232	0	0.0375827
6.90309	0.0137031	0	0.0398506
6.91308	0.0145085	0	0.0421928
6.92307	0.0153411	0	0.0446141
6.93306	0.0162026	0	0.0471196
6.94305	0.017095	0	0.0497149
6.95304	0.0180202	0	0.0524055
6.96303	0.0189802	0	0.0551972
6.97302	0.0199771	0	0.0580963
6.98301	0.0210131	0	0.0611092
6.993	0.0220906	0	0.0642427
7.00299	0.023212	0	0.0675038
7.01298	0.0243797	0	0.0708999
7.02297	0.0255967	0	0.0744389
7.03296	0.0268655	0	0.0781288
7.04295	0.0281892	0	0.0819783
7.05294	0.0295709	0	0.0859965
7.06293	0.0310138	0	0.0901927
7.07292	0.0325214	0	0.0945769
7.08291	0.0340972	0	0.0991596
7.0929	0.035745	0	0.103952
7.10289	0.0374689	0	0.108965
7.11288	0.0392731	0	0.114212
7.12287	0.0411619	0	0.119705
7.13286	0.0431399	0	0.125457
7.14285	0.0452122	0	0.131484
7.15284	0.0473839	0	0.137799
7.16283	0.0496604	0	0.14442
7.17282	0.0520475	0	0.151362
7.18281	0.0545512	0	0.158643
7.1928	0.0571779	0	0.166282
7.20279	0.0599344	0	0.174298
7.21278	0.0628278	0	0.182713
7.22277	0.0658656	0	0.191547
7.23276	0.0690557	0	0.200824
7.24275	0.0724065	0	0.210569
7.25274	0.0759269	0	0.220807
7.26273	0.0796261	0	0.231565
7.27272	0.0835141	0	0.242871
7.28271	0.0876013	0	0.254757
7.2927	0.0918987	0	0.267255
7.30269	0.0964179	0	0.280397
7.31268	0.101171	0	0.294221
7.32267	0.106172	0	0.308763
7.33266	0.111433	0	0.324065
7.34265	0.11697	0	0.340167
7.35264	0.122798	0	0.357115
7.36263	0.128933	0	0.374957
7.37262	0.135393	0	0.393743
7.38261	0.142195	0	0.413525
7.3926	0.149359	0	0.434359
7.40259	0.156906	0	0.456306
7.41258	0.164857	0	0.479428
7.42257	0.173235	0	0.503792
7.43256	0.182064	0	0.529468
7.44255	0.19137	0	0.556531
7.45254	0.20118	0	0.58506
7.46253	0.211523	0	0.615139
7.47252	0.222429	0	0.646858
7.48251	0.233932	0	0.680309
7.4925	0.246065	0	0.715593
7.50249	0.258864	0	0.752815
7.51248	0.272369	0	0.792088
7.52247	0.286619	0	0.833531
7.53246	0.301659	0	0.877269
7.54245	0.317534	0	0.923436
7.55244	0.334293	0	0.972174
7.56243	0.351988	0	1.02363
7.57242	0.370674	0	1.07797
7.58241	0.390408	0	1.13536
7.5924	0.411252	0	1.19598
7.60239	0.433273	0	1.26002
7.61238	0.456539	0	1.32768
7.62237	0.481124	0	1.39918
7.63236	0.507107	0	1.47474
7.64235	0.534571	0	1.55461
7.65234	0.563604	0	1.63904
7.66233	0.5943	0	1.72831
7.67232	0.626758	0	1.82271
7.68231	0.661086	0	1.92253
7.6923	0.697394	0	2.02812
7.70229	0.735803	0	2.13982
7.71228	0.776439	0	2.258
7.72227	0.819437	0	2.38304
7.73226	0.864942	0	2.51538
7.74225	0.913105	0	2.65544
7.75224	0.964088	0	2.80371
7.76223	1.01806	0	2.96068
7.77222	1.07522	0	3.12689
7.78221	1.13574	0	3.3029
7.7922	1.19984	0	3.48932
7.80219	1.26774	0	3.68679
7.81218	1.33968	0	3.89599
7.82217	1.4159	0	4.11764
7.83216	1.49667	0	4.35253
7.84215	1.58227	0	4.60147
7.85214	1.673	0	4.86534
7.86213	1.76919	0	5.14507
7.87212	1.87118	0	5.44165
7.88211	1.97932	0	5.75615
7.8921	2.09401	0	6.08968
7.90209	2.21565	0	6.44344
7.91208	2.3447	0	6.81872
7.92207	2.48161	0	7.21687
7.93206	2.62688	0	7.63935
7.94205	2.78104	0	8.08769
7.95204	2.94467	0	8.56354
7.96203	3.11836	0	9.06866
7.97202	3.30276	0	9.60492
7.98201	3.49855	0	10.1743
7.992	3.70647	0	10.779
8.00199	3.92729	0	11.4211
8.01198	4.16184	0	12.1032
8.02197	4.41102	0	12.8279
8.03196	4.67576	0	13.5978
8.04195	4.95708	0	14.4159
8.05194	5.25605	0	15.2854
8.06193	5.57383	0	16.2095
8.07192	5.91163	0	17.1919
8.08191	6.27077	0	18.2363
8.0919	6.65265	0	19.3469
8.10189	7.05876	0	20.5279
8.11188	7.49069	0	21.784
8.12187	7.95014	0	23.1202
8.13186	8.43892	0	24.5416
8.14185	8.95899	0	26.0541
8.15184	9.51241	0	27.6635
8.16183	10.1014	0	29.3763
8.17182	10.7283	0	31.1995
8.18181	11.3957	0	33.1403
8.1918	12.1062	0	35.2067
8.20179	12.8628	0	37.407
8.21178	13.6686	0	39.7503
8.22177	14.5268	0	42.246
8.23176	15.4409	0	44.9045
8.24175	16.4149	0	47.7368
8.25174	17.4526	0	50.7547
8.26173	18.5584	0	53.9706
8.27172	19.737	0	57.398
8.28171	20.9932	0	61.0513
8.2917	22.3324	0	64.9459
8.30169	23.7602	0	69.0983
8.31168	25.2828	0	73.526
8.32167	26.9065	0	78.2479
8.33166	28.6383	0	83.2843
8.34165	30.4857	0	88.6568
8.35164	32.4566	0	94.3884
8.36163	34.5595	0	100.504
8.37162	36.8036	0	107.03
8.38161	39.1987	0	113.996
8.3916	41.7552	0	121.43
8.40159	44.4844	0	129.367
8.41158	47.3982	0	137.841
8.42157	50.5097	0	146.89
8.43156	53.8325	0	156.553
8.44155	57.3816	0	166.874
8.45154	61.1728	0	177.899
8.46153	65.2231	0	189.678
8.47152	69.5508	0	202.264
8.48151	74.1754	0	215.713
8.4915	79.1181	0	230.087
8.50149	84.4012	0	245.451
8.51148	90.0489	0	261.876
8.52147	96.0873	0	279.436
8.53146	102.544	0	298.213
8.54145	109.449	0	318.294
8.55144	116.834	0	339.772
8.56143	124.735	0	362.746
8.57142	133.186	0	387.325
8.58141	142.229	0	413.624
8.5914	151.906	0	441.766
8.60139	162.263	0	471.885
8.61138	173.348	0	504.122
8.62137	185.215	0	538.633
8.63136	197.92	0	575.581
8.64135	211.525	0	615.144
8.65134	226.093	0	657.512
8.66133	241.697	0	702.89
8.67132	258.411	0	751.497
8.68131	276.317	0	803.57
8.6913	295.502	0	859.363
8.70129	316.06	0	919.149
8.71128	338.092	0	983.221
8.72127	361.707	0	1051.9
8.73126	387.021	0	1125.51
8.74125	414.16	0	1204.44
8.75124	443.26	0	1289.07
8.76123	474.466	0	1379.82
8.77122	507.934	0	1477.15
8.78121	543.833	0	1581.55
8.7912	582.345	0	1693.54
8.80119	623.664	0	1813.71
8.81118	668	0	1942.64
8.82117	715.58	0	2081.01
8.83116	766.648	0	2229.52
8.84115	821.465	0	2388.94
8.85114	880.316	0	2560.09
8.86113	943.503	0	2743.84
8.87112	1011.35	0	2941.17
8.88111	1084.22	0	3153.08
8.8911	1162.49	0	3380.7
8.90109	1246.57	0	3625.22
8.91108	1336.9	0	3887.91
8.92107	1433.96	0	4170.17
8.93106	1538.26	0	4473.49
8.94105	1650.36	0	4799.49
8.95104	1770.85	0	5149.9
8.96103	1900.38	0	5526.6
8.97102	2039.65	0	5931.6
8.98101	2189.4	0	6367.09
8.991	2350.44	0	6835.42
9.00099	2523.65	0	7339.13
9.01098	2709.96	0	7880.96
9.02097	2910.4	0	8463.86
9.03096	3126.06	0	9091.03
9.04095	3358.12	0	9765.9
9.05094	3607.86	0	10492.2
9.06093	3876.67	0	11273.9
9.07092	4166.04	0	12115.4
9.08091	4477.56	0	13021.4
9.0909	4812.99	0	13996.9
9.10089	5174.2	0	15047.3
9.11088	5563.22	0	16178.7
9.12087	5982.23	0	17397.2
9.13086	6433.62	0	18709.9
9.14085	6919.93	0	20124.2
9.15084	7443.94	0	21648.1
9.16083	8008.63	0	23290.3
9.17082	8617.24	0	25060.2
9.18081	9273.26	0	26968
9.1908	9980.47	0	29024.7
9.20079	10743	0	31242.1
9.21078	11565.2	0	33633.2
9.22077	12451.8	0	36211.7
9.23076	13408.2	0	38992.9
9.24075	14439.7	0	41992.9
9.25074	15552.6	0	45229.3
9.26073	16753.3	0	48721.2
9.27072	18049	0	52489.3
9.28071	19447.4	0	56555.8
9.2907	20956.6	0	60944.9
9.30069	22585.8	0	65682.8
9.31068	24344.7	0	70797.9
9.32067	26243.8	0	76320.8
9.33066	28294.6	0	82284.7
9.34065	30509.4	0	88725.7
9.35064	32901.6	0	95682.7
9.36063	35485.8	0	103198
9.37062	38277.8	0	111317
9.38061	41294.5	0	120090
9.3906	44554.4	0	129571
9.40059	48077.7	0	139817
9.41058	51886	0	150892
9.42057	56002.8	0	162865
9.43056	60453.8	0	175809
9.44055	65266.6	0	189805
9.45054	70471.2	0	204941
9.46053	76100.2	0	221310
9.47052	82188.9	0	239017
9.48051	88775.7	0	258173
9.4905	95902.2	0	278898
9.50049	103614	0	301323
9.51048	111959	0	325592
9.52047	120991	0	351859
9.53046	130767	0	380291
9.54045	141352	0	411071
9.55044	152811	0	444397
9.56043	165220	0	480484
9.57042	178658	0	519564
9.58041	193213	0	561892
9.5904	208979	0	607743
9.60039	226060	0	657415
9.61038	244566	0	711234
9.62037	264620	0	769553
9.63036	286352	0	832755
9.64035	309908	0	901258
9.65034	335442	0	975515
9.66033	363124	0	1.05602e+006
9.67032	393139	0	1.14331e+006
9.68031	425686	0	1.23796e+006
9.6903	460984	0	1.34061e+006
9.70029	499269	0	1.45195e+006
9.71028	540800	0	1.57273e+006
9.72027	585857	0	1.70376e+006
9.73026	634744	0	1.84593e+006
9.74025	687795	0	2.00021e+006
9.75024	745370	0	2.16764e+006
9.76023	807862	0	2.34938e+006
9.77022	875699	0	2.54666e+006
9.78021	949348	0	2.76084e+006
9.7902	1.02932e+006	0	2.9934e+006
9.80019	1.11615e+006	0	3.24594e+006
9.81018	1.21047e+006	0	3.52021e+006
9.82017	1.3129e+006	0	3.81812e+006
9.83016	1.42418e+006	0	4.14174e+006
9.84015	1.54508e+006	0	4.49333e+006
9.85014	1.67645e+006	0	4.87535e+006
9.86013	1.8192e+006	0	5.2905e+006
9.87012	1.97434e+006	0	5.74168e+006
9.88011	2.14298e+006	0	6.2321e+006
9.8901	2.3263e+006	0	6.76522e+006
9.90009	2.5256e+006	0	7.34482e+006
9.91008	2.74231e+006	0	7.97504e+006
9.92007	2.97797e+006	0	8.66039e+006
9.93006	3.23428e+006	0	9.40575e+006
9.94005	3.51306e+006	0	1.02165e+007
9.95004	3.81633e+006	0	1.10985e+007
9.96003	4.14629e+006	0	1.2058e+007
9.97002	4.5053e+006	0	1.31021e+007
9.98001	4.896e+006	0	1.42383e+007
9.99	5.32121e+006	0	1.54749e+007
