0	0.743472	0.743472	1
0.00999	0.743042	0.743042	0.999422
0.01998	0.741752	0.741752	0.997687
0.02997	0.739603	0.739603	0.994796
0.03996	0.736598	0.736598	0.990755
0.04995	0.732741	0.732741	0.985566
0.05994	0.728035	0.728035	0.979237
0.06993	0.722487	0.722487	0.971775
0.07992	0.716103	0.716103	0.963188
0.08991	0.70889	0.70889	0.953487
0.0999	0.700858	0.700858	0.942682
0.10989	0.692014	0.692014	0.930788
0.11988	0.682371	0.682371	0.917817
0.12987	0.671938	0.671938	0.903785
0.13986	0.660729	0.660729	0.888708
0.14985	0.648756	0.648756	0.872604
0.15984	0.636034	0.636034	0.855492
0.16983	0.622577	0.622577	0.837392
0.17982	0.608402	0.608402	0.818326
0.18981	0.593524	0.593524	0.798315
0.1998	0.577962	0.577962	0.777382
0.20979	0.561733	0.561733	0.755554
0.21978	0.544857	0.544857	0.732855
0.22977	0.527352	0.527352	0.709311
0.23976	0.509241	0.509241	0.68495
0.24975	0.490544	0.490544	0.659801
0.25974	0.471282	0.471282	0.633893
0.26973	0.451478	0.451478	0.607257
0.27972	0.431156	0.431156	0.579923
0.28971	0.410339	0.410339	0.551923
0.2997	0.389051	0.389051	0.52329
0.30969	0.367317	0.367317	0.494057
0.31968	0.345163	0.345163	0.464258
0.32967	0.322613	0.322613	0.433928
0.33966	0.299695	0.299695	0.403102
0.34965	0.276434	0.276434	0.371815
0.35964	0.252858	0.252858	0.340105
0.36963	0.228994	0.228994	0.308006
0.37962	0.204869	0.204869	0.275557
0.38961	0.180511	0.180511	0.242795
0.3996	0.155948	0.155948	0.209757
0.40959	0.131208	0.131208	0.176481
0.41958	0.10632	0.10632	0.143005
0.42957	0.0813114	0.0813114	0.109367
0.43956	0.056211	0.056211	0.0756062
0.44955	0.0310473	0.0310473	0.0417599
0.45954	0.00584856	0.00584856	0.00786655
0.46953	-0.0193567	-0.0193567	-0.0260356
0.47952	-0.0445403	-0.0445403	-0.0599086
0.48951	-0.0696741	-0.0696741	-0.0937145
0.4995	-0.0947301	-0.0947301	-0.127416
0.50949	-0.119681	-0.119681	-0.160975
0.51948	-0.144498	-0.144498	-0.194356
0.52947	-0.169155	-0.169155	-0.227521
0.53946	-0.193625	-0.193625	-0.260434
0.54945	-0.217882	-0.217882	-0.29306
0.55944	-0.241899	-0.241899	-0.325364
0.56943	-0.26565	-0.26565	-0.35731
0.57942	-0.289111	-0.289111	-0.388866
0.58941	-0.312257	-0.312257	-0.419998
0.5994	-0.335063	-0.335063	-0.450673
0.60939	-0.357506	-0.357506	-0.480861
0.61938	-0.379564	-0.379564	-0.510529
0.62937	-0.401213	-0.401213	-0.539648
0.63936	-0.422433	-0.422433	-0.56819
0.64935	-0.443202	-0.443202	-0.596125
0.65934	-0.4635	-0.4635	-0.623427
0.66933	-0.483308	-0.483308	-0.650069
0.67932	-0.502607	-0.502607	-0.676027
0.68931	-0.52138	-0.52138	-0.701277
0.6993	-0.539609	-0.539609	-0.725796
0.70929	-0.557278	-0.557278	-0.749562
0.71928	-0.574372	-0.574372	-0.772554
0.72927	-0.590877	-0.590877	-0.794754
0.73926	-0.60678	-0.60678	-0.816144
0.74925	-0.622067	-0.622067	-0.836706
0.75924	-0.636728	-0.636728	-0.856425
0.76923	-0.650752	-0.650752	-0.875288
0.77922	-0.664129	-0.664129	-0.89328
0.78921	-0.67685	-0.67685	-0.910392
0.7992	-0.688909	-0.688909	-0.926611
0.80919	-0.700299	-0.700299	-0.941931
0.81918	-0.711013	-0.711013	-0.956342
0.82917	-0.721048	-0.721048	-0.969839
0.83916	-0.7304	-0.7304	-0.982418
0.84915	-0.739065	-0.739065	-0.994073
0.85914	-0.747044	-0.747044	-1.0048
0.86913	-0.754334	-0.754334	-1.01461
0.87912	-0.760938	-0.760938	-1.02349
0.88911	-0.766854	-0.766854	-1.03145
0.8991	-0.772088	-0.772088	-1.03849
0.90909	-0.77664	-0.77664	-1.04461
0.91908	-0.780517	-0.780517	-1.04983
0.92907	-0.783722	-0.783722	-1.05414
0.93906	-0.786263	-0.786263	-1.05756
0.94905	-0.788145	-0.788145	-1.06009
0.95904	-0.789377	-0.789377	-1.06175
0.96903	-0.789968	-0.789968	-1.06254
0.97902	-0.789927	-0.789927	-1.06248
0.98901	-0.789265	-0.789265	-1.06159
0.999	-0.787991	-0.787991	-1.05988
1.00899	-0.786119	-0.786119	-1.05736
1.01898	-0.783661	-0.783661	-1.05406
1.02897	-0.78063	-0.78063	-1.04998
1.03896	-0.777039	-0.777039	-1.04515
1.04895	-0.772904	-0.772904	-1.03959
1.05894	-0.768238	-0.768238	-1.03331
1.06893	-0.763059	-0.763059	-1.02635
1.07892	-0.757382	-0.757382	-1.01871
1.08891	-0.751222	-0.751222	-1.01043
1.0989	-0.744599	-0.744599	-1.00152
1.10889	-0.737528	-0.737528	-0.992005
1.11888	-0.730028	-0.730028	-0.981917
1.12887	-0.722116	-0.722116	-0.971276
1.13886	-0.713811	-0.713811	-0.960105
1.14885	-0.705132	-0.705132	-0.948431
1.15884	-0.696097	-0.696097	-0.936279
1.16883	-0.686725	-0.686725	-0.923673
1.17882	-0.677035	-0.677035	-0.910641
1.18881	-0.667047	-0.667047	-0.897206
1.1988	-0.65678	-0.65678	-0.883396
1.20879	-0.646253	-0.646253	-0.869237
1.21878	-0.635485	-0.635485	-0.854753
1.22877	-0.624495	-0.624495	-0.839971
1.23876	-0.613302	-0.613302	-0.824916
1.24875	-0.601926	-0.601926	-0.809615
1.25874	-0.590384	-0.590384	-0.794091
1.26873	-0.578696	-0.578696	-0.77837
1.27872	-0.56688	-0.56688	-0.762478
1.28871	-0.554954	-0.554954	-0.746437
1.2987	-0.542936	-0.542936	-0.730272
1.30869	-0.530843	-0.530843	-0.714006
1.31868	-0.518692	-0.518692	-0.697663
1.32867	-0.506501	-0.506501	-0.681264
1.33866	-0.494284	-0.494284	-0.664833
1.34865	-0.482059	-0.482059	-0.64839
1.35864	-0.469841	-0.469841	-0.631956
1.36863	-0.457645	-0.457645	-0.615551
1.37862	-0.445485	-0.445485	-0.599196
1.38861	-0.433376	-0.433376	-0.582908
1.3986	-0.42133	-0.42133	-0.566707
1.40859	-0.409362	-0.409362	-0.550609
1.41858	-0.397483	-0.397483	-0.534631
1.42857	-0.385706	-0.385706	-0.518791
1.43856	-0.374042	-0.374042	-0.503102
1.44855	-0.362501	-0.362501	-0.487579
1.45854	-0.351095	-0.351095	-0.472237
1.46853	-0.339832	-0.339832	-0.457088
1.47852	-0.328722	-0.328722	-0.442145
1.48851	-0.317774	-0.317774	-0.427419
1.4985	-0.306995	-0.306995	-0.412921
1.50849	-0.296393	-0.296393	-0.39866
1.51848	-0.285974	-0.285974	-0.384647
1.52847	-0.275745	-0.275745	-0.370888
1.53846	-0.265712	-0.265712	-0.357393
1.54845	-0.255879	-0.255879	-0.344168
1.55844	-0.246252	-0.246252	-0.331219
1.56843	-0.236835	-0.236835	-0.318552
1.57842	-0.22763	-0.22763	-0.306172
1.58841	-0.218641	-0.218641	-0.294082
1.5984	-0.209871	-0.209871	-0.282286
1.60839	-0.201322	-0.201322	-0.270786
1.61838	-0.192995	-0.192995	-0.259586
1.62837	-0.184891	-0.184891	-0.248686
1.63836	-0.177011	-0.177011	-0.238087
1.64835	-0.169356	-0.169356	-0.227791
1.65834	-0.161924	-0.161924	-0.217795
1.66833	-0.154717	-0.154717	-0.2081
1.67832	-0.147732	-0.147732	-0.198705
1.68831	-0.140968	-0.140968	-0.189608
1.6983	-0.134424	-0.134424	-0.180806
1.70829	-0.128098	-0.128098	-0.172297
1.71828	-0.121988	-0.121988	-0.164079
1.72827	-0.11609	-0.11609	-0.156146
1.73826	-0.110403	-0.110403	-0.148497
1.74825	-0.104923	-0.104923	-0.141126
1.75824	-0.0996476	-0.0996476	-0.13403
1.76823	-0.0945722	-0.0945722	-0.127203
1.77822	-0.0896935	-0.0896935	-0.120642
1.78821	-0.0850079	-0.0850079	-0.114339
1.7982	-0.0805112	-0.0805112	-0.108291
1.80819	-0.0761993	-0.0761993	-0.102491
1.81818	-0.0720679	-0.0720679	-0.0969343
1.82817	-0.0681126	-0.0681126	-0.0916143
1.83816	-0.064329	-0.064329	-0.0865252
1.84815	-0.0607125	-0.0607125	-0.0816608
1.85814	-0.0572584	-0.0572584	-0.0770149
1.86813	-0.0539622	-0.0539622	-0.0725814
1.87812	-0.050819	-0.050819	-0.0683537
1.88811	-0.0478242	-0.0478242	-0.0643255
1.8981	-0.044973	-0.044973	-0.0604906
1.90809	-0.0422607	-0.0422607	-0.0568424
1.91808	-0.0396826	-0.0396826	-0.0533747
1.92807	-0.0372339	-0.0372339	-0.0500811
1.93806	-0.0349099	-0.0349099	-0.0469553
1.94805	-0.0327061	-0.0327061	-0.0439911
1.95804	-0.0306179	-0.0306179	-0.0411823
1.96803	-0.0286406	-0.0286406	-0.0385228
1.97802	-0.0267699	-0.0267699	-0.0360066
1.98801	-0.0250014	-0.0250014	-0.0336279
1.998	-0.0233307	-0.0233307	-0.0313807
2.00799	-0.0217536	-0.0217536	-0.0292595
2.01798	-0.020266	-0.020266	-0.0272586
2.02797	-0.0188638	-0.0188638	-0.0253725
2.03796	-0.017543	-0.017543	-0.023596
2.04795	-0.0162998	-0.0162998	-0.0219238
2.05794	-0.0151303	-0.0151303	-0.0203509
2.06793	-0.0140311	-0.0140311	-0.0188724
2.07792	-0.0129984	-0.0129984	-0.0174833
2.08791	-0.0120288	-0.0120288	-0.0161792
2.0979	-0.011119	-0.011119	-0.0149554
2.10789	-0.0102656	-0.0102656	-0.0138077
2.11788	-0.00946566	-0.00946566	-0.0127317
2.12787	-0.00871599	-0.00871599	-0.0117234
2.13786	-0.00801368	-0.00801368	-0.0107787
2.14785	-0.00735587	-0.00735587	-0.00989395
2.15784	-0.00673981	-0.00673981	-0.00906532
2.16783	-0.00616284	-0.00616284	-0.00828927
2.17782	-0.00562238	-0.00562238	-0.00756233
2.18781	-0.00511594	-0.00511594	-0.00688115
2.1978	-0.00464113	-0.00464113	-0.0062425
2.20779	-0.0041956	-0.0041956	-0.00564326
2.21778	-0.00377711	-0.00377711	-0.00508037
2.22777	-0.00338347	-0.00338347	-0.0045509
2.23776	-0.00301254	-0.00301254	-0.00405198
2.24775	-0.00266224	-0.00266224	-0.00358083
2.25774	-0.00233056	-0.00233056	-0.0031347
2.26773	-0.0020155	-0.0020155	-0.00271093
2.27772	-0.0017151	-0.0017151	-0.00230688
2.28771	-0.00142742	-0.00142742	-0.00191995
2.2977	-0.00115055	-0.00115055	-0.00154754
2.30769	-0.000882546	-0.000882546	-0.00118706
2.31768	-0.000621484	-0.000621484	-0.000835921
2.32767	-0.0003654	-0.0003654	-0.000491478
2.33766	-0.000112298	-0.000112298	-0.000151046
2.34765	0.000139875	0	0.000188137
2.35764	0.000393242	0	0.000528927
2.36763	0.000650019	0	0.000874302
2.37762	0.000912534	0	0.0012274
2.38761	0.00118325	0	0.00159152
2.3976	0.0014648	0	0.00197022
2.40759	0.00176001	0	0.00236729
2.41758	0.00207192	0	0.00278682
2.42757	0.00240386	0	0.0032333
2.43756	0.00275946	0	0.00371159
2.44755	0.0031427	0	0.00422706
2.45754	0.00355798	0	0.00478564
2.46753	0.0040102	0	0.00539388
2.47752	0.00450477	0	0.0060591
2.48751	0.00504776	0	0.00678944
2.4975	0.00564595	0	0.00759404
2.50749	0.00630697	0	0.00848314
2.51748	0.00703939	0	0.00946827
2.52747	0.00785287	0	0.0105624
2.53746	0.00875832	0	0.0117803
2.54745	0.00976811	0	0.0131385
2.55744	0.0108962	0	0.0146559
2.56743	0.0121586	0	0.0163538
2.57742	0.0135733	0	0.0182566
2.58741	0.0151608	0	0.0203919
2.5974	0.0169446	0	0.0227912
2.60739	0.0189515	0	0.0254905
2.61738	0.0212118	0	0.0285308
2.62737	0.0237606	0	0.031959
2.63736	0.0266377	0	0.0358288
2.64735	0.0298889	0	0.0402018
2.65734	0.0335666	0	0.0451485
2.66733	0.0377309	0	0.0507497
2.67732	0.0424511	0	0.0570984
2.68731	0.0478065	0	0.0643017
2.6973	0.0538886	0	0.0724823
2.70729	0.0608028	0	0.0817822
2.71728	0.0686706	0	0.0923647
2.72727	0.0776321	0	0.104418
2.73726	0.0878495	0	0.118161
2.74725	0.0995098	0	0.133845
2.75724	0.11283	0	0.151761
2.76723	0.128061	0	0.172247
2.77722	0.145493	0	0.195694
2.78721	0.165465	0	0.222557
2.7972	0.188369	0	0.253364
2.80719	0.21466	0	0.288727
2.81718	0.244871	0	0.329361
2.82717	0.279618	0	0.376098
2.83716	0.319623	0	0.429906
2.84715	0.365727	0	0.491917
2.85714	0.418912	0	0.563454
2.86713	0.480328	0	0.646061
2.87712	0.551319	0	0.741547
2.88711	0.63346	0	0.85203
2.8971	0.728599	0	0.979996
2.90709	0.838904	0	1.12836
2.91708	0.96692	0	1.30055
2.92707	1.11564	0	1.50059
2.93706	1.2886	0	1.73322
2.94705	1.48995	0	2.00404
2.95704	1.72459	0	2.31964
2.96703	1.9983	0	2.68779
2.97702	2.31792	0	3.1177
2.98701	2.69154	0	3.62024
2.997	3.12874	0	4.20829
3.00699	3.64088	0	4.89713
3.01698	4.24141	0	5.70487
3.02697	4.94635	0	6.65304
3.03696	5.77471	0	7.76722
3.04695	6.74914	0	9.07787
3.05694	7.8966	0	10.6212
3.06693	9.24926	0	12.4406
3.07692	10.8455	0	14.5877
3.08691	12.7313	0	17.1241
3.0969	14.9614	0	20.1237
3.10689	17.6016	0	23.6749
3.11688	20.7308	0	27.8838
3.12687	24.4434	0	32.8774
3.13686	28.8531	0	38.8087
3.14685	34.0965	0	45.8612
3.15684	40.338	0	54.2562
3.16683	47.7756	0	64.2602
3.17682	56.6486	0	76.1947
3.18681	67.2455	0	90.448
3.1968	79.9154	0	107.489
3.20679	95.0804	0	127.887
3.21678	113.252	0	152.329
3.22677	135.052	0	181.65
3.23676	161.233	0	216.864
3.24675	192.71	0	259.203
3.25674	230.598	0	310.164
3.26673	276.255	0	371.575
3.27672	331.336	0	445.661
3.28671	397.862	0	535.14
3.2967	478.302	0	643.336
3.30669	575.678	0	774.311
3.31668	693.692	0	933.045
3.32667	836.883	0	1125.64
3.33666	1010.82	0	1359.6
3.34665	1222.36	0	1644.12
3.35664	1479.91	0	1990.54
3.36663	1793.87	0	2412.82
3.37662	2177.02	0	2928.18
3.38661	2645.16	0	3557.85
3.3966	3217.84	0	4328.12
3.40659	3919.2	0	5271.48
3.41658	4779.18	0	6428.19
3.42657	5834.91	0	7848.2
3.43656	7132.49	0	9593.49
3.44655	8729.22	0	11741.2
3.45654	10696.4	0	14387.1
3.46653	13123	0	17650.9
3.47652	16119.7	0	21681.7
3.48651	19825.1	0	26665.6
3.4965	24412.2	0	32835.5
3.50649	30097.9	0	40482.9
3.51648	37153.7	0	49973.2
3.52647	45920.4	0	61764.9
3.53646	56826.4	0	76433.9
3.54645	70410.3	0	94704.8
3.55644	87350.5	0	117490
3.56643	108502	0	145940
3.57642	134945	0	181507
3.58641	168044	0	226026
3.5964	209526	0	281821
3.60639	261579	0	351835
3.61638	326979	0	439800
3.62637	409250	0	550458
3.63636	512875	0	689838
3.64635	643563	0	865618
3.65634	808587	0	1.08758e+006
3.66633	1.01724e+006	0	1.36822e+006
3.67632	1.28138e+006	0	1.7235e+006
3.68631	1.61619e+006	0	2.17384e+006
3.6963	2.04113e+006	0	2.74541e+006
3.70629	2.58116e+006	0	3.47177e+006
3.71628	3.26831e+006	0	4.39602e+006
3.72627	4.14381e+006	0	5.5736e+006
3.73626	5.26071e+006	0	7.07587e+006
3.74625	6.68743e+006	0	8.99487e+006
3.75624	8.51227e+006	0	1.14493e+007
3.76623	1.08494e+007	0	1.45928e+007
3.77622	1.38464e+007	0	1.8624e+007
3.78621	1.76948e+007	0	2.38003e+007
3.7962	2.26429e+007	0	3.04557e+007
3.80619	2.90133e+007	0	3.90241e+007
3.81618	3.72256e+007	0	5.007e+007
3.82617	4.78264e+007	0	6.43285e+007
3.83616	6.15286e+007	0	8.27585e+007
3.84615	7.9263e+007	0	1.06612e+008
3.85614	1.02247e+008	0	1.37526e+008
3.86613	1.32074e+008	0	1.77645e+008
3.87612	1.70833e+008	0	2.29777e+008
3.88611	2.21267e+008	0	2.97613e+008
3.8961	2.86981e+008	0	3.86002e+008
3.90609	3.72721e+008	0	5.01325e+008
3.91608	4.84739e+008	0	6.51994e+008
3.92607	6.31289e+008	0	8.49109e+008
3.93606	8.23276e+008	0	1.10734e+009
3.94605	1.07513e+009	0	1.4461e+009
3.95604	1.40598e+009	0	1.8911e+009
3.96603	1.84118e+009	0	2.47646e+009
3.97602	2.41445e+009	0	3.24753e+009
3.98601	3.17061e+009	0	4.26461e+009
3.996	4.16942e+009	0	5.60804e+009
4.00599	5.49053e+009	0	7.38499e+009
4.01598	7.2404e+009	0	9.73864e+009
4.02597	9.5614e+009	0	1.28605e+010
4.03596	1.26442e+010	0	1.7007e+010
4.04595	1.67446e+010	0	2.25222e+010
4.05594	2.22062e+010	0	2.98682e+010
4.06593	2.94909e+010	0	3.96665e+010
4.07592	3.92211e+010	0	5.2754e+010
4.08591	5.22362e+010	0	7.02598e+010
4.0959	6.96695e+010	0	9.37084e+010
4.10589	9.30543e+010	0	1.25162e+011
4.11588	1.24467e+011	0	1.67413e+011
4.12587	1.66723e+011	0	2.24249e+011
4.13586	2.23647e+011	0	3.00815e+011
4.14585	3.00441e+011	0	4.04106e+011
4.15584	4.0419e+011	0	5.43652e+011
4.16583	5.44554e+011	0	7.32448e+011
4.17582	7.34732e+011	0	9.88245e+011
4.18581	9.92775e+011	0	1.33532e+012
4.1958	1.34341e+012	0	1.80694e+012
4.20579	1.82054e+012	0	2.44871e+012
4.21578	2.47077e+012	0	3.32329e+012
4.22577	3.35817e+012	0	4.51688e+012
4.23576	4.57103e+012	0	6.14823e+012
4.24575	6.23115e+012	0	8.38116e+012
4.25574	8.5068e+012	0	1.1442e+013
4.26573	1.16308e+013	0	1.56439e+013
4.27572	1.59257e+013	0	2.14208e+013
4.28571	2.18392e+013	0	2.93746e+013
4.2957	2.99933e+013	0	4.03423e+013
4.30569	4.12538e+013	0	5.5488e+013
4.31568	5.6827e+013	0	7.64347e+013
4.32567	7.83971e+013	0	1.05447e+014
4.33566	1.08318e+014	0	1.45692e+014
4.34565	1.49885e+014	0	2.01602e+014
4.35564	2.07719e+014	0	2.7939e+014
4.36563	2.88304e+014	0	3.87781e+014
4.37562	4.00764e+014	0	5.39044e+014
4.38561	5.57942e+014	0	7.50455e+014
4.3956	7.77954e+014	0	1.04638e+015
4.40559	1.08639e+015	0	1.46123e+015
4.41558	1.51943e+015	0	2.0437e+015
4.42557	2.12837e+015	0	2.86275e+015
4.43556	2.98596e+015	0	4.01624e+015
4.44555	4.19558e+015	0	5.64323e+015
4.45554	5.90437e+015	0	7.94162e+015
4.46553	8.32203e+015	0	1.11935e+016
4.47552	1.17479e+016	0	1.58014e+016
4.48551	1.661e+016	0	2.23411e+016
4.4955	2.35211e+016	0	3.16369e+016
4.50549	3.336e+016	0	4.48706e+016
4.51548	4.73889e+016	0	6.374e+016
4.52547	6.74233e+016	0	9.06872e+016
4.53546	9.60791e+016	0	1.2923e+017
4.54545	1.3713e+017	0	1.84446e+017
4.55544	1.96032e+017	0	2.63671e+017
4.56543	2.80678e+017	0	3.77523e+017
4.57542	4.02513e+017	0	5.41397e+017
4.58541	5.78156e+017	0	7.77643e+017
4.5954	8.31769e+017	0	1.11876e+018
4.60539	1.19855e+018	0	1.6121e+018
4.61538	1.72984e+018	0	2.32671e+018
4.62537	2.50066e+018	0	3.36349e+018
4.63536	3.62077e+018	0	4.87009e+018
4.64535	5.25109e+018	0	7.06294e+018
4.65534	7.62782e+018	0	1.02597e+019
4.66533	1.10983e+019	0	1.49276e+019
4.67532	1.61739e+019	0	2.17546e+019
4.68531	2.36093e+019	0	3.17554e+019
4.6953	3.4519e+019	0	4.64295e+019
4.70529	5.05526e+019	0	6.79953e+019
4.71528	7.41549e+019	0	9.97414e+019
4.72527	1.08955e+020	0	1.4655e+020
4.73526	1.60351e+020	0	2.15679e+020
4.74525	2.3638e+020	0	3.17941e+020
4.75524	3.49034e+020	0	4.69465e+020
4.76523	5.1623e+020	0	6.9435e+020
4.77522	7.64783e+020	0	1.02866e+021
4.78521	1.13489e+021	0	1.52648e+021
4.7952	1.68692e+021	0	2.26898e+021
4.80519	2.51165e+021	0	3.37827e+021
4.81518	3.74584e+021	0	5.03831e+021
4.82517	5.59586e+021	0	7.52667e+021
4.83516	8.37363e+021	0	1.12629e+022
4.84515	1.25514e+022	0	1.68821e+022
4.85514	1.88452e+022	0	2.53476e+022
4.86513	2.83428e+022	0	3.81223e+022
4.87512	4.26993e+022	0	5.74323e+022
4.88511	6.44369e+022	0	8.66702e+022
4.8951	9.74061e+022	0	1.31015e+023
4.90509	1.47495e+023	0	1.98387e+023
4.91508	2.23722e+023	0	3.00915e+023
4.92507	3.39925e+023	0	4.57213e+023
4.93506	5.17369e+023	0	6.95883e+023
4.94505	7.88794e+023	0	1.06096e+024
4.95504	1.20468e+024	0	1.62035e+024
4.96503	1.84302e+024	0	2.47894e+024
4.97502	2.82448e+024	0	3.79904e+024
4.98501	4.33608e+024	0	5.8322e+024
4.995	6.6682e+024	0	8.969e+024
5.00499	1.02724e+025	0	1.38169e+025
5.01498	1.58524e+025	0	2.13221e+025
5.02497	2.4506e+025	0	3.29616e+025
5.03496	3.79497e+025	0	5.1044e+025
5.04495	5.88715e+025	0	7.91846e+025
5.05494	9.14878e+025	0	1.23055e+026
5.06493	1.42424e+026	0	1.91566e+026
5.07492	2.22111e+026	0	2.98748e+026
5.08491	3.46993e+026	0	4.6672e+026
5.0949	5.43049e+026	0	7.30423e+026
5.10489	8.51386e+026	0	1.14515e+027
5.11488	1.33716e+027	0	1.79854e+027
5.12487	2.10385e+027	0	2.82976e+027
5.13486	3.31602e+027	0	4.46018e+027
5.14485	5.23594e+027	0	7.04255e+027
5.15484	8.28225e+027	0	1.114e+028
5.16483	1.31244e+028	0	1.76529e+028
5.17482	2.08349e+028	0	2.80238e+028
5.18481	3.31347e+028	0	4.45675e+028
5.1948	5.27906e+028	0	7.10056e+028
5.20479	8.42587e+028	0	1.13331e+029
5.21478	1.34728e+029	0	1.81214e+029
5.22477	2.15817e+029	0	2.90283e+029
5.23476	3.46341e+029	0	4.65843e+029
5.24475	5.56815e+029	0	7.4894e+029
5.25474	8.96829e+029	0	1.20627e+030
5.26473	1.44711e+030	0	1.94642e+030
5.27472	2.3393e+030	0	3.14645e+030
5.28471	3.78848e+030	0	5.09567e+030
5.2947	6.14671e+030	0	8.26758e+030
5.30469	9.99122e+030	0	1.34386e+031
5.31468	1.62703e+031	0	2.18842e+031
5.32467	2.65443e+031	0	3.57032e+031
5.33466	4.33863e+031	0	5.83563e+031
5.34465	7.10455e+031	0	9.55592e+031
5.35464	1.16554e+032	0	1.5677e+032
5.36463	1.91569e+032	0	2.57668e+032
5.37462	3.15451e+032	0	4.24295e+032
5.38461	5.20415e+032	0	6.99979e+032
5.3946	8.60159e+032	0	1.15695e+033
5.40459	1.42436e+033	0	1.91583e+033
5.41458	2.36308e+033	0	3.17844e+033
5.42457	3.92782e+033	0	5.28308e+033
5.43456	6.54099e+033	0	8.7979e+033
5.44455	1.09132e+034	0	1.46788e+034
5.45454	1.82425e+034	0	2.4537e+034
5.46453	3.05519e+034	0	4.10936e+034
5.47452	5.12644e+034	0	6.89528e+034
5.48451	8.61824e+034	0	1.15919e+035
5.4945	1.4516e+035	0	1.95247e+035
5.50449	2.44966e+035	0	3.29489e+035
5.51448	4.14183e+035	0	5.57093e+035
5.52447	7.01634e+035	0	9.43726e+035
5.53446	1.19086e+036	0	1.60176e+036
5.54445	2.0251e+036	0	2.72384e+036
5.55444	3.45038e+036	0	4.6409e+036
5.56443	5.89012e+036	0	7.92245e+036
5.57442	1.00744e+037	0	1.35505e+037
5.58441	1.72646e+037	0	2.32216e+037
5.5944	2.96438e+037	0	3.98722e+037
5.60439	5.09982e+037	0	6.85947e+037
5.61438	8.79064e+037	0	1.18238e+038
5.62437	1.51821e+038	0	2.04205e+038
5.63436	2.62718e+038	0	3.53367e+038
5.64435	4.5551e+038	0	6.1268e+038
5.65434	7.91328e+038	0	1.06437e+039
5.66433	1.37742e+039	0	1.85269e+039
5.67432	2.40232e+039	0	3.23121e+039
5.68431	4.19806e+039	0	5.64656e+039
5.6943	7.35061e+039	0	9.88688e+039
5.70429	1.2896e+040	0	1.73457e+040
5.71428	2.26698e+040	0	3.04919e+040
5.72427	3.99302e+040	0	5.37078e+040
5.73426	7.04721e+040	0	9.47878e+040
5.74425	1.24622e+041	0	1.67622e+041
5.75424	2.20821e+041	0	2.97014e+041
5.76423	3.9206e+041	0	5.27336e+041
5.77422	6.9748e+041	0	9.38139e+041
5.78421	1.24332e+042	0	1.67231e+042
5.7942	2.22076e+042	0	2.98702e+042
5.80419	3.97462e+042	0	5.34603e+042
5.81418	7.12793e+042	0	9.58735e+042
5.82417	1.28087e+043	0	1.72283e+043
5.83416	2.30636e+043	0	3.10215e+043
5.84415	4.16128e+043	0	5.59709e+043
5.85414	7.52327e+043	0	1.01191e+044
5.86413	1.36291e+044	0	1.83317e+044
5.87412	2.47407e+044	0	3.32773e+044
5.88411	4.5003e+044	0	6.05309e+044
5.8941	8.2027e+044	0	1.1033e+045
5.90409	1.49816e+045	0	2.01509e+045
5.91408	2.7419e+045	0	3.68797e+045
5.92407	5.02845e+045	0	6.76347e+045
5.93406	9.24079e+045	0	1.24292e+046
5.94405	1.70168e+046	0	2.28883e+046
5.95404	3.14008e+046	0	4.22354e+046
5.96403	5.80632e+046	0	7.80974e+046
5.97402	1.07587e+047	0	1.44709e+047
5.98401	1.99764e+047	0	2.68691e+047
5.994	3.71685e+047	0	4.99932e+047
6.00399	6.93005e+047	0	9.32121e+047
6.01398	1.2948e+048	0	1.74156e+048
6.02397	2.42422e+048	0	3.26068e+048
6.03396	4.54831e+048	0	6.11767e+048
6.04395	8.55139e+048	0	1.1502e+049
6.05394	1.61114e+049	0	2.16705e+049
6.06393	3.04187e+049	0	4.09144e+049
6.07392	5.75521e+049	0	7.74099e+049
6.08391	1.09118e+050	0	1.46768e+050
6.0939	2.07323e+050	0	2.78858e+050
6.10389	3.94744e+050	0	5.30947e+050
6.11388	7.53187e+050	0	1.01307e+051
6.12387	1.44016e+051	0	1.93707e+051
6.13386	2.75956e+051	0	3.71172e+051
6.14385	5.29899e+051	0	7.12736e+051
6.15384	1.0197e+052	0	1.37153e+052
6.16383	1.96641e+052	0	2.64491e+052
6.17382	3.80021e+052	0	5.11143e+052
6.18381	7.35984e+052	0	9.89929e+052
6.1938	1.42844e+053	0	1.92131e+053
6.20379	2.77834e+053	0	3.73698e+053
6.21378	5.41557e+053	0	7.28416e+053
6.22377	1.05788e+054	0	1.4229e+054
6.23376	2.07094e+054	0	2.7855e+054
6.24375	4.0629e+054	0	5.46477e+054
6.25374	7.98813e+054	0	1.07444e+055
6.26373	1.57396e+055	0	2.11705e+055
6.27372	3.10805e+055	0	4.18045e+055
6.28371	6.1507e+055	0	8.27294e+055
6.2937	1.21985e+056	0	1.64075e+056
6.30369	2.42458e+056	0	3.26116e+056
6.31368	4.82964e+056	0	6.49607e+056
6.32367	9.64148e+056	0	1.29682e+057
6.33366	1.92896e+057	0	2.59454e+057
6.34365	3.86774e+057	0	5.20227e+057
6.35364	7.77223e+057	0	1.0454e+058
6.36363	1.56527e+058	0	2.10536e+058
6.37362	3.15931e+058	0	4.2494e+058
6.38361	6.39077e+058	0	8.59585e+058
6.3936	1.29561e+059	0	1.74265e+059
6.40359	2.63244e+059	0	3.54075e+059
6.41358	5.36052e+059	0	7.21012e+059
6.42357	1.09401e+060	0	1.47148e+060
6.43356	2.23769e+060	0	3.00978e+060
6.44355	4.58719e+060	0	6.16996e+060
6.45354	9.42461e+060	0	1.26765e+061
6.46353	1.94067e+061	0	2.61028e+061
6.47352	4.00509e+061	0	5.38701e+061
6.48351	8.28414e+061	0	1.11425e+062
6.4935	1.71734e+062	0	2.3099e+062
6.50349	3.56817e+062	0	4.79933e+062
6.51348	7.43038e+062	0	9.99416e+062
6.52347	1.5508e+063	0	2.08589e+063
6.53346	3.24403e+063	0	4.36335e+063
6.54345	6.80135e+063	0	9.14809e+063
6.55344	1.42919e+064	0	1.92232e+064
6.56343	3.01003e+064	0	4.04862e+064
6.57342	6.35389e+064	0	8.54624e+064
6.58341	1.3443e+065	0	1.80814e+065
6.5934	2.85066e+065	0	3.83425e+065
6.60339	6.05878e+065	0	8.14931e+065
6.61338	1.29068e+066	0	1.73602e+066
6.62337	2.75579e+066	0	3.70666e+066
6.63336	5.89755e+066	0	7.93245e+066
6.64335	1.26501e+067	0	1.70149e+067
6.65334	2.71967e+067	0	3.65807e+067
6.66333	5.86057e+067	0	7.88271e+067
6.67332	1.2658e+068	0	1.70255e+068
6.68331	2.74028e+068	0	3.68579e+068
6.6933	5.94607e+068	0	7.9977e+068
6.70329	1.29322e+069	0	1.73943e+069
6.71328	2.81917e+069	0	3.7919e+069
6.72327	6.16002e+069	0	8.28547e+069
6.73326	1.34913e+070	0	1.81463e+070
6.74325	2.96168e+070	0	3.98358e+070
6.75324	6.51683e+070	0	8.7654e+070
6.76323	1.43731e+071	0	1.93324e+071
6.77322	3.17748e+071	0	4.27384e+071
6.78321	7.04098e+071	0	9.47041e+071
6.7932	1.56388e+072	0	2.10349e+072
6.80319	3.48175e+072	0	4.68309e+072
6.81318	7.76986e+072	0	1.04508e+073
6.82317	1.73802e+073	0	2.33771e+073
6.83316	3.89692e+073	0	5.24152e+073
6.84315	8.75824e+073	0	1.17802e+074
6.85314	1.97306e+074	0	2.65385e+074
6.86313	4.4555e+074	0	5.99283e+074
6.87312	1.00852e+075	0	1.3565e+075
6.88311	2.28826e+075	0	3.0778e+075
6.8931	5.20429e+075	0	6.99998e+075
6.90309	1.18646e+076	0	1.59584e+076
6.91308	2.71135e+076	0	3.64688e+076
6.92307	6.21094e+076	0	8.35397e+076
6.93306	1.42616e+077	0	1.91825e+077
6.94305	3.28265e+077	0	4.4153e+077
6.95304	7.57398e+077	0	1.01873e+078
6.96303	1.75174e+078	0	2.35616e+078
6.97302	4.06127e+078	0	5.46257e+078
6.98301	9.43849e+078	0	1.26952e+079
6.993	2.19884e+079	0	2.95753e+079
7.00299	5.13496e+079	0	6.90673e+079
7.01298	1.20208e+080	0	1.61685e+080
7.02297	2.82087e+080	0	3.79419e+080
7.03296	6.63576e+080	0	8.92537e+080
7.04295	1.56479e+081	0	2.1047e+081
7.05294	3.69896e+081	0	4.97525e+081
7.06293	8.76524e+081	0	1.17896e+082
7.07292	2.08214e+082	0	2.80057e+082
7.08291	4.95816e+082	0	6.66893e+082
7.0929	1.18358e+083	0	1.59196e+083
7.10289	2.83229e+083	0	3.80955e+083
7.11288	6.79435e+083	0	9.13869e+083
7.12287	1.63391e+084	0	2.19768e+084
7.13286	3.93893e+084	0	5.29803e+084
7.14285	9.51924e+084	0	1.28038e+085
7.15284	2.30622e+085	0	3.10195e+085
7.16283	5.6011e+085	0	7.53371e+085
7.17282	1.36371e+086	0	1.83425e+086
7.18281	3.32853e+086	0	4.47701e+086
7.1928	8.14444e+086	0	1.09546e+087
7.20279	1.9978e+087	0	2.68712e+087
7.21278	4.91276e+087	0	6.60786e+087
7.22277	1.21111e+088	0	1.62899e+088
7.23276	2.99314e+088	0	4.0259e+088
7.24275	7.41582e+088	0	9.97459e+088
7.25274	1.84196e+089	0	2.47751e+089
7.26273	4.58661e+089	0	6.16917e+089
7.27272	1.14497e+090	0	1.54003e+090
7.28271	2.86544e+090	0	3.85414e+090
7.2927	7.18925e+090	0	9.66984e+090
7.30269	1.80831e+091	0	2.43225e+091
7.31268	4.55993e+091	0	6.1333e+091
7.32267	1.15277e+092	0	1.55053e+092
7.33266	2.92167e+092	0	3.92977e+092
7.34265	7.42371e+092	0	9.98519e+092
7.35264	1.8911e+093	0	2.54361e+093
7.36263	4.82962e+093	0	6.49604e+093
7.37262	1.23657e+094	0	1.66324e+094
7.38261	3.17419e+094	0	4.26942e+094
7.3926	8.16879e+094	0	1.09874e+095
7.40259	2.10763e+095	0	2.83484e+095
7.41258	5.45183e+095	0	7.33294e+095
7.42257	1.41386e+096	0	1.9017e+096
7.43256	3.67608e+096	0	4.94448e+096
7.44255	9.58256e+096	0	1.28889e+097
7.45254	2.50436e+097	0	3.36847e+097
7.46253	6.56195e+097	0	8.8261e+097
7.47252	1.72382e+098	0	2.3186e+098
7.48251	4.54017e+098	0	6.10672e+098
7.4925	1.19889e+099	0	1.61255e+099
7.50249	3.17403e+099	0	4.2692e+099
7.51248	8.42504e+099	0	1.1332e+100
7.52247	2.24214e+100	0	3.01576e+100
7.53246	5.9825e+100	0	8.04671e+100
7.54245	1.60043e+101	0	2.15264e+101
7.55244	4.29263e+101	0	5.77376e+101
7.56243	1.15437e+102	0	1.55268e+102
7.57242	3.11247e+102	0	4.1864e+102
7.58241	8.41401e+102	0	1.13172e+103
7.5924	2.28056e+103	0	3.06744e+103
7.60239	6.19755e+103	0	8.33596e+103
7.61238	1.68866e+104	0	2.27131e+104
7.62237	4.61326e+104	0	6.20503e+104
7.63236	1.26363e+105	0	1.69964e+105
7.64235	3.4704e+105	0	4.66783e+105
7.65234	9.55626e+105	0	1.28536e+106
7.66233	2.63844e+106	0	3.54881e+106
7.67232	7.30394e+106	0	9.8241e+106
7.68231	2.02731e+107	0	2.72682e+107
7.6923	5.64208e+107	0	7.58884e+107
7.70229	1.5744e+108	0	2.11763e+108
7.71228	4.40501e+108	0	5.92493e+108
7.72227	1.23578e+109	0	1.66217e+109
7.73226	3.4761e+109	0	4.6755e+109
7.74225	9.8041e+109	0	1.31869e+110
7.75224	2.7726e+110	0	3.72926e+110
7.76223	7.86196e+110	0	1.05747e+111
7.77222	2.23533e+111	0	3.00661e+111
7.78221	6.37267e+111	0	8.5715e+111
7.7922	1.82167e+112	0	2.45023e+112
7.80219	5.22145e+112	0	7.02306e+112
7.81218	1.50067e+113	0	2.01846e+113
7.82217	4.32466e+113	0	5.81684e+113
7.83216	1.24967e+114	0	1.68086e+114
7.84215	3.62089e+114	0	4.87025e+114
7.85214	1.052e+115	0	1.41498e+115
7.86213	3.06474e+115	0	4.12221e+115
7.87212	8.95273e+115	0	1.20418e+116
7.88211	2.62241e+116	0	3.52724e+116
7.8921	7.70245e+116	0	1.03601e+117
7.90209	2.26853e+117	0	3.05127e+117
7.91208	6.69958e+117	0	9.01121e+117
7.92207	1.98399e+118	0	2.66855e+118
7.93206	5.89146e+118	0	7.92426e+118
7.94205	1.75428e+119	0	2.35958e+119
7.95204	5.23803e+119	0	7.04536e+119
7.96203	1.56831e+120	0	2.10944e+120
7.97202	4.70861e+120	0	6.33328e+120
7.98201	1.4176e+121	0	1.90672e+121
7.992	4.27968e+121	0	5.75634e+121
8.00199	1.2956e+122	0	1.74264e+122
8.01198	3.93309e+122	0	5.29017e+122
8.02197	1.19729e+123	0	1.61041e+123
8.03196	3.65488e+123	0	4.91597e+123
8.04195	1.1188e+124	0	1.50484e+124
8.05194	3.43433e+124	0	4.61931e+124
8.06193	1.05716e+125	0	1.42192e+125
8.07192	3.26325e+125	0	4.38921e+125
8.08191	1.01012e+126	0	1.35866e+126
8.0919	3.13554e+126	0	4.21743e+126
8.10189	9.76039e+126	0	1.31281e+127
8.11188	3.04676e+127	0	4.09802e+127
8.12187	9.5374e+127	0	1.28282e+128
8.13186	2.99393e+128	0	4.02696e+128
8.14185	9.42488e+128	0	1.26768e+129
8.15184	2.97532e+129	0	4.00192e+129
8.16183	9.41924e+129	0	1.26693e+130
8.17182	2.99037e+130	0	4.02217e+130
8.18181	9.52057e+130	0	1.28056e+131
8.1918	3.03969e+131	0	4.08851e+131
8.20179	9.73258e+131	0	1.30907e+132
8.21178	3.12506e+132	0	4.20334e+132
8.22177	1.00629e+133	0	1.3535e+133
8.23176	3.24956e+133	0	4.37079e+133
8.24175	1.05235e+134	0	1.41546e+134
8.25174	3.41773e+134	0	4.59699e+134
8.26173	1.11315e+135	0	1.49724e+135
8.27172	3.6359e+135	0	4.89044e+135
8.28171	1.191e+136	0	1.60195e+136
8.2917	3.91254e+136	0	5.26253e+136
8.30169	1.28899e+137	0	1.73375e+137
8.31168	4.25883e+137	0	5.7283e+137
8.32167	1.41117e+138	0	1.89808e+138
8.33166	4.6894e+138	0	6.30744e+138
8.34165	1.56282e+139	0	2.10205e+139
8.35164	5.22339e+139	0	7.02568e+139
8.36163	1.75086e+140	0	2.35498e+140
8.37162	5.88584e+140	0	7.9167e+140
8.38161	1.98437e+141	0	2.66906e+141
8.3916	6.7096e+141	0	9.02469e+141
8.40159	2.27526e+142	0	3.06032e+142
8.41158	7.738e+142	0	1.04079e+143
8.42157	2.63931e+143	0	3.54998e+143
8.43156	9.02854e+143	0	1.21438e+144
8.44155	3.0975e+144	0	4.16627e+144
8.45154	1.0658e+145	0	1.43354e+145
8.46153	3.67796e+145	0	4.947e+145
8.47152	1.27295e+146	0	1.71217e+146
8.48151	4.41863e+146	0	5.94324e+146
8.4915	1.53829e+147	0	2.06907e+147
8.50149	5.37115e+147	0	7.22442e+147
8.51148	1.88093e+148	0	2.52993e+148
8.52147	6.60627e+148	0	8.88571e+148
8.53146	2.32713e+149	0	3.13009e+149
8.54145	8.22182e+149	0	1.10587e+150
8.55144	2.91339e+150	0	3.91863e+150
8.56143	1.03541e+151	0	1.39267e+151
8.57142	3.69076e+151	0	4.96422e+151
8.58141	1.31949e+152	0	1.77476e+152
8.5914	4.73134e+152	0	6.36385e+152
8.60139	1.70159e+153	0	2.28871e+153
8.61138	6.13786e+153	0	8.25568e+153
8.62137	2.22062e+154	0	2.98682e+154
8.63136	8.05797e+154	0	1.08383e+155
8.64135	2.93275e+155	0	3.94467e+155
8.65134	1.07059e+156	0	1.43999e+156
8.66133	3.91986e+156	0	5.27237e+156
8.67132	1.43952e+157	0	1.93622e+157
8.68131	5.30238e+157	0	7.13192e+157
8.6913	1.95897e+158	0	2.63489e+158
8.70129	7.25922e+158	0	9.76395e+158
8.71128	2.69811e+159	0	3.62907e+159
8.72127	1.00586e+160	0	1.35293e+160
8.73126	3.76121e+160	0	5.05899e+160
8.74125	1.41068e+161	0	1.89743e+161
8.75124	5.30694e+161	0	7.13805e+161
8.76123	2.0025e+162	0	2.69345e+162
8.77122	7.57913e+162	0	1.01942e+163
8.78121	2.87729e+163	0	3.87007e+163
8.7912	1.09564e+164	0	1.47368e+164
8.80119	4.18477e+164	0	5.62868e+164
8.81118	1.60324e+165	0	2.15642e+165
8.82117	6.16096e+165	0	8.28675e+165
8.83116	2.37479e+166	0	3.19419e+166
8.84115	9.1818e+166	0	1.23499e+167
8.85114	3.56089e+167	0	4.78955e+167
8.86113	1.38523e+168	0	1.86319e+168
8.87112	5.40522e+168	0	7.27024e+168
8.88111	2.11563e+169	0	2.8456e+169
8.8911	8.30613e+169	0	1.11721e+170
8.90109	3.27111e+170	0	4.39978e+170
8.91108	1.2922e+171	0	1.73806e+171
8.92107	5.12036e+171	0	6.8871e+171
8.93106	2.03523e+172	0	2.73747e+172
8.94105	8.11461e+172	0	1.09145e+173
8.95104	3.24538e+173	0	4.36517e+173
8.96103	1.30199e+174	0	1.75123e+174
8.97102	5.23959e+174	0	7.04747e+174
8.98101	2.11512e+175	0	2.84492e+175
8.991	8.56488e+175	0	1.15201e+176
9.00099	3.47903e+176	0	4.67944e+176
9.01098	1.41758e+177	0	1.90671e+177
9.02097	5.79418e+177	0	7.79341e+177
9.03096	2.3757e+178	0	3.19541e+178
9.04095	9.77117e+178	0	1.31426e+179
9.05094	4.03145e+179	0	5.42246e+179
9.06093	1.66853e+180	0	2.24425e+180
9.07092	6.9274e+180	0	9.31764e+180
9.08091	2.88515e+181	0	3.88065e+181
9.0909	1.2054e+182	0	1.62131e+182
9.10089	5.05196e+182	0	6.79509e+182
9.11088	2.124e+183	0	2.85687e+183
9.12087	8.95818e+183	0	1.20491e+184
9.13086	3.79014e+184	0	5.09789e+184
9.14085	1.60865e+185	0	2.1637e+185
9.15084	6.84923e+185	0	9.2125e+185
9.16083	2.92548e+186	0	3.93489e+186
9.17082	1.25351e+187	0	1.68602e+187
9.18081	5.38812e+187	0	7.24724e+187
9.1908	2.32341e+188	0	3.12508e+188
9.20079	1.00507e+189	0	1.35186e+189
9.21078	4.36161e+189	0	5.86654e+189
9.22077	1.89881e+190	0	2.55398e+190
9.23076	8.29283e+190	0	1.11542e+191
9.24075	3.63338e+191	0	4.88704e+191
9.25074	1.59701e+192	0	2.14804e+192
9.26073	7.04194e+192	0	9.4717e+192
9.27072	3.11508e+193	0	4.18991e+193
9.28071	1.38242e+194	0	1.85941e+194
9.2907	6.15465e+194	0	8.27825e+194
9.30069	2.74893e+195	0	3.69742e+195
9.31068	1.23174e+196	0	1.65675e+196
9.32067	5.53702e+196	0	7.44752e+196
9.33066	2.49708e+197	0	3.35868e+197
9.34065	1.12977e+198	0	1.51959e+198
9.35064	5.12805e+198	0	6.89744e+198
9.36063	2.33517e+199	0	3.1409e+199
9.37062	1.06682e+200	0	1.43492e+200
9.38061	4.88957e+200	0	6.57668e+200
9.3906	2.24833e+201	0	3.0241e+201
9.40059	1.0372e+202	0	1.39507e+202
9.41058	4.80036e+202	0	6.45668e+202
9.42057	2.22895e+203	0	2.99803e+203
9.43056	1.03834e+204	0	1.39662e+204
9.44055	4.85288e+204	0	6.52733e+204
9.45054	2.2755e+205	0	3.06064e+205
9.46053	1.07047e+206	0	1.43982e+206
9.47052	5.05232e+206	0	6.79558e+206
9.48051	2.39239e+207	0	3.21786e+207
9.4905	1.13657e+208	0	1.52873e+208
9.50049	5.41734e+208	0	7.28655e+208
9.51048	2.59062e+209	0	3.48449e+209
9.52047	1.24294e+210	0	1.67181e+210
9.53046	5.98311e+210	0	8.04754e+210
9.54045	2.88959e+211	0	3.88661e+211
9.55044	1.40016e+212	0	1.88327e+212
9.56043	6.80697e+212	0	9.15566e+212
9.57042	3.32022e+213	0	4.46583e+213
9.58041	1.62486e+214	0	2.18551e+214
9.5904	7.97824e+214	0	1.07311e+215
9.60039	3.9304e+215	0	5.28656e+215
9.61038	1.94272e+216	0	2.61304e+216
9.62037	9.63444e+216	0	1.29587e+217
9.63036	4.79389e+217	0	6.44798e+217
9.64035	2.3933e+218	0	3.21908e+218
9.65034	1.19882e+219	0	1.61246e+219
9.66033	6.02503e+219	0	8.10391e+219
9.67032	3.0382e+220	0	4.08651e+220
9.68031	1.53719e+221	0	2.06758e+221
9.6903	7.80353e+221	0	1.04961e+222
9.70029	3.97477e+222	0	5.34622e+222
9.71028	2.03137e+223	0	2.73228e+223
9.72027	1.04166e+224	0	1.40107e+224
9.73026	5.35946e+224	0	7.2087e+224
9.74025	2.76681e+225	0	3.72147e+225
9.75024	1.43318e+226	0	1.92769e+226
9.76023	7.4488e+226	0	1.00189e+227
9.77022	3.88453e+227	0	5.22485e+227
9.78021	2.03263e+228	0	2.73397e+228
9.7902	1.0672e+229	0	1.43543e+229
9.80019	5.62221e+229	0	7.5621e+229
9.81018	2.97193e+230	0	3.99737e+230
9.82017	1.57632e+231	0	2.12022e+231
9.83016	8.38929e+231	0	1.12839e+232
9.84015	4.48005e+232	0	6.02585e+232
9.85014	2.40059e+233	0	3.2289e+233
9.86013	1.29073e+234	0	1.73608e+234
9.87012	6.96354e+234	0	9.36625e+234
9.88011	3.76972e+235	0	5.07043e+235
9.8901	2.04773e+236	0	2.75428e+236
9.90009	1.11615e+237	0	1.50127e+237
9.91008	6.10461e+237	0	8.21096e+237
9.92007	3.3503e+238	0	4.50629e+238
9.93006	1.84501e+239	0	2.48161e+239
9.94005	1.01954e+240	0	1.37133e+240
9.95004	5.65334e+240	0	7.60397e+240
9.96003	3.14557e+241	0	4.23092e+241
9.97002	1.75627e+242	0	2.36225e+242
9.98001	9.83963e+242	0	1.32347e+243
9.99	5.5318e+243	0	7.44049e+243
