0	0	0	0
0.00999	0.0234329	0.0234329	0.00997754
0.01998	0.0466904	0.0466904	0.0198804
0.02997	0.0695987	0.0695987	0.0296346
0.03996	0.0919864	0.0919864	0.0391672
0.04995	0.113686	0.113686	0.0484067
0.05994	0.134535	0.134535	0.0572841
0.06993	0.154378	0.154378	0.0657331
0.07992	0.173066	0.173066	0.0736904
0.08991	0.19046	0.19046	0.0810965
0.0999	0.206429	0.206429	0.087896
0.10989	0.220854	0.220854	0.0940381
0.11988	0.233627	0.233627	0.0994769
0.12987	0.244653	0.244653	0.104172
0.13986	0.25385	0.25385	0.108087
0.14985	0.261148	0.261148	0.111195
0.15984	0.266493	0.266493	0.113471
0.16983	0.269845	0.269845	0.114898
0.17982	0.271179	0.271179	0.115466
0.18981	0.270486	0.270486	0.115171
0.1998	0.26777	0.26777	0.114015
0.20979	0.263053	0.263053	0.112006
0.21978	0.256369	0.256369	0.10916
0.22977	0.247768	0.247768	0.105498
0.23976	0.237315	0.237315	0.101047
0.24975	0.225089	0.225089	0.0958411
0.25974	0.211179	0.211179	0.0899187
0.26973	0.195692	0.195692	0.0833243
0.27972	0.178742	0.178742	0.0761073
0.28971	0.160457	0.160457	0.0683215
0.2997	0.140973	0.140973	0.0600252
0.30969	0.120435	0.120435	0.0512804
0.31968	0.0989977	0.0989977	0.0421525
0.32967	0.0768208	0.0768208	0.0327097
0.33966	0.05407	0.05407	0.0230226
0.34965	0.0309154	0.0309154	0.0131636
0.35964	0.00752994	0.00752994	0.00320619
0.36963	-0.0159118	-0.0159118	-0.00677512
0.37962	-0.0392347	-0.0392347	-0.0167058
0.38961	-0.0622647	-0.0622647	-0.0265118
0.3996	-0.0848298	-0.0848298	-0.0361199
0.40959	-0.106762	-0.106762	-0.0454584
0.41958	-0.127897	-0.127897	-0.0544576
0.42957	-0.148078	-0.148078	-0.0630503
0.43956	-0.167153	-0.167153	-0.0711726
0.44955	-0.184982	-0.184982	-0.0787639
0.45954	-0.20143	-0.20143	-0.0857676
0.46953	-0.216376	-0.216376	-0.0921315
0.47952	-0.229708	-0.229708	-0.0978082
0.48951	-0.241328	-0.241328	-0.102756
0.4995	-0.251147	-0.251147	-0.106937
0.50949	-0.259094	-0.259094	-0.110321
0.51948	-0.26511	-0.26511	-0.112882
0.52947	-0.26915	-0.26915	-0.114602
0.53946	-0.271184	-0.271184	-0.115468
0.54945	-0.271197	-0.271197	-0.115474
0.55944	-0.26919	-0.26919	-0.114619
0.56943	-0.265177	-0.265177	-0.112911
0.57942	-0.25919	-0.25919	-0.110361
0.58941	-0.251272	-0.251272	-0.10699
0.5994	-0.241483	-0.241483	-0.102822
0.60939	-0.229897	-0.229897	-0.0978884
0.61938	-0.216599	-0.216599	-0.0922264
0.62937	-0.20169	-0.20169	-0.085878
0.63936	-0.185279	-0.185279	-0.0788905
0.64935	-0.16749	-0.16749	-0.0713162
0.65934	-0.148456	-0.148456	-0.0632114
0.66933	-0.128317	-0.128317	-0.0546364
0.67932	-0.107224	-0.107224	-0.0456552
0.68931	-0.085334	-0.085334	-0.0363346
0.6993	-0.0628097	-0.0628097	-0.0267439
0.70929	-0.0398186	-0.0398186	-0.0169545
0.71928	-0.0165316	-0.0165316	-0.00703903
0.72927	0.00687823	0.00687823	0.0029287
0.73926	0.030237	0.030237	0.0128747
0.74925	0.0533712	0.0533712	0.0227251
0.75924	0.0761091	0.0761091	0.0324067
0.76923	0.0982821	0.0982821	0.0418478
0.77922	0.119726	0.119726	0.0509783
0.78921	0.140281	0.140281	0.0597306
0.7992	0.159796	0.159796	0.0680398
0.80919	0.178125	0.178125	0.0758444
0.81918	0.195134	0.195134	0.0830865
0.82917	0.210696	0.210696	0.0897127
0.83916	0.224696	0.224696	0.095674
0.84915	0.237031	0.237031	0.100926
0.85914	0.247611	0.247611	0.105431
0.86913	0.256356	0.256356	0.109155
0.87912	0.263203	0.263203	0.11207
0.88911	0.268101	0.268101	0.114156
0.8991	0.271015	0.271015	0.115396
0.90909	0.271924	0.271924	0.115783
0.91908	0.27082	0.27082	0.115313
0.92907	0.267714	0.267714	0.113991
0.93906	0.262628	0.262628	0.111825
0.94905	0.255601	0.255601	0.108833
0.95904	0.246684	0.246684	0.105036
0.96903	0.235945	0.235945	0.100464
0.97902	0.223463	0.223463	0.0951491
0.98901	0.209331	0.209331	0.0891317
0.999	0.193653	0.193653	0.0824563
1.00899	0.176546	0.176546	0.0751722
1.01898	0.158137	0.158137	0.0673334
1.02897	0.13856	0.13856	0.058998
1.03896	0.117962	0.117962	0.0502274
1.04895	0.0964941	0.0964941	0.0410865
1.05894	0.0743149	0.0743149	0.0316427
1.06893	0.0515881	0.0515881	0.0219658
1.07892	0.0284812	0.0284812	0.0121271
1.08891	0.00516465	0.00516465	0.00219907
1.0989	-0.01819	-0.01819	-0.00774516
1.10889	-0.0414107	-0.0414107	-0.0176324
1.11888	-0.0643268	-0.0643268	-0.0273899
1.12887	-0.0867697	-0.0867697	-0.0369459
1.13886	-0.108575	-0.108575	-0.0462303
1.14885	-0.129581	-0.129581	-0.0551748
1.15884	-0.149636	-0.149636	-0.0637138
1.16883	-0.168591	-0.168591	-0.0717848
1.17882	-0.186308	-0.186308	-0.0793286
1.18881	-0.202657	-0.202657	-0.0862899
1.1988	-0.217519	-0.217519	-0.0926179
1.20879	-0.230785	-0.230785	-0.0982664
1.21878	-0.242358	-0.242358	-0.103194
1.22877	-0.252154	-0.252154	-0.107365
1.23876	-0.260101	-0.260101	-0.110749
1.24875	-0.266143	-0.266143	-0.113322
1.25874	-0.270235	-0.270235	-0.115064
1.26873	-0.272349	-0.272349	-0.115964
1.27872	-0.272469	-0.272469	-0.116015
1.28871	-0.270595	-0.270595	-0.115217
1.2987	-0.266742	-0.266742	-0.113577
1.30869	-0.260938	-0.260938	-0.111106
1.31868	-0.253227	-0.253227	-0.107822
1.32867	-0.243666	-0.243666	-0.103751
1.33866	-0.232325	-0.232325	-0.0989222
1.34865	-0.219287	-0.219287	-0.0933708
1.35864	-0.204649	-0.204649	-0.0871379
1.36863	-0.188517	-0.188517	-0.0802693
1.37862	-0.171011	-0.171011	-0.0728151
1.38861	-0.152257	-0.152257	-0.0648301
1.3986	-0.132394	-0.132394	-0.0563726
1.40859	-0.111567	-0.111567	-0.0475044
1.41858	-0.0899268	-0.0899268	-0.0382902
1.42857	-0.067632	-0.067632	-0.0287972
1.43856	-0.0448451	-0.0448451	-0.0190947
1.44855	-0.021732	-0.021732	-0.00925332
1.45854	0.00153919	0.00153919	0.000655375
1.46853	0.0247992	0.0247992	0.0105593
1.47852	0.047879	0.047879	0.0203865
1.48851	0.0706111	0.0706111	0.0300657
1.4985	0.0928306	0.0928306	0.0395266
1.50849	0.114377	0.114377	0.0487007
1.51848	0.135093	0.135093	0.0575215
1.52847	0.15483	0.15483	0.0659253
1.53846	0.173444	0.173444	0.0738513
1.54845	0.190802	0.190802	0.0812423
1.55844	0.206779	0.206779	0.0880449
1.56843	0.221259	0.221259	0.0942103
1.57842	0.234137	0.234137	0.099694
1.58841	0.245323	0.245323	0.104457
1.5984	0.254735	0.254735	0.108464
1.60839	0.262307	0.262307	0.111688
1.61838	0.267984	0.267984	0.114106
1.62837	0.271726	0.271726	0.115699
1.63836	0.273508	0.273508	0.116458
1.64835	0.273316	0.273316	0.116376
1.65834	0.271155	0.271155	0.115456
1.66833	0.267039	0.267039	0.113703
1.67832	0.261	0.261	0.111132
1.68831	0.253081	0.253081	0.10776
1.6983	0.243342	0.243342	0.103613
1.70829	0.231852	0.231852	0.0987209
1.71828	0.218695	0.218695	0.0931188
1.72827	0.203967	0.203967	0.0868475
1.73826	0.187773	0.187773	0.0799525
1.74825	0.170232	0.170232	0.0724834
1.75824	0.151469	0.151469	0.0644942
1.76823	0.131619	0.131619	0.0560425
1.77822	0.110826	0.110826	0.0471889
1.78821	0.0892389	0.0892389	0.0379973
1.7982	0.0670126	0.0670126	0.0285335
1.80819	0.0443067	0.0443067	0.0188655
1.81818	0.0212837	0.0212837	0.00906247
1.82817	-0.00189142	-0.00189142	-0.000805354
1.83816	-0.0250531	-0.0250531	-0.0106674
1.84815	-0.0480358	-0.0480358	-0.0204533
1.85814	-0.0706755	-0.0706755	-0.0300931
1.86813	-0.0928109	-0.0928109	-0.0395182
1.87812	-0.114284	-0.114284	-0.0486615
1.88811	-0.134943	-0.134943	-0.0574578
1.8981	-0.15464	-0.15464	-0.0658448
1.90809	-0.173236	-0.173236	-0.0737628
1.91808	-0.190599	-0.190599	-0.0811559
1.92807	-0.206607	-0.206607	-0.0879716
1.93806	-0.221145	-0.221145	-0.0941619
1.94805	-0.234112	-0.234112	-0.0996831
1.95804	-0.245416	-0.245416	-0.104496
1.96803	-0.254978	-0.254978	-0.108568
1.97802	-0.262731	-0.262731	-0.111869
1.98801	-0.268621	-0.268621	-0.114377
1.998	-0.272608	-0.272608	-0.116075
2.00799	-0.274664	-0.274664	-0.11695
2.01798	-0.274776	-0.274776	-0.116998
2.02797	-0.272944	-0.272944	-0.116218
2.03796	-0.269182	-0.269182	-0.114616
2.04795	-0.263518	-0.263518	-0.112204
2.05794	-0.255993	-0.255993	-0.109
2.06793	-0.246661	-0.246661	-0.105026
2.07792	-0.235589	-0.235589	-0.100312
2.08791	-0.222856	-0.222856	-0.0948904
2.0979	-0.208553	-0.208553	-0.0888002
2.10789	-0.192781	-0.192781	-0.0820847
2.11788	-0.175652	-0.175652	-0.0747915
2.12787	-0.157289	-0.157289	-0.0669723
2.13786	-0.137819	-0.137819	-0.0586824
2.14785	-0.117381	-0.117381	-0.0499801
2.15784	-0.0961196	-0.0961196	-0.040927
2.16783	-0.0741834	-0.0741834	-0.0315868
2.17782	-0.0517271	-0.0517271	-0.022025
2.18781	-0.0289082	-0.0289082	-0.0123089
2.1978	-0.00588687	-0.00588687	-0.00250659
2.20779	0.0171757	0.0171757	0.00731328
2.21778	0.0401181	0.0401181	0.017082
2.22777	0.0627801	0.0627801	0.0267313
2.23776	0.0850036	0.0850036	0.0361939
2.24775	0.106634	0.106634	0.0454039
2.25774	0.12752	0.12752	0.054297
2.26773	0.147517	0.147517	0.0628116
2.27772	0.166486	0.166486	0.0708885
2.28771	0.184296	0.184296	0.0784719
2.2977	0.200823	0.200823	0.0855091
2.30769	0.215954	0.215954	0.0919517
2.31768	0.229584	0.229584	0.0977553
2.32767	0.24162	0.24162	0.10288
2.33766	0.251979	0.251979	0.107291
2.34765	0.26059	0.26059	0.110957
2.35764	0.267395	0.267395	0.113855
2.36763	0.272348	0.272348	0.115964
2.37762	0.275415	0.275415	0.11727
2.38761	0.276578	0.276578	0.117765
2.3976	0.275829	0.275829	0.117446
2.40759	0.273175	0.273175	0.116316
2.41758	0.268635	0.268635	0.114383
2.42757	0.262242	0.262242	0.111661
2.43756	0.254042	0.254042	0.108169
2.44755	0.244091	0.244091	0.103932
2.45754	0.232461	0.232461	0.0989802
2.46753	0.219231	0.219231	0.0933471
2.47752	0.204495	0.204495	0.0870725
2.48751	0.188354	0.188354	0.0801998
2.4975	0.17092	0.17092	0.0727766
2.50749	0.152314	0.152314	0.0648542
2.51748	0.132664	0.132664	0.0564874
2.52747	0.112105	0.112105	0.0477336
2.53746	0.0907795	0.0907795	0.0386532
2.54745	0.0688328	0.0688328	0.0293085
2.55744	0.0464157	0.0464157	0.0197635
2.56743	0.0236817	0.0236817	0.0100835
2.57742	0.000786045	0.000786045	0.000334692
2.58741	-0.022115	-0.022115	-0.0094164
2.5974	-0.0448653	-0.0448653	-0.0191033
2.60739	-0.0673103	-0.0673103	-0.0286602
2.61738	-0.0892974	-0.0892974	-0.0380222
2.62737	-0.110677	-0.110677	-0.0471257
2.63736	-0.131306	-0.131306	-0.0559091
2.64735	-0.151043	-0.151043	-0.064313
2.65734	-0.169756	-0.169756	-0.0722808
2.66733	-0.187318	-0.187318	-0.0797588
2.67732	-0.203613	-0.203613	-0.0866968
2.68731	-0.218529	-0.218529	-0.0930481
2.6973	-0.231968	-0.231968	-0.0987705
2.70729	-0.243841	-0.243841	-0.103826
2.71728	-0.254067	-0.254067	-0.10818
2.72727	-0.26258	-0.26258	-0.111805
2.73726	-0.269323	-0.269323	-0.114676
2.74725	-0.274253	-0.274253	-0.116775
2.75724	-0.277337	-0.277337	-0.118088
2.76723	-0.278558	-0.278558	-0.118608
2.77722	-0.277907	-0.277907	-0.118331
2.78721	-0.275391	-0.275391	-0.117259
2.7972	-0.271028	-0.271028	-0.115402
2.80719	-0.264849	-0.264849	-0.112771
2.81718	-0.256897	-0.256897	-0.109385
2.82717	-0.247226	-0.247226	-0.105267
2.83716	-0.235904	-0.235904	-0.100446
2.84715	-0.223005	-0.223005	-0.0949541
2.85714	-0.208619	-0.208619	-0.0888285
2.86713	-0.192842	-0.192842	-0.0821107
2.87712	-0.17578	-0.17578	-0.074846
2.88711	-0.157549	-0.157549	-0.0670832
2.8971	-0.13827	-0.13827	-0.0588743
2.90709	-0.118072	-0.118072	-0.0502742
2.91708	-0.0970905	-0.0970905	-0.0413404
2.92707	-0.075465	-0.075465	-0.0321324
2.93706	-0.0533394	-0.0533394	-0.0227115
2.94705	-0.0308607	-0.0308607	-0.0131403
2.95704	-0.00817779	-0.00817779	-0.00348204
2.96703	0.0145592	0.0145592	0.00619919
2.97702	0.0372	0.0372	0.0158395
2.98701	0.0595955	0.0595955	0.0253753
2.997	0.0815981	0.0815981	0.0347439
3.00699	0.103064	0.103064	0.0438837
3.01698	0.123851	0.123851	0.0527348
3.02697	0.143824	0.143824	0.0612393
3.03696	0.162853	0.162853	0.0693416
3.04695	0.180813	0.180813	0.076989
3.05694	0.197588	0.197588	0.0841317
3.06693	0.21307	0.21307	0.0907235
3.07692	0.227157	0.227157	0.0967217
3.08691	0.239759	0.239759	0.102088
3.0969	0.250795	0.250795	0.106787
3.10689	0.260196	0.260196	0.110789
3.11688	0.2679	0.2679	0.11407
3.12687	0.27386	0.27386	0.116607
3.13686	0.278038	0.278038	0.118386
3.14685	0.280409	0.280409	0.119396
3.15684	0.280959	0.280959	0.11963
3.16683	0.279686	0.279686	0.119088
3.17682	0.276601	0.276601	0.117775
3.18681	0.271725	0.271725	0.115699
3.1968	0.265092	0.265092	0.112874
3.20679	0.256746	0.256746	0.109321
3.21678	0.246742	0.246742	0.105061
3.22677	0.235147	0.235147	0.100124
3.23676	0.222037	0.222037	0.0945419
3.24675	0.207498	0.207498	0.0883513
3.25674	0.191625	0.191625	0.0815927
3.26673	0.174521	0.174521	0.0743099
3.27672	0.156298	0.156298	0.0665504
3.28671	0.137072	0.137072	0.0583642
3.2967	0.116968	0.116968	0.0498043
3.30669	0.0961166	0.0961166	0.0409258
3.31668	0.0746506	0.0746506	0.0317857
3.32667	0.052708	0.052708	0.0224427
3.33666	0.0304293	0.0304293	0.0129566
3.34665	0.00795667	0.00795667	0.00338789
3.35664	-0.0145666	-0.0145666	-0.00620235
3.36663	-0.0369973	-0.0369973	-0.0157532
3.37662	-0.0591931	-0.0591931	-0.025204
3.38661	-0.0810133	-0.0810133	-0.0344949
3.3966	-0.10232	-0.10232	-0.0435672
3.40659	-0.122979	-0.122979	-0.0523638
3.41658	-0.142861	-0.142861	-0.0608292
3.42657	-0.16184	-0.16184	-0.0689104
3.43656	-0.179798	-0.179798	-0.0765568
3.44655	-0.196623	-0.196623	-0.0837206
3.45654	-0.21221	-0.21221	-0.0903573
3.46653	-0.226462	-0.226462	-0.0964258
3.47652	-0.239291	-0.239291	-0.101888
3.48651	-0.250619	-0.250619	-0.106712
3.4965	-0.260375	-0.260375	-0.110866
3.50649	-0.268502	-0.268502	-0.114326
3.51648	-0.274948	-0.274948	-0.117071
3.52647	-0.279677	-0.279677	-0.119085
3.53646	-0.282661	-0.282661	-0.120355
3.54645	-0.283883	-0.283883	-0.120875
3.55644	-0.283337	-0.283337	-0.120643
3.56643	-0.281029	-0.281029	-0.11966
3.57642	-0.276974	-0.276974	-0.117934
3.58641	-0.271202	-0.271202	-0.115476
3.5964	-0.263748	-0.263748	-0.112302
3.60639	-0.254661	-0.254661	-0.108433
3.61638	-0.244	-0.244	-0.103893
3.62637	-0.231831	-0.231831	-0.098712
3.63636	-0.218232	-0.218232	-0.0929216
3.64635	-0.203288	-0.203288	-0.0865587
3.65634	-0.187093	-0.187093	-0.079663
3.66633	-0.169748	-0.169748	-0.0722775
3.67632	-0.151361	-0.151361	-0.0644482
3.68631	-0.132045	-0.132045	-0.0562237
3.6963	-0.11192	-0.11192	-0.0476547
3.70629	-0.0911102	-0.0911102	-0.0387941
3.71628	-0.0697438	-0.0697438	-0.0296964
3.72627	-0.0479517	-0.0479517	-0.0204175
3.73626	-0.0258672	-0.0258672	-0.0110141
3.74625	-0.00362523	-0.00362523	-0.0015436
3.75624	0.0186388	0.0186388	0.00793629
3.76623	0.0407897	0.0407897	0.017368
3.77622	0.0626932	0.0626932	0.0266943
3.78621	0.0842169	0.0842169	0.0358589
3.7962	0.105231	0.105231	0.0448066
3.80619	0.125609	0.125609	0.0534834
3.81618	0.145229	0.145229	0.0618374
3.82617	0.163973	0.163973	0.0698187
3.83616	0.18173	0.18173	0.0773795
3.84615	0.198395	0.198395	0.0844751
3.85614	0.213868	0.213868	0.0910633
3.86613	0.228058	0.228058	0.0971053
3.87612	0.240882	0.240882	0.102566
3.88611	0.252264	0.252264	0.107412
3.8961	0.26214	0.26214	0.111617
3.90609	0.270451	0.270451	0.115156
3.91608	0.277151	0.277151	0.118009
3.92607	0.282201	0.282201	0.120159
3.93606	0.285574	0.285574	0.121595
3.94605	0.287252	0.287252	0.12231
3.95604	0.287226	0.287226	0.122299
3.96603	0.285501	0.285501	0.121564
3.97602	0.282087	0.282087	0.120111
3.98601	0.277008	0.277008	0.117948
3.996	0.270295	0.270295	0.11509
4.00599	0.261991	0.261991	0.111554
4.01598	0.252146	0.252146	0.107362
4.02597	0.24082	0.24082	0.102539
4.03596	0.228082	0.228082	0.0971157
4.04595	0.214008	0.214008	0.0911231
4.05594	0.198683	0.198683	0.0845976
4.06593	0.182197	0.182197	0.077578
4.07592	0.164648	0.164648	0.0701059
4.08591	0.14614	0.14614	0.0622255
4.0959	0.126783	0.126783	0.0539832
4.10589	0.106689	0.106689	0.0454273
4.11588	0.0859759	0.0859759	0.0366079
4.12587	0.0647652	0.0647652	0.0275765
4.13586	0.0431798	0.0431798	0.0183857
4.14585	0.0213451	0.0213451	0.00908858
4.15584	-0.000612802	-0.000612802	-0.000260927
4.16583	-0.0225672	-0.0225672	-0.00960894
4.17582	-0.0443918	-0.0443918	-0.0189017
4.18581	-0.0659616	-0.0659616	-0.028086
4.1958	-0.0871532	-0.0871532	-0.0371092
4.20579	-0.107846	-0.107846	-0.04592
4.21578	-0.127922	-0.127922	-0.0544682
4.22577	-0.147268	-0.147268	-0.0627056
4.23576	-0.165774	-0.165774	-0.0705855
4.24575	-0.183337	-0.183337	-0.0780636
4.25574	-0.199858	-0.199858	-0.0850981
4.26573	-0.215245	-0.215245	-0.0916497
4.27572	-0.229412	-0.229412	-0.097682
4.28571	-0.242281	-0.242281	-0.103162
4.2957	-0.253782	-0.253782	-0.108058
4.30569	-0.263851	-0.263851	-0.112346
4.31568	-0.272434	-0.272434	-0.116
4.32567	-0.279484	-0.279484	-0.119002
4.33566	-0.284966	-0.284966	-0.121336
4.34565	-0.28885	-0.28885	-0.12299
4.35564	-0.291117	-0.291117	-0.123955
4.36563	-0.291757	-0.291757	-0.124228
4.37562	-0.290769	-0.290769	-0.123807
4.38561	-0.28816	-0.28816	-0.122697
4.3956	-0.283949	-0.283949	-0.120903
4.40559	-0.27816	-0.27816	-0.118439
4.41558	-0.270829	-0.270829	-0.115317
4.42557	-0.261999	-0.261999	-0.111557
4.43556	-0.25172	-0.25172	-0.107181
4.44555	-0.240052	-0.240052	-0.102212
4.45554	-0.227061	-0.227061	-0.096681
4.46553	-0.212821	-0.212821	-0.0906177
4.47552	-0.197412	-0.197412	-0.0840566
4.48551	-0.180921	-0.180921	-0.0770347
4.4955	-0.163439	-0.163439	-0.0695909
4.50549	-0.145063	-0.145063	-0.0617669
4.51548	-0.125896	-0.125896	-0.0536057
4.52547	-0.106043	-0.106043	-0.0451525
4.53546	-0.0856138	-0.0856138	-0.0364538
4.54545	-0.0647194	-0.0647194	-0.027557
4.55544	-0.0434741	-0.0434741	-0.0185109
4.56543	-0.0219934	-0.0219934	-0.00936465
4.57542	-0.000393966	-0.000393966	-0.000167748
4.58541	0.0212077	0.0212077	0.00903007
4.5954	0.0426951	0.0426951	0.0181793
4.60539	0.0639532	0.0639532	0.0272308
4.61538	0.084868	0.084868	0.0361362
4.62537	0.105328	0.105328	0.044848
4.63536	0.125225	0.125225	0.0533201
4.64535	0.144454	0.144454	0.0615075
4.65534	0.162913	0.162913	0.0693671
4.66533	0.180505	0.180505	0.0768577
4.67532	0.197139	0.197139	0.0839402
4.68531	0.212727	0.212727	0.0905777
4.6953	0.22719	0.22719	0.0967359
4.70529	0.240453	0.240453	0.102383
4.71528	0.252448	0.252448	0.10749
4.72527	0.263114	0.263114	0.112032
4.73526	0.272397	0.272397	0.115985
4.74525	0.280252	0.280252	0.119329
4.75524	0.286639	0.286639	0.122049
4.76523	0.291529	0.291529	0.124131
4.77522	0.294897	0.294897	0.125565
4.78521	0.296731	0.296731	0.126346
4.7952	0.297022	0.297022	0.12647
4.80519	0.295771	0.295771	0.125937
4.81518	0.29299	0.29299	0.124753
4.82517	0.288694	0.288694	0.122924
4.83516	0.282908	0.282908	0.12046
4.84515	0.275665	0.275665	0.117376
4.85514	0.267006	0.267006	0.113689
4.86513	0.256977	0.256977	0.109419
4.87512	0.245631	0.245631	0.104588
4.88511	0.233031	0.233031	0.0992228
4.8951	0.219241	0.219241	0.0933513
4.90509	0.204335	0.204335	0.0870046
4.91508	0.188391	0.188391	0.0802157
4.92507	0.171492	0.171492	0.0730199
4.93506	0.153724	0.153724	0.0654545
4.94505	0.135179	0.135179	0.0575584
4.95504	0.115953	0.115953	0.049372
4.96503	0.0961433	0.0961433	0.0409371
4.97502	0.0758506	0.0758506	0.0322966
4.98501	0.0551776	0.0551776	0.0234942
4.995	0.0342286	0.0342286	0.0145743
5.00499	0.0131086	0.0131086	0.00558154
5.01498	-0.00807678	-0.00807678	-0.00343903
5.02497	-0.029222	-0.029222	-0.0124425
5.03496	-0.0502222	-0.0502222	-0.0213843
5.04495	-0.0709737	-0.0709737	-0.0302201
5.05494	-0.0913745	-0.0913745	-0.0389066
5.06493	-0.111324	-0.111324	-0.0474012
5.07492	-0.130727	-0.130727	-0.0556624
5.08491	-0.149486	-0.149486	-0.0636502
5.0949	-0.167513	-0.167513	-0.071326
5.10489	-0.184721	-0.184721	-0.0786528
5.11488	-0.201026	-0.201026	-0.0855956
5.12487	-0.216353	-0.216353	-0.0921214
5.13486	-0.230627	-0.230627	-0.0981993
5.14485	-0.243782	-0.243782	-0.103801
5.15484	-0.255758	-0.255758	-0.1089
5.16483	-0.266497	-0.266497	-0.113473
5.17482	-0.275952	-0.275952	-0.117498
5.18481	-0.284079	-0.284079	-0.120959
5.1948	-0.290843	-0.290843	-0.123839
5.20479	-0.296214	-0.296214	-0.126126
5.21478	-0.300168	-0.300168	-0.12781
5.22477	-0.302692	-0.302692	-0.128884
5.23476	-0.303774	-0.303774	-0.129345
5.24475	-0.303415	-0.303415	-0.129192
5.25474	-0.301618	-0.301618	-0.128427
5.26473	-0.298394	-0.298394	-0.127054
5.27472	-0.293764	-0.293764	-0.125083
5.28471	-0.28775	-0.28775	-0.122522
5.2947	-0.280386	-0.280386	-0.119386
5.30469	-0.271708	-0.271708	-0.115691
5.31468	-0.261759	-0.261759	-0.111455
5.32467	-0.250589	-0.250589	-0.106699
5.33466	-0.238254	-0.238254	-0.101447
5.34465	-0.224812	-0.224812	-0.0957232
5.35464	-0.210328	-0.210328	-0.0895563
5.36463	-0.194873	-0.194873	-0.0829754
5.37462	-0.178519	-0.178519	-0.0760119
5.38461	-0.161343	-0.161343	-0.0686987
5.3946	-0.143427	-0.143427	-0.0610702
5.40459	-0.124854	-0.124854	-0.053162
5.41458	-0.105711	-0.105711	-0.045011
5.42457	-0.086086	-0.086086	-0.0366548
5.43456	-0.0660695	-0.0660695	-0.0281319
5.44455	-0.0457533	-0.0457533	-0.0194814
5.45454	-0.0252301	-0.0252301	-0.0107428
5.46453	-0.00459294	-0.00459294	-0.00195564
5.47452	0.0160649	0.0160649	0.00684034
5.48451	0.0366507	0.0366507	0.0156056
5.4945	0.0570722	0.0570722	0.024301
5.50449	0.0772387	0.0772387	0.0328877
5.51448	0.0970607	0.0970607	0.0413278
5.52447	0.116451	0.116451	0.049584
5.53446	0.135325	0.135325	0.0576202
5.54445	0.153599	0.153599	0.0654014
5.55444	0.171196	0.171196	0.0728938
5.56443	0.188038	0.188038	0.0800652
5.57442	0.204054	0.204054	0.0868848
5.58441	0.219176	0.219176	0.0933237
5.5944	0.23334	0.23334	0.0993547
5.60439	0.246487	0.246487	0.104952
5.61438	0.258562	0.258562	0.110094
5.62437	0.269515	0.269515	0.114758
5.63436	0.279303	0.279303	0.118925
5.64435	0.287885	0.287885	0.122579
5.65434	0.295227	0.295227	0.125706
5.66433	0.301303	0.301303	0.128293
5.67432	0.306089	0.306089	0.13033
5.68431	0.309567	0.309567	0.131811
5.6943	0.311727	0.311727	0.132731
5.70429	0.312563	0.312563	0.133087
5.71428	0.312075	0.312075	0.132879
5.72427	0.310269	0.310269	0.13211
5.73426	0.307155	0.307155	0.130784
5.74425	0.302751	0.302751	0.128909
5.75424	0.297077	0.297077	0.126493
5.76423	0.290163	0.290163	0.123549
5.77422	0.282039	0.282039	0.12009
5.78421	0.272742	0.272742	0.116132
5.7942	0.262316	0.262316	0.111692
5.80419	0.250805	0.250805	0.106791
5.81418	0.23826	0.23826	0.10145
5.82417	0.224736	0.224736	0.0956911
5.83416	0.210291	0.210291	0.0895406
5.84415	0.194987	0.194987	0.0830241
5.85414	0.178888	0.178888	0.0761693
5.86413	0.162062	0.162062	0.0690049
5.87412	0.144579	0.144579	0.0615609
5.88411	0.126513	0.126513	0.0538682
5.8941	0.107936	0.107936	0.0459585
5.90409	0.0889263	0.0889263	0.0378642
5.91408	0.0695601	0.0695601	0.0296182
5.92407	0.0499161	0.0499161	0.0212539
5.93406	0.0300733	0.0300733	0.012805
5.94405	0.0101111	0.0101111	0.00430524
5.95404	-0.00989113	-0.00989113	-0.00421157
5.96403	-0.0298544	-0.0298544	-0.0127118
5.97402	-0.0497002	-0.0497002	-0.021162
5.98401	-0.0693512	-0.0693512	-0.0295292
5.994	-0.088731	-0.088731	-0.037781
6.00399	-0.107765	-0.107765	-0.0458856
6.01398	-0.12638	-0.12638	-0.0538118
6.02397	-0.144506	-0.144506	-0.0615295
6.03396	-0.162073	-0.162073	-0.0690097
6.04395	-0.179017	-0.179017	-0.0762241
6.05394	-0.195273	-0.195273	-0.083146
6.06393	-0.210783	-0.210783	-0.0897498
6.07392	-0.225488	-0.225488	-0.0960112
6.08391	-0.239336	-0.239336	-0.101908
6.0939	-0.252277	-0.252277	-0.107418
6.10389	-0.264266	-0.264266	-0.112522
6.11388	-0.275259	-0.275259	-0.117203
6.12387	-0.285218	-0.285218	-0.121444
6.13386	-0.294111	-0.294111	-0.12523
6.14385	-0.301907	-0.301907	-0.12855
6.15384	-0.308581	-0.308581	-0.131392
6.16383	-0.314112	-0.314112	-0.133747
6.17382	-0.318483	-0.318483	-0.135608
6.18381	-0.321682	-0.321682	-0.13697
6.1938	-0.323702	-0.323702	-0.13783
6.20379	-0.324538	-0.324538	-0.138186
6.21378	-0.324191	-0.324191	-0.138038
6.22377	-0.322668	-0.322668	-0.13739
6.23376	-0.319977	-0.319977	-0.136244
6.24375	-0.316133	-0.316133	-0.134607
6.25374	-0.311152	-0.311152	-0.132486
6.26373	-0.305057	-0.305057	-0.129891
6.27372	-0.297874	-0.297874	-0.126833
6.28371	-0.289632	-0.289632	-0.123323
6.2937	-0.280363	-0.280363	-0.119376
6.30369	-0.270104	-0.270104	-0.115008
6.31368	-0.258895	-0.258895	-0.110235
6.32367	-0.246778	-0.246778	-0.105076
6.33366	-0.233799	-0.233799	-0.0995499
6.34365	-0.220006	-0.220006	-0.0936771
6.35364	-0.205451	-0.205451	-0.0874794
6.36363	-0.190185	-0.190185	-0.0809794
6.37362	-0.174265	-0.174265	-0.0742007
6.38361	-0.157747	-0.157747	-0.0671674
6.3936	-0.140689	-0.140689	-0.0599045
6.40359	-0.123153	-0.123153	-0.0524377
6.41358	-0.105199	-0.105199	-0.0447931
6.42357	-0.0868898	-0.0868898	-0.036997
6.43356	-0.0682878	-0.0682878	-0.0290765
6.44355	-0.0494568	-0.0494568	-0.0210584
6.45354	-0.0304606	-0.0304606	-0.0129699
6.46353	-0.0113629	-0.0113629	-0.00483824
6.47352	0.00777247	0.00777247	0.00330946
6.48351	0.0268822	0.0268822	0.0114463
6.4935	0.0459036	0.0459036	0.0195454
6.50349	0.0647746	0.0647746	0.0275806
6.51348	0.0834343	0.0834343	0.0355257
6.52347	0.101823	0.101823	0.0433554
6.53346	0.119882	0.119882	0.0510448
6.54345	0.137554	0.137554	0.0585697
6.55344	0.154785	0.154785	0.0659064
6.56343	0.171521	0.171521	0.0730325
6.57342	0.187711	0.187711	0.0799259
6.58341	0.203305	0.203305	0.0865658
6.5934	0.218257	0.218257	0.0929323
6.60339	0.232523	0.232523	0.0990065
6.61338	0.24606	0.24606	0.104771
6.62337	0.25883	0.25883	0.110208
6.63336	0.270795	0.270795	0.115303
6.64335	0.281923	0.281923	0.120041
6.65334	0.292184	0.292184	0.12441
6.66333	0.301548	0.301548	0.128397
6.67332	0.309991	0.309991	0.131992
6.68331	0.317492	0.317492	0.135186
6.6933	0.324032	0.324032	0.137971
6.70329	0.329596	0.329596	0.14034
6.71328	0.334171	0.334171	0.142288
6.72327	0.337748	0.337748	0.143811
6.73326	0.340321	0.340321	0.144906
6.74325	0.341887	0.341887	0.145573
6.75324	0.342445	0.342445	0.145811
6.76323	0.341999	0.341999	0.145621
6.77322	0.340555	0.340555	0.145006
6.78321	0.33812	0.33812	0.143969
6.7932	0.334708	0.334708	0.142516
6.80319	0.330333	0.330333	0.140653
6.81318	0.325011	0.325011	0.138387
6.82317	0.318762	0.318762	0.135726
6.83316	0.311608	0.311608	0.13268
6.84315	0.303574	0.303574	0.12926
6.85314	0.294687	0.294687	0.125475
6.86313	0.284975	0.284975	0.12134
6.87312	0.27447	0.27447	0.116867
6.88311	0.263205	0.263205	0.112071
6.8931	0.251215	0.251215	0.106965
6.90309	0.238535	0.238535	0.101566
6.91308	0.225204	0.225204	0.0958904
6.92307	0.211262	0.211262	0.089954
6.93306	0.19675	0.19675	0.0837746
6.94305	0.181708	0.181708	0.0773701
6.95304	0.166181	0.166181	0.0707587
6.96303	0.150212	0.150212	0.0639591
6.97302	0.133845	0.133845	0.0569903
6.98301	0.117126	0.117126	0.0498714
6.993	0.1001	0.1001	0.042622
7.00299	0.0828138	0.0828138	0.0352615
7.01298	0.0653128	0.0653128	0.0278097
7.02297	0.0476435	0.0476435	0.0202862
7.03296	0.0298521	0.0298521	0.0127108
7.04295	0.0119845	0.0119845	0.00510293
7.05294	-0.00591339	-0.00591339	-0.00251788
7.06293	-0.0237965	-0.0237965	-0.0101324
7.07292	-0.0416199	-0.0416199	-0.0177215
7.08291	-0.0593397	-0.0593397	-0.0252664
7.0929	-0.0769126	-0.0769126	-0.0327488
7.10289	-0.0942959	-0.0942959	-0.0401505
7.11288	-0.111448	-0.111448	-0.0474539
7.12287	-0.128329	-0.128329	-0.0546417
7.13286	-0.1449	-0.1449	-0.0616973
7.14285	-0.161121	-0.161121	-0.0686043
7.15284	-0.176958	-0.176958	-0.0753472
7.16283	-0.192373	-0.192373	-0.081911
7.17282	-0.207333	-0.207333	-0.088281
7.18281	-0.221807	-0.221807	-0.0944437
7.1928	-0.235762	-0.235762	-0.100386
7.20279	-0.24917	-0.24917	-0.106095
7.21278	-0.262003	-0.262003	-0.111559
7.22277	-0.274236	-0.274236	-0.116768
7.23276	-0.285843	-0.285843	-0.12171
7.24275	-0.296804	-0.296804	-0.126377
7.25274	-0.307097	-0.307097	-0.13076
7.26273	-0.316704	-0.316704	-0.13485
7.27272	-0.325608	-0.325608	-0.138641
7.28271	-0.333793	-0.333793	-0.142127
7.2927	-0.341247	-0.341247	-0.145301
7.30269	-0.347958	-0.347958	-0.148158
7.31268	-0.353916	-0.353916	-0.150695
7.32267	-0.359115	-0.359115	-0.152909
7.33266	-0.363547	-0.363547	-0.154796
7.34265	-0.367209	-0.367209	-0.156355
7.35264	-0.370099	-0.370099	-0.157585
7.36263	-0.372215	-0.372215	-0.158486
7.37262	-0.373559	-0.373559	-0.159059
7.38261	-0.374133	-0.374133	-0.159303
7.3926	-0.373943	-0.373943	-0.159222
7.40259	-0.372992	-0.372992	-0.158817
7.41258	-0.37129	-0.37129	-0.158093
7.42257	-0.368845	-0.368845	-0.157052
7.43256	-0.365668	-0.365668	-0.155699
7.44255	-0.361769	-0.361769	-0.154039
7.45254	-0.357162	-0.357162	-0.152077
7.46253	-0.351862	-0.351862	-0.149821
7.47252	-0.345884	-0.345884	-0.147275
7.48251	-0.339245	-0.339245	-0.144448
7.4925	-0.331962	-0.331962	-0.141347
7.50249	-0.324054	-0.324054	-0.13798
7.51248	-0.315541	-0.315541	-0.134355
7.52247	-0.306443	-0.306443	-0.130481
7.53246	-0.296782	-0.296782	-0.126368
7.54245	-0.286581	-0.286581	-0.122024
7.55244	-0.275861	-0.275861	-0.11746
7.56243	-0.264647	-0.264647	-0.112685
7.57242	-0.252963	-0.252963	-0.10771
7.58241	-0.240833	-0.240833	-0.102545
7.5924	-0.228282	-0.228282	-0.0972008
7.60239	-0.215336	-0.215336	-0.0916884
7.61238	-0.20202	-0.20202	-0.0860185
7.62237	-0.18836	-0.18836	-0.0802023
7.63236	-0.174382	-0.174382	-0.0742508
7.64235	-0.160114	-0.160114	-0.0681752
7.65234	-0.145579	-0.145579	-0.0619867
7.66233	-0.130806	-0.130806	-0.0556964
7.67232	-0.115821	-0.115821	-0.0493156
7.68231	-0.100648	-0.100648	-0.0428554
7.6923	-0.0853157	-0.0853157	-0.0363268
7.70229	-0.0698481	-0.0698481	-0.0297408
7.71228	-0.0542713	-0.0542713	-0.0231083
7.72227	-0.0386103	-0.0386103	-0.01644
7.73226	-0.0228901	-0.0228901	-0.00974644
7.74225	-0.0071351	-0.0071351	-0.00303807
7.75224	0.00863066	0.00863066	0.00367487
7.76223	0.0243836	0.0243836	0.0103824
7.77222	0.0401008	0.0401008	0.0170746
7.78221	0.0557595	0.0557595	0.023742
7.7922	0.071338	0.071338	0.0303752
7.80219	0.0868148	0.0868148	0.0369651
7.81218	0.102169	0.102169	0.043503
7.82217	0.117381	0.117381	0.0499802
7.83216	0.132432	0.132432	0.0563885
7.84215	0.147302	0.147302	0.06272
7.85214	0.161973	0.161973	0.068967
7.86213	0.176429	0.176429	0.0751222
7.87212	0.190653	0.190653	0.0811785
7.88211	0.204628	0.204628	0.0871293
7.8921	0.218341	0.218341	0.0929682
7.90209	0.231777	0.231777	0.0986891
7.91208	0.244923	0.244923	0.104286
7.92207	0.257765	0.257765	0.109755
7.93206	0.270293	0.270293	0.115089
7.94205	0.282495	0.282495	0.120284
7.95204	0.29436	0.29436	0.125337
7.96203	0.30588	0.30588	0.130242
7.97202	0.317046	0.317046	0.134996
7.98201	0.32785	0.32785	0.139596
7.992	0.338284	0.338284	0.144039
8.00199	0.348343	0.348343	0.148322
8.01198	0.35802	0.35802	0.152443
8.02197	0.367312	0.367312	0.156399
8.03196	0.376213	0.376213	0.160189
8.04195	0.38472	0.38472	0.163811
8.05194	0.392831	0.392831	0.167265
8.06193	0.400543	0.400543	0.170548
8.07192	0.407855	0.407855	0.173662
8.08191	0.414767	0.414767	0.176605
8.0919	0.421278	0.421278	0.179377
8.10189	0.427388	0.427388	0.181979
8.11188	0.4331	0.4331	0.184411
8.12187	0.438414	0.438414	0.186673
8.13186	0.443332	0.443332	0.188768
8.14185	0.447858	0.447858	0.190695
8.15184	0.451995	0.451995	0.192456
8.16183	0.455746	0.455746	0.194053
8.17182	0.459116	0.459116	0.195488
8.18181	0.462109	0.462109	0.196762
8.1918	0.46473	0.46473	0.197879
8.20179	0.466985	0.466985	0.198839
8.21178	0.46888	0.46888	0.199646
8.22177	0.470421	0.470421	0.200302
8.23176	0.471614	0.471614	0.20081
8.24175	0.472467	0.472467	0.201173
8.25174	0.472986	0.472986	0.201394
8.26173	0.473179	0.473179	0.201476
8.27172	0.473053	0.473053	0.201423
8.28171	0.472617	0.472617	0.201237
8.2917	0.471878	0.471878	0.200922
8.30169	0.470846	0.470846	0.200483
8.31168	0.469527	0.469527	0.199921
8.32167	0.467931	0.467931	0.199242
8.33166	0.466066	0.466066	0.198448
8.34165	0.463942	0.463942	0.197543
8.35164	0.461567	0.461567	0.196532
8.36163	0.45895	0.45895	0.195418
8.37162	0.4561	0.4561	0.194204
8.38161	0.453026	0.453026	0.192895
8.3916	0.449738	0.449738	0.191495
8.40159	0.446244	0.446244	0.190008
8.41158	0.442553	0.442553	0.188436
8.42157	0.438675	0.438675	0.186785
8.43156	0.434619	0.434619	0.185057
8.44155	0.430392	0.430392	0.183258
8.45154	0.426005	0.426005	0.18139
8.46153	0.421467	0.421467	0.179457
8.47152	0.416785	0.416785	0.177464
8.48151	0.411968	0.411968	0.175413
8.4915	0.407025	0.407025	0.173309
8.50149	0.401965	0.401965	0.171154
8.51148	0.396796	0.396796	0.168953
8.52147	0.391525	0.391525	0.166709
8.53146	0.386161	0.386161	0.164425
8.54145	0.380712	0.380712	0.162104
8.55144	0.375185	0.375185	0.159751
8.56143	0.369587	0.369587	0.157368
8.57142	0.363927	0.363927	0.154958
8.58141	0.358212	0.358212	0.152524
8.5914	0.352448	0.352448	0.15007
8.60139	0.346641	0.346641	0.147597
8.61138	0.3408	0.3408	0.14511
8.62137	0.33493	0.33493	0.142611
8.63136	0.329037	0.329037	0.140102
8.64135	0.323128	0.323128	0.137586
8.65134	0.317209	0.317209	0.135065
8.66133	0.311284	0.311284	0.132543
8.67132	0.30536	0.30536	0.13002
8.68131	0.299442	0.299442	0.1275
8.6913	0.293535	0.293535	0.124985
8.70129	0.287643	0.287643	0.122476
8.71128	0.281772	0.281772	0.119977
8.72127	0.275926	0.275926	0.117487
8.73126	0.270109	0.270109	0.11501
8.74125	0.264325	0.264325	0.112548
8.75124	0.258578	0.258578	0.110101
8.76123	0.252872	0.252872	0.107671
8.77122	0.247211	0.247211	0.105261
8.78121	0.241597	0.241597	0.10287
8.7912	0.236034	0.236034	0.100502
8.80119	0.230525	0.230525	0.0981557
8.81118	0.225072	0.225072	0.0958341
8.82117	0.219679	0.219679	0.0935376
8.83116	0.214347	0.214347	0.0912674
8.84115	0.209079	0.209079	0.0890243
8.85114	0.203877	0.203877	0.0868094
8.86113	0.198743	0.198743	0.0846235
8.87112	0.193679	0.193679	0.0824673
8.88111	0.188687	0.188687	0.0803414
8.8911	0.183767	0.183767	0.0782467
8.90109	0.178922	0.178922	0.0761835
8.91108	0.174152	0.174152	0.0741525
8.92107	0.169458	0.169458	0.0721541
8.93106	0.164842	0.164842	0.0701887
8.94105	0.160305	0.160305	0.0682567
8.95104	0.155847	0.155847	0.0663583
8.96103	0.151468	0.151468	0.0644939
8.97102	0.147169	0.147169	0.0626635
8.98101	0.142951	0.142951	0.0608674
8.991	0.138813	0.138813	0.0591057
9.00099	0.134757	0.134757	0.0573784
9.01098	0.130781	0.130781	0.0556855
9.02097	0.126886	0.126886	0.0540271
9.03096	0.123072	0.123072	0.0524031
9.04095	0.119338	0.119338	0.0508133
9.05094	0.115685	0.115685	0.0492578
9.06093	0.112111	0.112111	0.0477362
9.07092	0.108617	0.108617	0.0462484
9.08091	0.105202	0.105202	0.0447943
9.0909	0.101865	0.101865	0.0433735
9.10089	0.0986062	0.0986062	0.0419858
9.11088	0.0954241	0.0954241	0.0406309
9.12087	0.0923183	0.0923183	0.0393085
9.13086	0.0892879	0.0892879	0.0380181
9.14085	0.0863321	0.0863321	0.0367596
9.15084	0.08345	0.08345	0.0355324
9.16083	0.0806406	0.0806406	0.0343362
9.17082	0.0779031	0.0779031	0.0331706
9.18081	0.0752363	0.0752363	0.0320351
9.1908	0.0726393	0.0726393	0.0309293
9.20079	0.0701109	0.0701109	0.0298527
9.21078	0.06765	0.06765	0.0288049
9.22077	0.0652556	0.0652556	0.0277854
9.23076	0.0629264	0.0629264	0.0267936
9.24075	0.0606613	0.0606613	0.0258292
9.25074	0.0584591	0.0584591	0.0248915
9.26073	0.0563187	0.0563187	0.0239801
9.27072	0.0542387	0.0542387	0.0230944
9.28071	0.0522179	0.0522179	0.022234
9.2907	0.0502552	0.0502552	0.0213983
9.30069	0.0483492	0.0483492	0.0205867
9.31068	0.0464987	0.0464987	0.0197988
9.32067	0.0447024	0.0447024	0.019034
9.33066	0.0429591	0.0429591	0.0182917
9.34065	0.0412676	0.0412676	0.0175714
9.35064	0.0396264	0.0396264	0.0168726
9.36063	0.0380345	0.0380345	0.0161948
9.37062	0.0364904	0.0364904	0.0155374
9.38061	0.034993	0.034993	0.0148998
9.3906	0.033541	0.033541	0.0142815
9.40059	0.0321331	0.0321331	0.013682
9.41058	0.030768	0.030768	0.0131008
9.42057	0.0294447	0.0294447	0.0125373
9.43056	0.0281617	0.0281617	0.011991
9.44055	0.0269178	0.0269178	0.0114614
9.45054	0.0257119	0.0257119	0.010948
9.46053	0.0245428	0.0245428	0.0104501
9.47052	0.0234091	0.0234091	0.00996744
9.48051	0.0223098	0.0223098	0.00949935
9.4905	0.0212436	0.0212436	0.00904537
9.50049	0.0202093	0.0202093	0.008605
9.51048	0.0192059	0.0192059	0.00817772
9.52047	0.018232	0.018232	0.00776306
9.53046	0.0172866	0.0172866	0.00736051
9.54045	0.0163685	0.0163685	0.0069696
9.55044	0.0154766	0.0154766	0.00658982
9.56043	0.0146097	0.0146097	0.0062207
9.57042	0.0137667	0.0137667	0.00586177
9.58041	0.0129465	0.0129465	0.00551255
9.5904	0.0121481	0.0121481	0.00517255
9.60039	0.0113701	0.0113701	0.00484132
9.61038	0.0106117	0.0106117	0.00451839
9.62037	0.00987166	0.00987166	0.00420328
9.63036	0.0091489	0.0091489	0.00389554
9.64035	0.00844235	0.00844235	0.00359469
9.65034	0.0077509	0.0077509	0.00330028
9.66033	0.00707348	0.00707348	0.00301184
9.67032	0.00640899	0.00640899	0.0027289
9.68031	0.00575635	0.00575635	0.00245101
9.6903	0.00511445	0.00511445	0.00217769
9.70029	0.00448219	0.00448219	0.00190849
9.71028	0.00385848	0.00385848	0.00164291
9.72027	0.0032422	0.0032422	0.0013805
9.73026	0.00263222	0.00263222	0.00112078
9.74025	0.0020274	0.0020274	0.000863253
9.75024	0.00142661	0.00142661	0.000607439
9.76023	0.000828669	0.000828669	0.000352841
9.77022	0.000232404	0.000232404	9.89561e-005
9.78021	-0.000363388	0	-0.000154728
9.7902	-0.000959931	0	-0.000408732
9.80019	-0.00155847	0	-0.000663587
9.81018	-0.00216029	0	-0.000919837
9.82017	-0.00276669	0	-0.00117804
9.83016	-0.00337901	0	-0.00143876
9.84015	-0.00399863	0	-0.00170259
9.85014	-0.00462697	0	-0.00197013
9.86013	-0.00526548	0	-0.002242
9.87012	-0.00591566	0	-0.00251885
9.88011	-0.00657909	0	-0.00280133
9.8901	-0.00725738	0	-0.00309014
9.90009	-0.00795219	0	-0.00338599
9.91008	-0.00866527	0	-0.00368961
9.92007	-0.00939843	0	-0.00400178
9.93006	-0.0101535	0	-0.00432331
9.94005	-0.0109326	0	-0.00465502
9.95004	-0.0117376	0	-0.0049978
9.96003	-0.0125708	0	-0.00535255
9.97002	-0.0134343	0	-0.00572023
9.98001	-0.0143305	0	-0.00610184
9.99	-0.015262	0	-0.00649844
