0	0.392887	0.392887	1
0.00999	0.392554	0.392554	0.999153
0.01998	0.391555	0.391555	0.99661
0.02997	0.389892	0.389892	0.992377
0.03996	0.387568	0.387568	0.986461
0.04995	0.384586	0.384586	0.978871
0.05994	0.380952	0.380952	0.969621
0.06993	0.376671	0.376671	0.958726
0.07992	0.371752	0.371752	0.946206
0.08991	0.366203	0.366203	0.932081
0.0999	0.360032	0.360032	0.916375
0.10989	0.353251	0.353251	0.899116
0.11988	0.345871	0.345871	0.880332
0.12987	0.337905	0.337905	0.860056
0.13986	0.329366	0.329366	0.838323
0.14985	0.32027	0.32027	0.815169
0.15984	0.31063	0.31063	0.790635
0.16983	0.300465	0.300465	0.76476
0.17982	0.28979	0.28979	0.737591
0.18981	0.278625	0.278625	0.709173
0.1998	0.266988	0.266988	0.679554
0.20979	0.2549	0.2549	0.648785
0.21978	0.24238	0.24238	0.616919
0.22977	0.22945	0.22945	0.584009
0.23976	0.216132	0.216132	0.550111
0.24975	0.202448	0.202448	0.515283
0.25974	0.188422	0.188422	0.479584
0.26973	0.174078	0.174078	0.443075
0.27972	0.15944	0.15944	0.405817
0.28971	0.144533	0.144533	0.367874
0.2997	0.129382	0.129382	0.32931
0.30969	0.114012	0.114012	0.290191
0.31968	0.0984503	0.0984503	0.250582
0.32967	0.0827223	0.0827223	0.21055
0.33966	0.066855	0.066855	0.170163
0.34965	0.0508749	0.0508749	0.12949
0.35964	0.0348092	0.0348092	0.0885985
0.36963	0.0186849	0.0186849	0.0475579
0.37962	0.00252911	0.00252911	0.00643724
0.38961	-0.0136309	-0.0136309	-0.0346942
0.3996	-0.029768	-0.029768	-0.0757673
0.40959	-0.0458551	-0.0458551	-0.116713
0.41958	-0.0618652	-0.0618652	-0.157463
0.42957	-0.0777714	-0.0777714	-0.197948
0.43956	-0.0935471	-0.0935471	-0.238102
0.44955	-0.109166	-0.109166	-0.277856
0.45954	-0.124602	-0.124602	-0.317144
0.46953	-0.139829	-0.139829	-0.355901
0.47952	-0.154822	-0.154822	-0.394061
0.48951	-0.169556	-0.169556	-0.431563
0.4995	-0.184006	-0.184006	-0.468343
0.50949	-0.198149	-0.198149	-0.504339
0.51948	-0.21196	-0.21196	-0.539494
0.52947	-0.225418	-0.225418	-0.573747
0.53946	-0.2385	-0.2385	-0.607044
0.54945	-0.251184	-0.251184	-0.639328
0.55944	-0.263449	-0.263449	-0.670547
0.56943	-0.275276	-0.275276	-0.700649
0.57942	-0.286645	-0.286645	-0.729585
0.58941	-0.297537	-0.297537	-0.757308
0.5994	-0.307934	-0.307934	-0.783773
0.60939	-0.317821	-0.317821	-0.808936
0.61938	-0.32718	-0.32718	-0.832757
0.62937	-0.335996	-0.335996	-0.855197
0.63936	-0.344255	-0.344255	-0.87622
0.64935	-0.351945	-0.351945	-0.895792
0.65934	-0.359053	-0.359053	-0.913882
0.66933	-0.365566	-0.365566	-0.930462
0.67932	-0.371477	-0.371477	-0.945504
0.68931	-0.376774	-0.376774	-0.958986
0.6993	-0.381449	-0.381449	-0.970887
0.70929	-0.385496	-0.385496	-0.981188
0.71928	-0.388909	-0.388909	-0.989874
0.72927	-0.391682	-0.391682	-0.996932
0.73926	-0.393811	-0.393811	-1.00235
0.74925	-0.395294	-0.395294	-1.00612
0.75924	-0.396128	-0.396128	-1.00825
0.76923	-0.396313	-0.396313	-1.00872
0.77922	-0.395849	-0.395849	-1.00754
0.78921	-0.394737	-0.394737	-1.00471
0.7992	-0.39298	-0.39298	-1.00024
0.80919	-0.390582	-0.390582	-0.994133
0.81918	-0.387547	-0.387547	-0.986407
0.82917	-0.38388	-0.38388	-0.977074
0.83916	-0.379588	-0.379588	-0.96615
0.84915	-0.374679	-0.374679	-0.953655
0.85914	-0.369161	-0.369161	-0.939611
0.86913	-0.363045	-0.363045	-0.924043
0.87912	-0.356339	-0.356339	-0.906976
0.88911	-0.349057	-0.349057	-0.88844
0.8991	-0.34121	-0.34121	-0.868468
0.90909	-0.332812	-0.332812	-0.847092
0.91908	-0.323876	-0.323876	-0.824349
0.92907	-0.314419	-0.314419	-0.800277
0.93906	-0.304455	-0.304455	-0.774916
0.94905	-0.294001	-0.294001	-0.748309
0.95904	-0.283075	-0.283075	-0.720499
0.96903	-0.271695	-0.271695	-0.691534
0.97902	-0.259879	-0.259879	-0.66146
0.98901	-0.247647	-0.247647	-0.630327
0.999	-0.23502	-0.23502	-0.598186
1.00899	-0.222017	-0.222017	-0.565091
1.01898	-0.20866	-0.20866	-0.531093
1.02897	-0.19497	-0.19497	-0.49625
1.03896	-0.180971	-0.180971	-0.460618
1.04895	-0.166684	-0.166684	-0.424253
1.05894	-0.152132	-0.152132	-0.387216
1.06893	-0.13734	-0.13734	-0.349565
1.07892	-0.12233	-0.12233	-0.311361
1.08891	-0.107126	-0.107126	-0.272664
1.0989	-0.091754	-0.091754	-0.233538
1.10889	-0.076237	-0.076237	-0.194043
1.11888	-0.0606001	-0.0606001	-0.154243
1.12887	-0.0448679	-0.0448679	-0.1142
1.13886	-0.0290653	-0.0290653	-0.0739788
1.14885	-0.0132172	-0.0132172	-0.0336411
1.15884	0.00265168	0.00265168	0.0067492
1.16883	0.0185164	0.0185164	0.047129
1.17882	0.0343522	0.0343522	0.0874353
1.18881	0.0501345	0.0501345	0.127605
1.1988	0.0658388	0.0658388	0.167577
1.20879	0.0814409	0.0814409	0.207288
1.21878	0.0969168	0.0969168	0.246678
1.22877	0.112243	0.112243	0.285686
1.23876	0.127395	0.127395	0.324253
1.24875	0.14235	0.14235	0.362319
1.25874	0.157087	0.157087	0.399827
1.26873	0.171581	0.171581	0.436719
1.27872	0.185813	0.185813	0.472941
1.28871	0.199759	0.199759	0.508438
1.2987	0.213399	0.213399	0.543157
1.30869	0.226714	0.226714	0.577045
1.31868	0.239682	0.239682	0.610054
1.32867	0.252286	0.252286	0.642133
1.33866	0.264506	0.264506	0.673236
1.34865	0.276324	0.276324	0.703317
1.35864	0.287724	0.287724	0.732333
1.36863	0.298689	0.298689	0.760241
1.37862	0.309203	0.309203	0.787002
1.38861	0.319251	0.319251	0.812577
1.3986	0.328819	0.328819	0.83693
1.40859	0.337893	0.337893	0.860026
1.41858	0.346461	0.346461	0.881833
1.42857	0.354511	0.354511	0.902322
1.43856	0.362031	0.362031	0.921464
1.44855	0.369012	0.369012	0.939232
1.45854	0.375445	0.375445	0.955604
1.46853	0.38132	0.38132	0.970558
1.47852	0.38663	0.38663	0.984074
1.48851	0.391369	0.391369	0.996135
1.4985	0.39553	0.39553	1.00673
1.50849	0.399109	0.399109	1.01584
1.51848	0.402102	0.402102	1.02345
1.52847	0.404504	0.404504	1.02957
1.53846	0.406315	0.406315	1.03418
1.54845	0.407533	0.407533	1.03728
1.55844	0.408157	0.408157	1.03886
1.56843	0.408187	0.408187	1.03894
1.57842	0.407625	0.407625	1.03751
1.58841	0.406473	0.406473	1.03458
1.5984	0.404733	0.404733	1.03015
1.60839	0.40241	0.40241	1.02424
1.61838	0.399509	0.399509	1.01685
1.62837	0.396034	0.396034	1.00801
1.63836	0.391991	0.391991	0.99772
1.64835	0.387389	0.387389	0.986006
1.65834	0.382235	0.382235	0.972887
1.66833	0.376537	0.376537	0.958385
1.67832	0.370305	0.370305	0.942522
1.68831	0.363549	0.363549	0.925326
1.6983	0.356279	0.356279	0.906823
1.70829	0.348508	0.348508	0.887043
1.71828	0.340247	0.340247	0.866016
1.72827	0.331508	0.331508	0.843775
1.73826	0.322307	0.322307	0.820354
1.74825	0.312655	0.312655	0.795789
1.75824	0.302569	0.302569	0.770116
1.76823	0.292062	0.292062	0.743375
1.77822	0.281152	0.281152	0.715604
1.78821	0.269853	0.269853	0.686845
1.7982	0.258182	0.258182	0.65714
1.80819	0.246156	0.246156	0.626532
1.81818	0.233794	0.233794	0.595066
1.82817	0.221111	0.221111	0.562786
1.83816	0.208128	0.208128	0.529739
1.84815	0.194861	0.194861	0.495973
1.85814	0.181331	0.181331	0.461533
1.86813	0.167555	0.167555	0.42647
1.87812	0.153553	0.153553	0.390832
1.88811	0.139345	0.139345	0.354668
1.8981	0.12495	0.12495	0.318029
1.90809	0.110388	0.110388	0.280965
1.91808	0.0956782	0.0956782	0.243526
1.92807	0.0808417	0.0808417	0.205763
1.93806	0.065898	0.065898	0.167728
1.94805	0.0508672	0.0508672	0.12947
1.95804	0.0357694	0.0357694	0.0910424
1.96803	0.0206246	0.0206246	0.0524948
1.97802	0.00545269	0.00545269	0.0138785
1.98801	-0.00972631	-0.00972631	-0.024756
1.998	-0.0248926	-0.0248926	-0.0633582
2.00799	-0.0400267	-0.0400267	-0.101878
2.01798	-0.0551089	-0.0551089	-0.140267
2.02797	-0.0701201	-0.0701201	-0.178474
2.03796	-0.0850411	-0.0850411	-0.216452
2.04795	-0.099853	-0.099853	-0.254152
2.05794	-0.114537	-0.114537	-0.291527
2.06793	-0.129076	-0.129076	-0.328532
2.07792	-0.14345	-0.14345	-0.365119
2.08791	-0.157644	-0.157644	-0.401244
2.0979	-0.171638	-0.171638	-0.436863
2.10789	-0.185416	-0.185416	-0.471932
2.11788	-0.198962	-0.198962	-0.50641
2.12787	-0.21226	-0.21226	-0.540256
2.13786	-0.225293	-0.225293	-0.57343
2.14785	-0.238047	-0.238047	-0.605892
2.15784	-0.250507	-0.250507	-0.637605
2.16783	-0.262658	-0.262658	-0.668533
2.17782	-0.274487	-0.274487	-0.69864
2.18781	-0.28598	-0.28598	-0.727892
2.1978	-0.297124	-0.297124	-0.756258
2.20779	-0.307908	-0.307908	-0.783705
2.21778	-0.318319	-0.318319	-0.810203
2.22777	-0.328346	-0.328346	-0.835725
2.23776	-0.337978	-0.337978	-0.860243
2.24775	-0.347207	-0.347207	-0.883731
2.25774	-0.356021	-0.356021	-0.906166
2.26773	-0.364412	-0.364412	-0.927524
2.27772	-0.372373	-0.372373	-0.947785
2.28771	-0.379894	-0.379894	-0.966928
2.2977	-0.386969	-0.386969	-0.984936
2.30769	-0.393592	-0.393592	-1.00179
2.31768	-0.399755	-0.399755	-1.01748
2.32767	-0.405456	-0.405456	-1.03199
2.33766	-0.410687	-0.410687	-1.0453
2.34765	-0.415446	-0.415446	-1.05742
2.35764	-0.419728	-0.419728	-1.06832
2.36763	-0.423531	-0.423531	-1.078
2.37762	-0.426853	-0.426853	-1.08645
2.38761	-0.429691	-0.429691	-1.09367
2.3976	-0.432044	-0.432044	-1.09966
2.40759	-0.433913	-0.433913	-1.10442
2.41758	-0.435296	-0.435296	-1.10794
2.42757	-0.436195	-0.436195	-1.11023
2.43756	-0.43661	-0.43661	-1.11129
2.44755	-0.436543	-0.436543	-1.11112
2.45754	-0.435997	-0.435997	-1.10973
2.46753	-0.434974	-0.434974	-1.10712
2.47752	-0.433477	-0.433477	-1.10331
2.48751	-0.43151	-0.43151	-1.09831
2.4975	-0.429078	-0.429078	-1.09211
2.50749	-0.426185	-0.426185	-1.08475
2.51748	-0.422836	-0.422836	-1.07623
2.52747	-0.419037	-0.419037	-1.06656
2.53746	-0.414794	-0.414794	-1.05576
2.54745	-0.410115	-0.410115	-1.04385
2.55744	-0.405005	-0.405005	-1.03084
2.56743	-0.399472	-0.399472	-1.01676
2.57742	-0.393524	-0.393524	-1.00162
2.58741	-0.38717	-0.38717	-0.985448
2.5974	-0.380417	-0.380417	-0.96826
2.60739	-0.373275	-0.373275	-0.950082
2.61738	-0.365753	-0.365753	-0.930937
2.62737	-0.357861	-0.357861	-0.910849
2.63736	-0.349608	-0.349608	-0.889843
2.64735	-0.341004	-0.341004	-0.867944
2.65734	-0.332061	-0.332061	-0.845181
2.66733	-0.322788	-0.322788	-0.821579
2.67732	-0.313197	-0.313197	-0.797166
2.68731	-0.303298	-0.303298	-0.771972
2.6973	-0.293103	-0.293103	-0.746024
2.70729	-0.282624	-0.282624	-0.719351
2.71728	-0.271872	-0.271872	-0.691985
2.72727	-0.260859	-0.260859	-0.663954
2.73726	-0.249597	-0.249597	-0.63529
2.74725	-0.238099	-0.238099	-0.606023
2.75724	-0.226376	-0.226376	-0.576184
2.76723	-0.21444	-0.21444	-0.545805
2.77722	-0.202304	-0.202304	-0.514917
2.78721	-0.189981	-0.189981	-0.483552
2.7972	-0.177483	-0.177483	-0.451741
2.80719	-0.164823	-0.164823	-0.419516
2.81718	-0.152012	-0.152012	-0.38691
2.82717	-0.139064	-0.139064	-0.353953
2.83716	-0.125991	-0.125991	-0.320679
2.84715	-0.112805	-0.112805	-0.287117
2.85714	-0.0995189	-0.0995189	-0.253301
2.86713	-0.0861452	-0.0861452	-0.219262
2.87712	-0.072696	-0.072696	-0.18503
2.88711	-0.0591836	-0.0591836	-0.150637
2.8971	-0.0456199	-0.0456199	-0.116114
2.90709	-0.032017	-0.032017	-0.0814917
2.91708	-0.0183869	-0.0183869	-0.0467993
2.92707	-0.00474107	-0.00474107	-0.0120673
2.93706	0.00890871	0.00890871	0.022675
2.94705	0.0225511	0.0225511	0.0573983
2.95704	0.0361747	0.0361747	0.092074
2.96703	0.0497686	0.0497686	0.126674
2.97702	0.0633217	0.0633217	0.16117
2.98701	0.0768235	0.0768235	0.195536
2.997	0.0902633	0.0902633	0.229744
3.00699	0.103631	0.103631	0.263768
3.01698	0.116916	0.116916	0.297582
3.02697	0.130109	0.130109	0.331162
3.03696	0.143201	0.143201	0.364483
3.04695	0.156181	0.156181	0.397521
3.05694	0.169041	0.169041	0.430253
3.06693	0.181772	0.181772	0.462657
3.07692	0.194365	0.194365	0.49471
3.08691	0.206812	0.206812	0.526391
3.0969	0.219105	0.219105	0.557679
3.10689	0.231236	0.231236	0.588555
3.11688	0.243197	0.243197	0.619
3.12687	0.254981	0.254981	0.648994
3.13686	0.266582	0.266582	0.678521
3.14685	0.277992	0.277992	0.707563
3.15684	0.289206	0.289206	0.736103
3.16683	0.300216	0.300216	0.764127
3.17682	0.311017	0.311017	0.791619
3.18681	0.321604	0.321604	0.818566
3.1968	0.331971	0.331971	0.844953
3.20679	0.342114	0.342114	0.870769
3.21678	0.352027	0.352027	0.896001
3.22677	0.361707	0.361707	0.920638
3.23676	0.371149	0.371149	0.94467
3.24675	0.380349	0.380349	0.968087
3.25674	0.389304	0.389304	0.990879
3.26673	0.39801	0.39801	1.01304
3.27672	0.406466	0.406466	1.03456
3.28671	0.414667	0.414667	1.05543
3.2967	0.422611	0.422611	1.07566
3.30669	0.430297	0.430297	1.09522
3.31668	0.437723	0.437723	1.11412
3.32667	0.444886	0.444886	1.13235
3.33666	0.451786	0.451786	1.14991
3.34665	0.458421	0.458421	1.1668
3.35664	0.464791	0.464791	1.18301
3.36663	0.470896	0.470896	1.19855
3.37662	0.476733	0.476733	1.21341
3.38661	0.482305	0.482305	1.22759
3.3966	0.48761	0.48761	1.24109
3.40659	0.492649	0.492649	1.25392
3.41658	0.497423	0.497423	1.26607
3.42657	0.501933	0.501933	1.27755
3.43656	0.506179	0.506179	1.28836
3.44655	0.510163	0.510163	1.2985
3.45654	0.513886	0.513886	1.30797
3.46653	0.51735	0.51735	1.31679
3.47652	0.520557	0.520557	1.32495
3.48651	0.523508	0.523508	1.33246
3.4965	0.526206	0.526206	1.33933
3.50649	0.528654	0.528654	1.34556
3.51648	0.530853	0.530853	1.35116
3.52647	0.532807	0.532807	1.35613
3.53646	0.534518	0.534518	1.36049
3.54645	0.535989	0.535989	1.36423
3.55644	0.537224	0.537224	1.36737
3.56643	0.538225	0.538225	1.36992
3.57642	0.538996	0.538996	1.37189
3.58641	0.539541	0.539541	1.37327
3.5964	0.539863	0.539863	1.37409
3.60639	0.539966	0.539966	1.37435
3.61638	0.539854	0.539854	1.37407
3.62637	0.53953	0.53953	1.37324
3.63636	0.538999	0.538999	1.37189
3.64635	0.538265	0.538265	1.37002
3.65634	0.537332	0.537332	1.36765
3.66633	0.536204	0.536204	1.36478
3.67632	0.534886	0.534886	1.36142
3.68631	0.533381	0.533381	1.35759
3.6963	0.531695	0.531695	1.3533
3.70629	0.529832	0.529832	1.34856
3.71628	0.527796	0.527796	1.34338
3.72627	0.525592	0.525592	1.33777
3.73626	0.523225	0.523225	1.33174
3.74625	0.520699	0.520699	1.32531
3.75624	0.518019	0.518019	1.31849
3.76623	0.515189	0.515189	1.31129
3.77622	0.512215	0.512215	1.30372
3.78621	0.5091	0.5091	1.29579
3.7962	0.50585	0.50585	1.28752
3.80619	0.502469	0.502469	1.27892
3.81618	0.498963	0.498963	1.26999
3.82617	0.495334	0.495334	1.26075
3.83616	0.491589	0.491589	1.25122
3.84615	0.487732	0.487732	1.24141
3.85614	0.483768	0.483768	1.23132
3.86613	0.479701	0.479701	1.22096
3.87612	0.475535	0.475535	1.21036
3.88611	0.471275	0.471275	1.19952
3.8961	0.466927	0.466927	1.18845
3.90609	0.462493	0.462493	1.17716
3.91608	0.457979	0.457979	1.16568
3.92607	0.453389	0.453389	1.15399
3.93606	0.448727	0.448727	1.14213
3.94605	0.443997	0.443997	1.13009
3.95604	0.439204	0.439204	1.11789
3.96603	0.434352	0.434352	1.10554
3.97602	0.429445	0.429445	1.09305
3.98601	0.424486	0.424486	1.08043
3.996	0.419481	0.419481	1.06769
4.00599	0.414432	0.414432	1.05484
4.01598	0.409344	0.409344	1.04189
4.02597	0.40422	0.40422	1.02884
4.03596	0.399064	0.399064	1.01572
4.04595	0.39388	0.39388	1.00253
4.05594	0.388671	0.388671	0.989269
4.06593	0.383441	0.383441	0.975956
4.07592	0.378193	0.378193	0.962598
4.08591	0.37293	0.37293	0.949203
4.0959	0.367655	0.367655	0.935778
4.10589	0.362373	0.362373	0.922333
4.11588	0.357085	0.357085	0.908874
4.12587	0.351795	0.351795	0.89541
4.13586	0.346506	0.346506	0.881948
4.14585	0.341221	0.341221	0.868495
4.15584	0.335942	0.335942	0.855059
4.16583	0.330672	0.330672	0.841645
4.17582	0.325413	0.325413	0.828261
4.18581	0.320169	0.320169	0.814913
4.1958	0.314941	0.314941	0.801607
4.20579	0.309733	0.309733	0.78835
4.21578	0.304545	0.304545	0.775147
4.22577	0.299381	0.299381	0.762003
4.23576	0.294243	0.294243	0.748925
4.24575	0.289132	0.289132	0.735917
4.25574	0.284051	0.284051	0.722984
4.26573	0.279002	0.279002	0.710131
4.27572	0.273985	0.273985	0.697364
4.28571	0.269004	0.269004	0.684685
4.2957	0.264059	0.264059	0.672099
4.30569	0.259153	0.259153	0.659611
4.31568	0.254286	0.254286	0.647224
4.32567	0.249461	0.249461	0.634942
4.33566	0.244678	0.244678	0.622769
4.34565	0.239939	0.239939	0.610707
4.35564	0.235245	0.235245	0.59876
4.36563	0.230598	0.230598	0.586931
4.37562	0.225997	0.225997	0.575222
4.38561	0.221446	0.221446	0.563636
4.3956	0.216943	0.216943	0.552176
4.40559	0.212491	0.212491	0.540844
4.41558	0.20809	0.20809	0.529642
4.42557	0.20374	0.20374	0.518572
4.43556	0.199443	0.199443	0.507635
4.44555	0.1952	0.1952	0.496834
4.45554	0.19101	0.19101	0.48617
4.46553	0.186875	0.186875	0.475645
4.47552	0.182794	0.182794	0.465258
4.48551	0.178769	0.178769	0.455013
4.4955	0.174799	0.174799	0.444909
4.50549	0.170885	0.170885	0.434947
4.51548	0.167028	0.167028	0.425129
4.52547	0.163227	0.163227	0.415455
4.53546	0.159482	0.159482	0.405924
4.54545	0.155795	0.155795	0.396539
4.55544	0.152164	0.152164	0.387298
4.56543	0.148591	0.148591	0.378202
4.57542	0.145074	0.145074	0.369251
4.58541	0.141614	0.141614	0.360445
4.5954	0.138211	0.138211	0.351784
4.60539	0.134865	0.134865	0.343268
4.61538	0.131576	0.131576	0.334895
4.62537	0.128343	0.128343	0.326667
4.63536	0.125166	0.125166	0.318581
4.64535	0.122046	0.122046	0.310638
4.65534	0.118981	0.118981	0.302837
4.66533	0.115972	0.115972	0.295178
4.67532	0.113017	0.113017	0.287658
4.68531	0.110118	0.110118	0.280279
4.6953	0.107273	0.107273	0.273037
4.70529	0.104482	0.104482	0.265933
4.71528	0.101744	0.101744	0.258966
4.72527	0.09906	0.09906	0.252133
4.73526	0.0964284	0.0964284	0.245435
4.74525	0.0938489	0.0938489	0.23887
4.75524	0.0913211	0.0913211	0.232436
4.76523	0.0888444	0.0888444	0.226132
4.77522	0.0864183	0.0864183	0.219957
4.78521	0.0840423	0.0840423	0.213909
4.7952	0.0817157	0.0817157	0.207988
4.80519	0.079438	0.079438	0.20219
4.81518	0.0772086	0.0772086	0.196516
4.82517	0.0750269	0.0750269	0.190963
4.83516	0.0728921	0.0728921	0.185529
4.84515	0.0708038	0.0708038	0.180214
4.85514	0.0687612	0.0687612	0.175015
4.86513	0.0667637	0.0667637	0.169931
4.87512	0.0648107	0.0648107	0.16496
4.88511	0.0629014	0.0629014	0.1601
4.8951	0.0610352	0.0610352	0.15535
4.90509	0.0592114	0.0592114	0.150708
4.91508	0.0574293	0.0574293	0.146172
4.92507	0.0556882	0.0556882	0.141741
4.93506	0.0539875	0.0539875	0.137412
4.94505	0.0523263	0.0523263	0.133184
4.95504	0.0507041	0.0507041	0.129055
4.96503	0.0491201	0.0491201	0.125024
4.97502	0.0475737	0.0475737	0.121087
4.98501	0.046064	0.046064	0.117245
4.995	0.0445904	0.0445904	0.113494
5.00499	0.0431521	0.0431521	0.109833
5.01498	0.0417486	0.0417486	0.106261
5.02497	0.040379	0.040379	0.102775
5.03496	0.0390426	0.0390426	0.0993735
5.04495	0.0377388	0.0377388	0.096055
5.05494	0.0364668	0.0364668	0.0928174
5.06493	0.0352259	0.0352259	0.089659
5.07492	0.0340154	0.0340154	0.0865781
5.08491	0.0328347	0.0328347	0.0835728
5.0949	0.031683	0.031683	0.0806414
5.10489	0.0305596	0.0305596	0.077782
5.11488	0.0294638	0.0294638	0.074993
5.12487	0.028395	0.028395	0.0722726
5.13486	0.0273524	0.0273524	0.0696189
5.14485	0.0263354	0.0263354	0.0670304
5.15484	0.0253432	0.0253432	0.0645051
5.16483	0.0243753	0.0243753	0.0620415
5.17482	0.0234309	0.0234309	0.0596378
5.18481	0.0225094	0.0225094	0.0572923
5.1948	0.0216101	0.0216101	0.0550033
5.20479	0.0207323	0.0207323	0.0527692
5.21478	0.0198754	0.0198754	0.0505881
5.22477	0.0190387	0.0190387	0.0484585
5.23476	0.0182216	0.0182216	0.0463787
5.24475	0.0174234	0.0174234	0.0443471
5.25474	0.0166435	0.0166435	0.0423619
5.26473	0.0158812	0.0158812	0.0404217
5.27472	0.0151358	0.0151358	0.0385246
5.28471	0.0144069	0.0144069	0.0366692
5.2947	0.0136936	0.0136936	0.0348537
5.30469	0.0129954	0.0129954	0.0330767
5.31468	0.0123117	0.0123117	0.0313364
5.32467	0.0116417	0.0116417	0.0296312
5.33466	0.010985	0.010985	0.0279597
5.34465	0.0103408	0.0103408	0.0263201
5.35464	0.00970859	0.00970859	0.0247109
5.36463	0.00908766	0.00908766	0.0231305
5.37462	0.00847741	0.00847741	0.0215772
5.38461	0.00787722	0.00787722	0.0200496
5.3946	0.00728645	0.00728645	0.0185459
5.40459	0.00670449	0.00670449	0.0170647
5.41458	0.00613069	0.00613069	0.0156042
5.42457	0.00556443	0.00556443	0.0141629
5.43456	0.00500507	0.00500507	0.0127392
5.44455	0.00445197	0.00445197	0.0113314
5.45454	0.00390449	0.00390449	0.00993794
5.46453	0.00336198	0.00336198	0.0085571
5.47452	0.00282378	0.00282378	0.00718724
5.48451	0.00228923	0.00228923	0.00582668
5.4945	0.00175767	0.00175767	0.00447373
5.50449	0.00122843	0.00122843	0.00312666
5.51448	0.00070081	0.00070081	0.00178374
5.52447	0.00017413	0.00017413	0.000443207
5.53446	-0.000352315	0	-0.000896732
5.54445	-0.00087924	0	-0.00223789
5.55444	-0.00140737	0	-0.00358213
5.56443	-0.00193745	0	-0.00493132
5.57442	-0.00247023	0	-0.00628738
5.58441	-0.00300648	0	-0.00765228
5.5944	-0.00354699	0	-0.00902801
5.60439	-0.00409256	0	-0.0104166
5.61438	-0.00464402	0	-0.0118202
5.62437	-0.00520221	0	-0.013241
5.63436	-0.005768	0	-0.014681
5.64435	-0.00634227	0	-0.0161427
5.65434	-0.00692596	0	-0.0176284
5.66433	-0.00752	0	-0.0191403
5.67432	-0.00812535	0	-0.0206811
5.68431	-0.00874304	0	-0.0222533
5.6943	-0.00937408	0	-0.0238595
5.70429	-0.0100196	0	-0.0255024
5.71428	-0.0106806	0	-0.0271849
5.72427	-0.0113583	0	-0.0289098
5.73426	-0.0120539	0	-0.0306802
5.74425	-0.0127686	0	-0.0324993
5.75424	-0.0135036	0	-0.0343703
5.76423	-0.0142604	0	-0.0362965
5.77422	-0.0150403	0	-0.0382816
5.78421	-0.0158448	0	-0.040329
5.7942	-0.0166752	0	-0.0424428
5.80419	-0.0175333	0	-0.0446267
5.81418	-0.0184205	0	-0.0468849
5.82417	-0.0193386	0	-0.0492219
5.83416	-0.0202894	0	-0.0516419
5.84415	-0.0212747	0	-0.0541498
5.85414	-0.0222965	0	-0.0567503
5.86413	-0.0233567	0	-0.0594488
5.87412	-0.0244574	0	-0.0622503
5.88411	-0.0256008	0	-0.0651607
5.8941	-0.0267893	0	-0.0681857
5.90409	-0.0280252	0	-0.0713314
5.91408	-0.0293111	0	-0.0746043
5.92407	-0.0306495	0	-0.078011
5.93406	-0.0320434	0	-0.0815587
5.94405	-0.0334954	0	-0.0852546
5.95404	-0.0350088	0	-0.0891065
5.96403	-0.0365866	0	-0.0931225
5.97402	-0.0382323	0	-0.0973111
5.98401	-0.0399493	0	-0.101681
5.994	-0.0417412	0	-0.106242
6.00399	-0.0436121	0	-0.111004
6.01398	-0.0455658	0	-0.115977
6.02397	-0.0476068	0	-0.121172
6.03396	-0.0497394	0	-0.1266
6.04395	-0.0519683	0	-0.132273
6.05394	-0.0542986	0	-0.138204
6.06393	-0.0567353	0	-0.144406
6.07392	-0.0592841	0	-0.150893
6.08391	-0.0619505	0	-0.15768
6.0939	-0.0647407	0	-0.164782
6.10389	-0.067661	0	-0.172215
6.11388	-0.0707182	0	-0.179996
6.12387	-0.0739192	0	-0.188143
6.13386	-0.0772714	0	-0.196676
6.14385	-0.0807828	0	-0.205613
6.15384	-0.0844614	0	-0.214976
6.16383	-0.088316	0	-0.224787
6.17382	-0.0923556	0	-0.235069
6.18381	-0.09659	0	-0.245847
6.1938	-0.101029	0	-0.257145
6.20379	-0.105684	0	-0.268992
6.21378	-0.110565	0	-0.281416
6.22377	-0.115685	0	-0.294447
6.23376	-0.121055	0	-0.308117
6.24375	-0.12669	0	-0.322459
6.25374	-0.132603	0	-0.337509
6.26373	-0.138808	0	-0.353303
6.27372	-0.145322	0	-0.369882
6.28371	-0.15216	0	-0.387287
6.2937	-0.159339	0	-0.40556
6.30369	-0.166878	0	-0.424749
6.31368	-0.174796	0	-0.444902
6.32367	-0.183113	0	-0.46607
6.33366	-0.19185	0	-0.488308
6.34365	-0.201029	0	-0.511672
6.35364	-0.210675	0	-0.536224
6.36363	-0.220813	0	-0.562026
6.37362	-0.231468	0	-0.589147
6.38361	-0.242669	0	-0.617656
6.3936	-0.254446	0	-0.64763
6.40359	-0.266829	0	-0.679148
6.41358	-0.279851	0	-0.712293
6.42357	-0.293547	0	-0.747154
6.43356	-0.307955	0	-0.783825
6.44355	-0.323112	0	-0.822404
6.45354	-0.33906	0	-0.862996
6.46353	-0.355842	0	-0.905711
6.47352	-0.373505	0	-0.950667
6.48351	-0.392096	0	-0.997986
6.4935	-0.411667	0	-1.0478
6.50349	-0.432272	0	-1.10024
6.51348	-0.453968	0	-1.15547
6.52347	-0.476817	0	-1.21362
6.53346	-0.500882	0	-1.27488
6.54345	-0.526232	0	-1.3394
6.55344	-0.552937	0	-1.40737
6.56343	-0.581075	0	-1.47899
6.57342	-0.610725	0	-1.55445
6.58341	-0.641974	0	-1.63399
6.5934	-0.67491	0	-1.71782
6.60339	-0.70963	0	-1.80619
6.61338	-0.746234	0	-1.89936
6.62337	-0.78483	0	-1.9976
6.63336	-0.825532	0	-2.10119
6.64335	-0.868458	0	-2.21045
6.65334	-0.913737	0	-2.3257
6.66333	-0.961502	0	-2.44727
6.67332	-1.0119	0	-2.57554
6.68331	-1.06507	0	-2.71089
6.6933	-1.12119	0	-2.85373
6.70329	-1.18042	0	-3.00448
6.71328	-1.24294	0	-3.16362
6.72327	-1.30895	0	-3.33161
6.73326	-1.37864	0	-3.50899
6.74325	-1.45223	0	-3.69629
6.75324	-1.52994	0	-3.8941
6.76323	-1.61203	0	-4.10303
6.77322	-1.69874	0	-4.32373
6.78321	-1.79035	0	-4.55689
6.7932	-1.88714	0	-4.80326
6.80319	-1.98942	0	-5.06359
6.81318	-2.09752	0	-5.33873
6.82317	-2.21178	0	-5.62955
6.83316	-2.33256	0	-5.93698
6.84315	-2.46026	0	-6.26201
6.85314	-2.59529	0	-6.60568
6.86313	-2.73807	0	-6.96911
6.87312	-2.88909	0	-7.35348
6.88311	-3.04883	0	-7.76005
6.8931	-3.21781	0	-8.19016
6.90309	-3.39659	0	-8.64521
6.91308	-3.58577	0	-9.12672
6.92307	-3.78597	0	-9.63628
6.93306	-3.99786	0	-10.1756
6.94305	-4.22215	0	-10.7465
6.95304	-4.45959	0	-11.3508
6.96303	-4.71099	0	-11.9907
6.97302	-4.97719	0	-12.6682
6.98301	-5.2591	0	-13.3858
6.993	-5.55769	0	-14.1458
7.00299	-5.87398	0	-14.9508
7.01298	-6.20906	0	-15.8037
7.02297	-6.56408	0	-16.7073
7.03296	-6.94029	0	-17.6648
7.04295	-7.33899	0	-18.6796
7.05294	-7.76157	0	-19.7552
7.06293	-8.20953	0	-20.8954
7.07292	-8.68443	0	-22.1041
7.08291	-9.18797	0	-23.3858
7.0929	-9.72193	0	-24.7448
7.10289	-10.2882	0	-26.1862
7.11288	-10.8889	0	-27.715
7.12287	-11.526	0	-29.3367
7.13286	-12.202	0	-31.0573
7.14285	-12.9192	0	-32.8828
7.15284	-13.6804	0	-34.8201
7.16283	-14.4882	0	-36.8761
7.17282	-15.3455	0	-39.0584
7.18281	-16.2557	0	-41.375
7.1928	-17.222	0	-43.8345
7.20279	-18.2481	0	-46.4461
7.21278	-19.3376	0	-49.2193
7.22277	-20.4948	0	-52.1647
7.23276	-21.724	0	-55.2932
7.24275	-23.0297	0	-58.6166
7.25274	-24.4169	0	-62.1475
7.26273	-25.891	0	-65.8993
7.27272	-27.4574	0	-69.8862
7.28271	-29.1222	0	-74.1236
7.2927	-30.8918	0	-78.6277
7.30269	-32.773	0	-83.4158
7.31268	-34.773	0	-88.5064
7.32267	-36.8997	0	-93.9193
7.33266	-39.1613	0	-99.6756
7.34265	-41.5666	0	-105.798
7.35264	-44.1251	0	-112.31
7.36263	-46.8468	0	-119.237
7.37262	-49.7426	0	-126.608
7.38261	-52.8239	0	-134.45
7.3926	-56.1029	0	-142.797
7.40259	-59.5929	0	-151.679
7.41258	-63.3077	0	-161.134
7.42257	-67.2623	0	-171.2
7.43256	-71.4728	0	-181.917
7.44255	-75.9561	0	-193.328
7.45254	-80.7305	0	-205.48
7.46253	-85.8156	0	-218.423
7.47252	-91.2321	0	-232.209
7.48251	-97.0024	0	-246.896
7.4925	-103.15	0	-262.544
7.50249	-109.701	0	-279.218
7.51248	-116.682	0	-296.987
7.52247	-124.123	0	-315.925
7.53246	-132.054	0	-336.112
7.54245	-140.509	0	-357.632
7.55244	-149.524	0	-380.576
7.56243	-159.136	0	-405.042
7.57242	-169.387	0	-431.133
7.58241	-180.32	0	-458.96
7.5924	-191.982	0	-488.643
7.60239	-204.422	0	-520.308
7.61238	-217.696	0	-554.093
7.62237	-231.86	0	-590.143
7.63236	-246.974	0	-628.614
7.64235	-263.107	0	-669.675
7.65234	-280.326	0	-713.503
7.66233	-298.709	0	-760.292
7.67232	-318.336	0	-810.247
7.68231	-339.293	0	-863.589
7.6923	-361.674	0	-920.553
7.70229	-385.577	0	-981.394
7.71228	-411.11	0	-1046.38
7.72227	-438.386	0	-1115.81
7.73226	-467.528	0	-1189.98
7.74225	-498.667	0	-1269.24
7.75224	-531.944	0	-1353.94
7.76223	-567.511	0	-1444.46
7.77222	-605.527	0	-1541.22
7.78221	-646.168	0	-1644.67
7.7922	-689.619	0	-1755.26
7.80219	-736.081	0	-1873.52
7.81218	-785.766	0	-1999.98
7.82217	-838.906	0	-2135.23
7.83216	-895.746	0	-2279.91
7.84215	-956.552	0	-2434.67
7.85214	-1021.61	0	-2600.26
7.86213	-1091.22	0	-2777.44
7.87212	-1165.71	0	-2967.04
7.88211	-1245.44	0	-3169.96
7.8921	-1330.78	0	-3387.17
7.90209	-1422.13	0	-3619.69
7.91208	-1519.94	0	-3868.64
7.92207	-1624.67	0	-4135.2
7.93206	-1736.82	0	-4420.65
7.94205	-1856.93	0	-4726.36
7.95204	-1985.58	0	-5053.82
7.96203	-2123.4	0	-5404.61
7.97202	-2271.06	0	-5780.43
7.98201	-2429.27	0	-6183.12
7.992	-2598.81	0	-6614.64
8.00199	-2780.51	0	-7077.12
8.01198	-2975.27	0	-7572.84
8.02197	-3184.05	0	-8104.23
8.03196	-3407.88	0	-8673.94
8.04195	-3647.88	0	-9284.79
8.05194	-3905.24	0	-9939.84
8.06193	-4181.25	0	-10642.4
8.07192	-4477.29	0	-11395.9
8.08191	-4794.87	0	-12204.2
8.0919	-5135.57	0	-13071.4
8.10189	-5501.13	0	-14001.8
8.11188	-5893.41	0	-15000.3
8.12187	-6314.41	0	-16071.8
8.13186	-6766.27	0	-17221.9
8.14185	-7251.32	0	-18456.5
8.15184	-7772.06	0	-19781.9
8.16183	-8331.17	0	-21205
8.17182	-8931.56	0	-22733.1
8.18181	-9576.33	0	-24374.2
8.1918	-10268.9	0	-26136.9
8.20179	-11012.8	0	-28030.3
8.21178	-11811.9	0	-30064.4
8.22177	-12670.6	0	-32249.9
8.23176	-13593.2	0	-34598.3
8.24175	-14584.8	0	-37122.1
8.25174	-15650.5	0	-39834.6
8.26173	-16796.1	0	-42750.3
8.27172	-18027.6	0	-45884.8
8.28171	-19351.6	0	-49254.9
8.2917	-20775.4	0	-52878.7
8.30169	-22306.5	0	-56775.7
8.31168	-23953.2	0	-60967.1
8.32167	-25724.5	0	-65475.4
8.33166	-27630	0	-70325.4
8.34165	-29680	0	-75543.4
8.35164	-31886	0	-81158.1
8.36163	-34259.8	0	-87200.2
8.37162	-36814.7	0	-93703
8.38161	-39564.7	0	-100702
8.3916	-42525.1	0	-108237
8.40159	-45712.2	0	-116350
8.41158	-49144	0	-125084
8.42157	-52839.5	0	-134490
8.43156	-56819.6	0	-144621
8.44155	-61106.5	0	-155532
8.45154	-65724.4	0	-167286
8.46153	-70699.6	0	-179949
8.47152	-76060.1	0	-193593
8.48151	-81836.6	0	-208295
8.4915	-88061.9	0	-224140
8.50149	-94771.8	0	-241219
8.51148	-102005	0	-259629
8.52147	-109802	0	-279476
8.53146	-118210	0	-300875
8.54145	-127276	0	-323950
8.55144	-137053	0	-348835
8.56143	-147598	0	-375675
8.57142	-158973	0	-404626
8.58141	-171244	0	-435860
8.5914	-184483	0	-469558
8.60139	-198769	0	-505919
8.61138	-214186	0	-545160
8.62137	-230826	0	-587512
8.63136	-248786	0	-633226
8.64135	-268176	0	-682576
8.65134	-289109	0	-735858
8.66133	-311712	0	-793389
8.67132	-336121	0	-855516
8.68131	-362484	0	-922615
8.6913	-390958	0	-995090
8.70129	-421718	0	-1.07338e+006
8.71128	-454950	0	-1.15797e+006
8.72127	-490857	0	-1.24936e+006
8.73126	-529659	0	-1.34812e+006
8.74125	-571594	0	-1.45486e+006
8.75124	-616920	0	-1.57022e+006
8.76123	-665916	0	-1.69493e+006
8.77122	-718885	0	-1.82975e+006
8.78121	-776157	0	-1.97552e+006
8.7912	-838087	0	-2.13315e+006
8.80119	-905062	0	-2.30362e+006
8.81118	-977502	0	-2.488e+006
8.82117	-1.05586e+006	0	-2.68744e+006
8.83116	-1.14063e+006	0	-2.9032e+006
8.84115	-1.23234e+006	0	-3.13664e+006
8.85114	-1.33159e+006	0	-3.38924e+006
8.86113	-1.43899e+006	0	-3.66259e+006
8.87112	-1.55522e+006	0	-3.95845e+006
8.88111	-1.68104e+006	0	-4.27869e+006
8.8911	-1.81725e+006	0	-4.62537e+006
8.90109	-1.96472e+006	0	-5.00071e+006
8.91108	-2.12439e+006	0	-5.40712e+006
8.92107	-2.2973e+006	0	-5.84723e+006
8.93106	-2.48457e+006	0	-6.32388e+006
8.94105	-2.68741e+006	0	-6.84017e+006
8.95104	-2.90715e+006	0	-7.39944e+006
8.96103	-3.1452e+006	0	-8.00535e+006
8.97102	-3.40314e+006	0	-8.66186e+006
8.98101	-3.68264e+006	0	-9.37328e+006
8.991	-3.98556e+006	0	-1.01443e+007
9.00099	-4.31388e+006	0	-1.098e+007
9.01098	-4.66978e+006	0	-1.18858e+007
9.02097	-5.05562e+006	0	-1.28679e+007
9.03096	-5.47395e+006	0	-1.39326e+007
9.04095	-5.92758e+006	0	-1.50872e+007
9.05094	-6.41952e+006	0	-1.63393e+007
9.06093	-6.95308e+006	0	-1.76974e+007
9.07092	-7.53183e+006	0	-1.91705e+007
9.08091	-8.15969e+006	0	-2.07685e+007
9.0909	-8.84089e+006	0	-2.25024e+007
9.10089	-9.58004e+006	0	-2.43837e+007
9.11088	-1.03822e+007	0	-2.64253e+007
9.12087	-1.12527e+007	0	-2.86411e+007
9.13086	-1.21976e+007	0	-3.10462e+007
9.14085	-1.32234e+007	0	-3.3657e+007
9.15084	-1.43371e+007	0	-3.64916e+007
9.16083	-1.55463e+007	0	-3.95693e+007
9.17082	-1.68594e+007	0	-4.29115e+007
9.18081	-1.82854e+007	0	-4.65412e+007
9.1908	-1.98344e+007	0	-5.04836e+007
9.20079	-2.15169e+007	0	-5.47661e+007
9.21078	-2.33448e+007	0	-5.94187e+007
9.22077	-2.53309e+007	0	-6.44738e+007
9.23076	-2.74891e+007	0	-6.99668e+007
9.24075	-2.98344e+007	0	-7.59364e+007
9.25074	-3.23836e+007	0	-8.24246e+007
9.26073	-3.51544e+007	0	-8.94772e+007
9.27072	-3.81667e+007	0	-9.71442e+007
9.28071	-4.14418e+007	0	-1.0548e+008
9.2907	-4.50029e+007	0	-1.14544e+008
9.30069	-4.88756e+007	0	-1.24401e+008
9.31068	-5.30874e+007	0	-1.35121e+008
9.32067	-5.76688e+007	0	-1.46782e+008
9.33066	-6.26525e+007	0	-1.59467e+008
9.34065	-6.80745e+007	0	-1.73267e+008
9.35064	-7.39741e+007	0	-1.88283e+008
9.36063	-8.03941e+007	0	-2.04624e+008
9.37062	-8.73809e+007	0	-2.22407e+008
9.38061	-9.49857e+007	0	-2.41763e+008
9.3906	-1.03264e+008	0	-2.62833e+008
9.40059	-1.12276e+008	0	-2.85772e+008
9.41058	-1.22089e+008	0	-3.10747e+008
9.42057	-1.32773e+008	0	-3.37943e+008
9.43056	-1.4441e+008	0	-3.6756e+008
9.44055	-1.57083e+008	0	-3.99818e+008
9.45054	-1.70888e+008	0	-4.34955e+008
9.46053	-1.85927e+008	0	-4.73233e+008
9.47052	-2.02312e+008	0	-5.14938e+008
9.48051	-2.20166e+008	0	-5.6038e+008
9.4905	-2.39622e+008	0	-6.09901e+008
9.50049	-2.60827e+008	0	-6.63873e+008
9.51048	-2.8394e+008	0	-7.22701e+008
9.52047	-3.09135e+008	0	-7.8683e+008
9.53046	-3.36604e+008	0	-8.56745e+008
9.54045	-3.66555e+008	0	-9.32978e+008
9.55044	-3.99215e+008	0	-1.01611e+009
9.56043	-4.34834e+008	0	-1.10677e+009
9.57042	-4.73684e+008	0	-1.20565e+009
9.58041	-5.16062e+008	0	-1.31351e+009
9.5904	-5.62294e+008	0	-1.43118e+009
9.60039	-6.12737e+008	0	-1.55957e+009
9.61038	-6.67779e+008	0	-1.69967e+009
9.62037	-7.27847e+008	0	-1.85256e+009
9.63036	-7.93406e+008	0	-2.01942e+009
9.64035	-8.64967e+008	0	-2.20156e+009
9.65034	-9.43087e+008	0	-2.4004e+009
9.66033	-1.02838e+009	0	-2.61749e+009
9.67032	-1.12151e+009	0	-2.85452e+009
9.68031	-1.2232e+009	0	-3.11337e+009
9.6903	-1.33427e+009	0	-3.39607e+009
9.70029	-1.45559e+009	0	-3.70485e+009
9.71028	-1.58811e+009	0	-4.04215e+009
9.72027	-1.73289e+009	0	-4.41066e+009
9.73026	-1.89108e+009	0	-4.81329e+009
9.74025	-2.06394e+009	0	-5.25327e+009
9.75024	-2.25285e+009	0	-5.73409e+009
9.76023	-2.45933e+009	0	-6.25963e+009
9.77022	-2.68502e+009	0	-6.83408e+009
9.78021	-2.93176e+009	0	-7.46209e+009
9.7902	-3.20152e+009	0	-8.14871e+009
9.80019	-3.4965e+009	0	-8.89949e+009
9.81018	-3.81907e+009	0	-9.72053e+009
9.82017	-4.17187e+009	0	-1.06185e+010
9.83016	-4.55776e+009	0	-1.16007e+010
9.84015	-4.9799e+009	0	-1.26751e+010
9.85014	-5.44175e+009	0	-1.38507e+010
9.86013	-5.94708e+009	0	-1.51369e+010
9.87012	-6.50006e+009	0	-1.65443e+010
9.88011	-7.10524e+009	0	-1.80847e+010
9.8901	-7.76763e+009	0	-1.97706e+010
9.90009	-8.49271e+009	0	-2.16162e+010
9.91008	-9.28651e+009	0	-2.36366e+010
9.92007	-1.01556e+010	0	-2.58487e+010
9.93006	-1.11073e+010	0	-2.82709e+010
9.94005	-1.21495e+010	0	-3.09236e+010
9.95004	-1.3291e+010	0	-3.38289e+010
9.96003	-1.45413e+010	0	-3.70113e+010
9.97002	-1.5911e+010	0	-4.04975e+010
9.98001	-1.74116e+010	0	-4.4317e+010
9.99	-1.90559e+010	0	-4.85021e+010
