0	0	0	0
0.00999	0.0224289	0.0224289	0.00997953
0.01998	0.0447168	0.0447168	0.0198964
0.02997	0.0667237	0.0667237	0.0296882
0.03996	0.0883113	0.0883113	0.0392934
0.04995	0.109344	0.109344	0.0486517
0.05994	0.12969	0.12969	0.0577043
0.06993	0.14922	0.14922	0.0663943
0.07992	0.167813	0.167813	0.0746671
0.08991	0.185352	0.185352	0.0824708
0.0999	0.201726	0.201726	0.0897563
0.10989	0.216832	0.216832	0.0964778
0.11988	0.230577	0.230577	0.102593
0.12987	0.242872	0.242872	0.108064
0.13986	0.253642	0.253642	0.112856
0.14985	0.262819	0.262819	0.116939
0.15984	0.270344	0.270344	0.120287
0.16983	0.276171	0.276171	0.12288
0.17982	0.280264	0.280264	0.124701
0.18981	0.282596	0.282596	0.125739
0.1998	0.283154	0.283154	0.125987
0.20979	0.281933	0.281933	0.125444
0.21978	0.278942	0.278942	0.124113
0.22977	0.274199	0.274199	0.122003
0.23976	0.267735	0.267735	0.119126
0.24975	0.259589	0.259589	0.115502
0.25974	0.249814	0.249814	0.111153
0.26973	0.238471	0.238471	0.106106
0.27972	0.225631	0.225631	0.100393
0.28971	0.211375	0.211375	0.0940497
0.2997	0.195793	0.195793	0.0871164
0.30969	0.178982	0.178982	0.0796364
0.31968	0.161047	0.161047	0.0716567
0.32967	0.142103	0.142103	0.0632275
0.33966	0.122267	0.122267	0.0544016
0.34965	0.101664	0.101664	0.0452345
0.35964	0.0804233	0.0804233	0.0357837
0.36963	0.0586784	0.0586784	0.0261085
0.37962	0.0365655	0.0365655	0.0162695
0.38961	0.0142234	0.0142234	0.00632859
0.3996	-0.00820786	-0.00820786	-0.00365202
0.40959	-0.0305877	-0.0305877	-0.0136097
0.41958	-0.0527758	-0.0527758	-0.0234822
0.42957	-0.0746333	-0.0746333	-0.0332074
0.43956	-0.0960231	-0.0960231	-0.0427247
0.44955	-0.116811	-0.116811	-0.0519742
0.45954	-0.136868	-0.136868	-0.0608982
0.46953	-0.156067	-0.156067	-0.0694408
0.47952	-0.174289	-0.174289	-0.0775485
0.48951	-0.19142	-0.19142	-0.0851708
0.4995	-0.207353	-0.207353	-0.0922598
0.50949	-0.221987	-0.221987	-0.0987714
0.51948	-0.235233	-0.235233	-0.104665
0.52947	-0.247006	-0.247006	-0.109903
0.53946	-0.257234	-0.257234	-0.114454
0.54945	-0.265854	-0.265854	-0.118289
0.55944	-0.27281	-0.27281	-0.121385
0.56943	-0.278061	-0.278061	-0.123721
0.57942	-0.281573	-0.281573	-0.125284
0.58941	-0.283326	-0.283326	-0.126064
0.5994	-0.283308	-0.283308	-0.126055
0.60939	-0.281519	-0.281519	-0.12526
0.61938	-0.277972	-0.277972	-0.123681
0.62937	-0.272689	-0.272689	-0.121331
0.63936	-0.265703	-0.265703	-0.118222
0.64935	-0.257058	-0.257058	-0.114376
0.65934	-0.246809	-0.246809	-0.109816
0.66933	-0.235019	-0.235019	-0.10457
0.67932	-0.221763	-0.221763	-0.0986717
0.68931	-0.207124	-0.207124	-0.092158
0.6993	-0.191193	-0.191193	-0.0850696
0.70929	-0.174069	-0.174069	-0.0774507
0.71928	-0.155861	-0.155861	-0.069349
0.72927	-0.136681	-0.136681	-0.0608151
0.73926	-0.11665	-0.11665	-0.0519022
0.74925	-0.0958914	-0.0958914	-0.0426661
0.75924	-0.0745359	-0.0745359	-0.0331641
0.76923	-0.0527164	-0.0527164	-0.0234557
0.77922	-0.0305687	-0.0305687	-0.0136013
0.78921	-0.00823078	-0.00823078	-0.00366222
0.7992	0.0141584	0.0141584	0.00629965
0.80919	0.0364595	0.0364595	0.0162223
0.81918	0.0585338	0.0585338	0.0260441
0.82917	0.0802443	0.0802443	0.035704
0.83916	0.101456	0.101456	0.045142
0.84915	0.122037	0.122037	0.0542995
0.85914	0.14186	0.14186	0.0631196
0.86913	0.160803	0.160803	0.0715478
0.87912	0.178746	0.178746	0.0795317
0.88911	0.195581	0.195581	0.087022
0.8991	0.211201	0.211201	0.0939723
0.90909	0.225512	0.225512	0.10034
0.91908	0.238424	0.238424	0.106085
0.92907	0.249858	0.249858	0.111172
0.93906	0.259743	0.259743	0.11557
0.94905	0.268019	0.268019	0.119253
0.95904	0.274634	0.274634	0.122196
0.96903	0.279549	0.279549	0.124383
0.97902	0.282734	0.282734	0.1258
0.98901	0.284169	0.284169	0.126439
0.999	0.283846	0.283846	0.126295
1.00899	0.281767	0.281767	0.12537
1.01898	0.277946	0.277946	0.12367
1.02897	0.272408	0.272408	0.121205
1.03896	0.265186	0.265186	0.117992
1.04895	0.256326	0.256326	0.11405
1.05894	0.245884	0.245884	0.109404
1.06893	0.233924	0.233924	0.104083
1.07892	0.220521	0.220521	0.0981191
1.08891	0.205758	0.205758	0.0915502
1.0989	0.189726	0.189726	0.0844169
1.10889	0.172524	0.172524	0.0767633
1.11888	0.15426	0.15426	0.0686367
1.12887	0.135045	0.135045	0.0600873
1.13886	0.114999	0.114999	0.051168
1.14885	0.0942454	0.0942454	0.0419337
1.15884	0.0729117	0.0729117	0.0324415
1.16883	0.0511296	0.0511296	0.0227497
1.17882	0.0290331	0.0290331	0.0129181
1.18881	0.00675824	0.00675824	0.00300702
1.1988	-0.0155582	-0.0155582	-0.00692249
1.20879	-0.0377791	-0.0377791	-0.0168095
1.21878	-0.0597681	-0.0597681	-0.0265933
1.22877	-0.0813904	-0.0813904	-0.036214
1.23876	-0.102513	-0.102513	-0.0456125
1.24875	-0.123008	-0.123008	-0.0547314
1.25874	-0.142749	-0.142749	-0.0635149
1.26873	-0.161615	-0.161615	-0.0719092
1.27872	-0.179492	-0.179492	-0.0798633
1.28871	-0.19627	-0.19627	-0.0873285
1.2987	-0.211847	-0.211847	-0.0942594
1.30869	-0.226128	-0.226128	-0.100614
1.31868	-0.239027	-0.239027	-0.106353
1.32867	-0.250466	-0.250466	-0.111443
1.33866	-0.260374	-0.260374	-0.115851
1.34865	-0.268693	-0.268693	-0.119553
1.35864	-0.275372	-0.275372	-0.122525
1.36863	-0.280372	-0.280372	-0.124749
1.37862	-0.283662	-0.283662	-0.126213
1.38861	-0.285223	-0.285223	-0.126907
1.3986	-0.285046	-0.285046	-0.126829
1.40859	-0.283134	-0.283134	-0.125978
1.41858	-0.279499	-0.279499	-0.124361
1.42857	-0.274163	-0.274163	-0.121987
1.43856	-0.267161	-0.267161	-0.118871
1.44855	-0.258534	-0.258534	-0.115033
1.45854	-0.248337	-0.248337	-0.110496
1.46853	-0.236633	-0.236633	-0.105288
1.47852	-0.223492	-0.223492	-0.0994407
1.48851	-0.208995	-0.208995	-0.0929905
1.4985	-0.193231	-0.193231	-0.0859765
1.50849	-0.176296	-0.176296	-0.0784415
1.51848	-0.158293	-0.158293	-0.0704313
1.52847	-0.139332	-0.139332	-0.0619947
1.53846	-0.119528	-0.119528	-0.053183
1.54845	-0.0990009	-0.0990009	-0.0440496
1.55844	-0.0778753	-0.0778753	-0.03465
1.56843	-0.0562792	-0.0562792	-0.0250409
1.57842	-0.0343432	-0.0343432	-0.0152807
1.58841	-0.0121999	-0.0121999	-0.00542822
1.5984	0.0100171	0.0100171	0.00445701
1.60839	0.0321736	0.0321736	0.0143154
1.61838	0.0541363	0.0541363	0.0240875
1.62837	0.0757729	0.0757729	0.0337145
1.63836	0.0969534	0.0969534	0.0431386
1.64835	0.117551	0.117551	0.0523031
1.65834	0.137441	0.137441	0.0611532
1.66833	0.156505	0.156505	0.0696357
1.67832	0.17463	0.17463	0.0777
1.68831	0.191706	0.191706	0.0852978
1.6983	0.207631	0.207631	0.0923839
1.70829	0.222312	0.222312	0.0989159
1.71828	0.235661	0.235661	0.104855
1.72827	0.247597	0.247597	0.110166
1.73826	0.258052	0.258052	0.114818
1.74825	0.266963	0.266963	0.118783
1.75824	0.274278	0.274278	0.122038
1.76823	0.279953	0.279953	0.124563
1.77822	0.283957	0.283957	0.126344
1.78821	0.286266	0.286266	0.127371
1.7982	0.286867	0.286867	0.127639
1.80819	0.285758	0.285758	0.127145
1.81818	0.282946	0.282946	0.125894
1.82817	0.278449	0.278449	0.123894
1.83816	0.272296	0.272296	0.121156
1.84815	0.264523	0.264523	0.117697
1.85814	0.255178	0.255178	0.113539
1.86813	0.244317	0.244317	0.108707
1.87812	0.232006	0.232006	0.103229
1.88811	0.218319	0.218319	0.0971391
1.8981	0.203337	0.203337	0.0904731
1.90809	0.187151	0.187151	0.0832711
1.91808	0.169856	0.169856	0.075576
1.92807	0.151556	0.151556	0.0674336
1.93806	0.13236	0.13236	0.0588926
1.94805	0.112382	0.112382	0.0500034
1.95804	0.0917401	0.0917401	0.040819
1.96803	0.0705568	0.0705568	0.0313937
1.97802	0.0489574	0.0489574	0.0217832
1.98801	0.0270693	0.0270693	0.0120443
1.998	0.00502184	0.00502184	0.00223443
2.00799	-0.0170552	-0.0170552	-0.00758858
2.01798	-0.039032	-0.039032	-0.017367
2.02797	-0.0607793	-0.0607793	-0.0270432
2.03796	-0.0821696	-0.0821696	-0.0365607
2.04795	-0.103078	-0.103078	-0.0458635
2.05794	-0.123381	-0.123381	-0.0548974
2.06793	-0.142961	-0.142961	-0.0636094
2.07792	-0.161704	-0.161704	-0.0719488
2.08791	-0.1795	-0.1795	-0.0798671
2.0979	-0.196246	-0.196246	-0.0873182
2.10789	-0.211846	-0.211846	-0.094259
2.11788	-0.226207	-0.226207	-0.100649
2.12787	-0.239249	-0.239249	-0.106452
2.13786	-0.250895	-0.250895	-0.111634
2.14785	-0.261079	-0.261079	-0.116165
2.15784	-0.269742	-0.269742	-0.120019
2.16783	-0.276835	-0.276835	-0.123175
2.17782	-0.282319	-0.282319	-0.125615
2.18781	-0.286161	-0.286161	-0.127325
2.1978	-0.288343	-0.288343	-0.128296
2.20779	-0.288851	-0.288851	-0.128522
2.21778	-0.287684	-0.287684	-0.128003
2.22777	-0.28485	-0.28485	-0.126742
2.23776	-0.280368	-0.280368	-0.124747
2.24775	-0.274263	-0.274263	-0.122031
2.25774	-0.266574	-0.266574	-0.11861
2.26773	-0.257344	-0.257344	-0.114503
2.27772	-0.24663	-0.24663	-0.109736
2.28771	-0.234493	-0.234493	-0.104336
2.2977	-0.221004	-0.221004	-0.0983341
2.30769	-0.206244	-0.206244	-0.0917665
2.31768	-0.190297	-0.190297	-0.0846709
2.32767	-0.173256	-0.173256	-0.0770886
2.33766	-0.155219	-0.155219	-0.0690635
2.34765	-0.136292	-0.136292	-0.060642
2.35764	-0.116583	-0.116583	-0.0518728
2.36763	-0.0962067	-0.0962067	-0.0428064
2.37762	-0.0752791	-0.0752791	-0.0334948
2.38761	-0.0539209	-0.0539209	-0.0239917
2.3976	-0.0322545	-0.0322545	-0.0143514
2.40759	-0.0104039	-0.0104039	-0.00462914
2.41758	0.0115061	0.0115061	0.00511954
2.42757	0.0333505	0.0333505	0.014839
2.43756	0.055005	0.055005	0.024474
2.44755	0.0763464	0.0763464	0.0339697
2.45754	0.0972536	0.0972536	0.0432722
2.46753	0.117608	0.117608	0.0523288
2.47752	0.137295	0.137295	0.0610884
2.48751	0.156204	0.156204	0.0695015
2.4975	0.174227	0.174227	0.0775208
2.50749	0.191263	0.191263	0.0851011
2.51748	0.207218	0.207218	0.0921999
2.52747	0.222001	0.222001	0.0987777
2.53746	0.235531	0.235531	0.104798
2.54745	0.247732	0.247732	0.110226
2.55744	0.258537	0.258537	0.115034
2.56743	0.267885	0.267885	0.119193
2.57742	0.275726	0.275726	0.122682
2.58741	0.282017	0.282017	0.125481
2.5974	0.286724	0.286724	0.127575
2.60739	0.289822	0.289822	0.128954
2.61738	0.291295	0.291295	0.129609
2.62737	0.291137	0.291137	0.129539
2.63736	0.28935	0.28935	0.128744
2.64735	0.285945	0.285945	0.127229
2.65734	0.280943	0.280943	0.125003
2.66733	0.274373	0.274373	0.12208
2.67732	0.266273	0.266273	0.118476
2.68731	0.256691	0.256691	0.114213
2.6973	0.245681	0.245681	0.109314
2.70729	0.233304	0.233304	0.103807
2.71728	0.219633	0.219633	0.0977237
2.72727	0.204742	0.204742	0.0910983
2.73726	0.188717	0.188717	0.0839681
2.74725	0.171647	0.171647	0.0763729
2.75724	0.153627	0.153627	0.0683553
2.76723	0.134759	0.134759	0.0599599
2.77722	0.115146	0.115146	0.0512335
2.78721	0.0948989	0.0948989	0.0422245
2.7972	0.0741285	0.0741285	0.0329829
2.80719	0.0529501	0.0529501	0.0235597
2.81718	0.0314805	0.0314805	0.014007
2.82717	0.00983796	0.00983796	0.00437732
2.83716	-0.0118586	-0.0118586	-0.00527637
2.84715	-0.0334901	-0.0334901	-0.0149011
2.85714	-0.0549383	-0.0549383	-0.0244443
2.86713	-0.076086	-0.076086	-0.0338538
2.87712	-0.0968179	-0.0968179	-0.0430783
2.88711	-0.117021	-0.117021	-0.0520677
2.8971	-0.136587	-0.136587	-0.0607731
2.90709	-0.155408	-0.155408	-0.0691475
2.91708	-0.173384	-0.173384	-0.0771457
2.92707	-0.190417	-0.190417	-0.0847245
2.93706	-0.206416	-0.206416	-0.0918433
2.94705	-0.221296	-0.221296	-0.0984639
2.95704	-0.234977	-0.234977	-0.104551
2.96703	-0.247386	-0.247386	-0.110072
2.97702	-0.258458	-0.258458	-0.114999
2.98701	-0.268134	-0.268134	-0.119304
2.997	-0.276363	-0.276363	-0.122965
3.00699	-0.283103	-0.283103	-0.125964
3.01698	-0.28832	-0.28832	-0.128285
3.02697	-0.291986	-0.291986	-0.129917
3.03696	-0.294084	-0.294084	-0.13085
3.04695	-0.294605	-0.294605	-0.131082
3.05694	-0.293547	-0.293547	-0.130611
3.06693	-0.290918	-0.290918	-0.129441
3.07692	-0.286733	-0.286733	-0.12758
3.08691	-0.281018	-0.281018	-0.125036
3.0969	-0.273803	-0.273803	-0.121826
3.10689	-0.26513	-0.26513	-0.117967
3.11688	-0.255045	-0.255045	-0.11348
3.12687	-0.243605	-0.243605	-0.10839
3.13686	-0.230872	-0.230872	-0.102725
3.14685	-0.216914	-0.216914	-0.0965142
3.15684	-0.201808	-0.201808	-0.0897926
3.16683	-0.185633	-0.185633	-0.082596
3.17682	-0.168478	-0.168478	-0.0749629
3.18681	-0.150434	-0.150434	-0.0669342
3.1968	-0.131596	-0.131596	-0.0585527
3.20679	-0.112066	-0.112066	-0.0498628
3.21678	-0.0919462	-0.0919462	-0.0409107
3.22677	-0.0713436	-0.0713436	-0.0317437
3.23676	-0.0503667	-0.0503667	-0.0224102
3.24675	-0.0291258	-0.0291258	-0.0129593
3.25674	-0.00773255	-0.00773255	-0.00344053
3.26673	0.0137012	0.0137012	0.00609622
3.27672	0.0350634	0.0350634	0.0156012
3.28671	0.0562428	0.0562428	0.0250248
3.2967	0.0771294	0.0771294	0.0343181
3.30669	0.097615	0.097615	0.043433
3.31668	0.117594	0.117594	0.0523223
3.32667	0.136962	0.136962	0.0609401
3.33666	0.155621	0.155621	0.0692423
3.34665	0.173475	0.173475	0.0771863
3.35664	0.190433	0.190433	0.0847314
3.36663	0.206407	0.206407	0.0918392
3.37662	0.221318	0.221318	0.0984737
3.38661	0.23509	0.23509	0.104601
3.3966	0.247653	0.247653	0.110191
3.40659	0.258945	0.258945	0.115216
3.41658	0.26891	0.26891	0.119649
3.42657	0.277497	0.277497	0.12347
3.43656	0.284666	0.284666	0.12666
3.44655	0.290381	0.290381	0.129203
3.45654	0.294615	0.294615	0.131086
3.46653	0.297349	0.297349	0.132303
3.47652	0.29857	0.29857	0.132846
3.48651	0.298275	0.298275	0.132715
3.4965	0.296467	0.296467	0.131911
3.50649	0.293158	0.293158	0.130438
3.51648	0.288365	0.288365	0.128306
3.52647	0.282116	0.282116	0.125525
3.53646	0.274445	0.274445	0.122112
3.54645	0.26539	0.26539	0.118083
3.55644	0.255001	0.255001	0.113461
3.56643	0.243331	0.243331	0.108268
3.57642	0.23044	0.23044	0.102532
3.58641	0.216395	0.216395	0.0962833
3.5964	0.201268	0.201268	0.0895526
3.60639	0.185136	0.185136	0.0823746
3.61638	0.16808	0.16808	0.0747857
3.62637	0.150187	0.150187	0.0668245
3.63636	0.131547	0.131547	0.0585309
3.64635	0.112254	0.112254	0.0499466
3.65634	0.0924047	0.0924047	0.0411147
3.66633	0.0720976	0.0720976	0.0320792
3.67632	0.0514341	0.0514341	0.0228852
3.68631	0.0305166	0.0305166	0.0135781
3.6963	0.00944863	0.00944863	0.00420409
3.70629	-0.0116658	-0.0116658	-0.00519062
3.71628	-0.032723	-0.032723	-0.0145598
3.72627	-0.0536196	-0.0536196	-0.0238576
3.73626	-0.0742536	-0.0742536	-0.0330385
3.74625	-0.0945243	-0.0945243	-0.0420578
3.75624	-0.114333	-0.114333	-0.0508716
3.76623	-0.133585	-0.133585	-0.0594374
3.77622	-0.152186	-0.152186	-0.0677137
3.78621	-0.170047	-0.170047	-0.0756608
3.7962	-0.187082	-0.187082	-0.0832406
3.80619	-0.203211	-0.203211	-0.0904169
3.81618	-0.218356	-0.218356	-0.0971556
3.82617	-0.232446	-0.232446	-0.103425
3.83616	-0.245415	-0.245415	-0.109195
3.84615	-0.257202	-0.257202	-0.11444
3.85614	-0.267751	-0.267751	-0.119134
3.86613	-0.277016	-0.277016	-0.123256
3.87612	-0.284952	-0.284952	-0.126787
3.88611	-0.291524	-0.291524	-0.129711
3.8961	-0.296704	-0.296704	-0.132016
3.90609	-0.300468	-0.300468	-0.133691
3.91608	-0.302801	-0.302801	-0.134729
3.92607	-0.303695	-0.303695	-0.135126
3.93606	-0.303146	-0.303146	-0.134882
3.94605	-0.301161	-0.301161	-0.133999
3.95604	-0.297751	-0.297751	-0.132482
3.96603	-0.292935	-0.292935	-0.130339
3.97602	-0.286737	-0.286737	-0.127581
3.98601	-0.279189	-0.279189	-0.124223
3.996	-0.270329	-0.270329	-0.120281
4.00599	-0.260201	-0.260201	-0.115774
4.01598	-0.248854	-0.248854	-0.110726
4.02597	-0.236343	-0.236343	-0.105159
4.03596	-0.22273	-0.22273	-0.0991016
4.04595	-0.208078	-0.208078	-0.0925824
4.05594	-0.192458	-0.192458	-0.0856325
4.06593	-0.175944	-0.175944	-0.078285
4.07592	-0.158615	-0.158615	-0.0705745
4.08591	-0.140552	-0.140552	-0.0625374
4.0959	-0.12184	-0.12184	-0.0542115
4.10589	-0.102565	-0.102565	-0.0456355
4.11588	-0.0828187	-0.0828187	-0.0368495
4.12587	-0.0626916	-0.0626916	-0.0278941
4.13586	-0.042277	-0.042277	-0.0188108
4.14585	-0.0216687	-0.0216687	-0.00964132
4.15584	-0.000961433	-0.000961433	-0.000427782
4.16583	0.0197503	0.0197503	0.00878772
4.17582	0.0403721	0.0403721	0.0179632
4.18581	0.0608104	0.0608104	0.0270571
4.1958	0.0809729	0.0809729	0.0360282
4.20579	0.100769	0.100769	0.0448362
4.21578	0.120109	0.120109	0.0534415
4.22577	0.138907	0.138907	0.0618057
4.23576	0.15708	0.15708	0.0698915
4.24575	0.174547	0.174547	0.0776632
4.25574	0.191231	0.191231	0.0850865
4.26573	0.207058	0.207058	0.0921288
4.27572	0.22196	0.22196	0.0987593
4.28571	0.235872	0.235872	0.104949
4.2957	0.248733	0.248733	0.110672
4.30569	0.260489	0.260489	0.115903
4.31568	0.27109	0.27109	0.120619
4.32567	0.280491	0.280491	0.124802
4.33566	0.288652	0.288652	0.128433
4.34565	0.295541	0.295541	0.131498
4.35564	0.301129	0.301129	0.133985
4.36563	0.305394	0.305394	0.135882
4.37562	0.30832	0.30832	0.137185
4.38561	0.309898	0.309898	0.137887
4.3956	0.310123	0.310123	0.137986
4.40559	0.308996	0.308996	0.137485
4.41558	0.306525	0.306525	0.136386
4.42557	0.302724	0.302724	0.134695
4.43556	0.297612	0.297612	0.13242
4.44555	0.291214	0.291214	0.129573
4.45554	0.283559	0.283559	0.126167
4.46553	0.274684	0.274684	0.122218
4.47552	0.264629	0.264629	0.117745
4.48551	0.25344	0.25344	0.112766
4.4955	0.241166	0.241166	0.107305
4.50549	0.227863	0.227863	0.101386
4.51548	0.213589	0.213589	0.0950345
4.52547	0.198407	0.198407	0.0882795
4.53546	0.182383	0.182383	0.0811499
4.54545	0.165588	0.165588	0.0736768
4.55544	0.148093	0.148093	0.0658926
4.56543	0.129973	0.129973	0.0578305
4.57542	0.111307	0.111307	0.0495253
4.58541	0.0921743	0.0921743	0.0410122
4.5954	0.0726553	0.0726553	0.0323274
4.60539	0.0528326	0.0528326	0.0235074
4.61538	0.0327896	0.0327896	0.0145895
4.62537	0.0126102	0.0126102	0.00561081
4.63536	-0.00762156	-0.00762156	-0.00339115
4.64535	-0.0278218	-0.0278218	-0.0123791
4.65534	-0.0479071	-0.0479071	-0.0213159
4.66533	-0.0677949	-0.0677949	-0.0301648
4.67532	-0.0874039	-0.0874039	-0.0388896
4.68531	-0.106654	-0.106654	-0.0474549
4.6953	-0.125468	-0.125468	-0.0558258
4.70529	-0.143769	-0.143769	-0.0639686
4.71528	-0.161483	-0.161483	-0.0718507
4.72527	-0.178542	-0.178542	-0.0794406
4.73526	-0.194875	-0.194875	-0.0867082
4.74525	-0.21042	-0.21042	-0.0936247
4.75524	-0.225115	-0.225115	-0.100163
4.76523	-0.238903	-0.238903	-0.106298
4.77522	-0.251731	-0.251731	-0.112006
4.78521	-0.263549	-0.263549	-0.117264
4.7952	-0.274313	-0.274313	-0.122053
4.80519	-0.283982	-0.283982	-0.126355
4.81518	-0.29252	-0.29252	-0.130155
4.82517	-0.299897	-0.299897	-0.133437
4.83516	-0.306085	-0.306085	-0.13619
4.84515	-0.311063	-0.311063	-0.138405
4.85514	-0.314815	-0.314815	-0.140074
4.86513	-0.317328	-0.317328	-0.141193
4.87512	-0.318596	-0.318596	-0.141757
4.88511	-0.318618	-0.318618	-0.141766
4.8951	-0.317395	-0.317395	-0.141222
4.90509	-0.314936	-0.314936	-0.140128
4.91508	-0.311253	-0.311253	-0.13849
4.92507	-0.306365	-0.306365	-0.136314
4.93506	-0.300292	-0.300292	-0.133612
4.94505	-0.293061	-0.293061	-0.130395
4.95504	-0.284704	-0.284704	-0.126677
4.96503	-0.275254	-0.275254	-0.122472
4.97502	-0.264751	-0.264751	-0.117799
4.98501	-0.253238	-0.253238	-0.112676
4.995	-0.240761	-0.240761	-0.107125
5.00499	-0.22737	-0.22737	-0.101166
5.01498	-0.213118	-0.213118	-0.0948253
5.02497	-0.198062	-0.198062	-0.0881259
5.03496	-0.182259	-0.182259	-0.0810947
5.04495	-0.165772	-0.165772	-0.0737589
5.05494	-0.148664	-0.148664	-0.0661467
5.06493	-0.131	-0.131	-0.0582874
5.07492	-0.112848	-0.112848	-0.050211
5.08491	-0.0942773	-0.0942773	-0.0419479
5.0949	-0.0753567	-0.0753567	-0.0335293
5.10489	-0.0561577	-0.0561577	-0.0249869
5.11488	-0.0367516	-0.0367516	-0.0163523
5.12487	-0.0172105	-0.0172105	-0.00765765
5.13486	0.0023938	0.0023938	0.0010651
5.14485	0.0219894	0.0219894	0.00978398
5.15484	0.0415048	0.0415048	0.0184672
5.16483	0.0608694	0.0608694	0.0270833
5.17482	0.0800135	0.0800135	0.0356013
5.18481	0.0988685	0.0988685	0.0439907
5.1948	0.117367	0.117367	0.0522216
5.20479	0.135444	0.135444	0.0602648
5.21478	0.153036	0.153036	0.0680921
5.22477	0.170081	0.170081	0.0756762
5.23476	0.186521	0.186521	0.0829908
5.24475	0.202298	0.202298	0.0900107
5.25474	0.217358	0.217358	0.0967118
5.26473	0.231652	0.231652	0.103071
5.27472	0.24513	0.24513	0.109068
5.28471	0.257747	0.257747	0.114682
5.2947	0.269463	0.269463	0.119895
5.30469	0.280239	0.280239	0.12469
5.31468	0.29004	0.29004	0.129051
5.32467	0.298835	0.298835	0.132964
5.33466	0.306598	0.306598	0.136418
5.34465	0.313303	0.313303	0.139402
5.35464	0.318933	0.318933	0.141907
5.36463	0.32347	0.32347	0.143925
5.37462	0.326903	0.326903	0.145453
5.38461	0.329223	0.329223	0.146485
5.3946	0.330427	0.330427	0.147021
5.40459	0.330512	0.330512	0.147059
5.41458	0.329484	0.329484	0.146601
5.42457	0.327348	0.327348	0.145651
5.43456	0.324116	0.324116	0.144213
5.44455	0.319801	0.319801	0.142293
5.45454	0.314423	0.314423	0.1399
5.46453	0.308001	0.308001	0.137042
5.47452	0.300561	0.300561	0.133732
5.48451	0.29213	0.29213	0.129981
5.4945	0.28274	0.28274	0.125803
5.50449	0.272425	0.272425	0.121213
5.51448	0.26122	0.26122	0.116228
5.52447	0.249166	0.249166	0.110864
5.53446	0.236305	0.236305	0.105142
5.54445	0.222681	0.222681	0.0990799
5.55444	0.208339	0.208339	0.0926988
5.56443	0.19333	0.19333	0.0860205
5.57442	0.177702	0.177702	0.0790672
5.58441	0.161509	0.161509	0.071862
5.5944	0.144803	0.144803	0.0644287
5.60439	0.127638	0.127638	0.0567916
5.61438	0.110072	0.110072	0.0489755
5.62437	0.0921594	0.0921594	0.0410056
5.63436	0.0739586	0.0739586	0.0329073
5.64435	0.0555272	0.0555272	0.0247064
5.65434	0.0369232	0.0369232	0.0164287
5.66433	0.0182049	0.0182049	0.00810011
5.67432	-0.000569634	-0.000569634	-0.000253454
5.68431	-0.0193424	-0.0193424	-0.00860626
5.6943	-0.0380561	-0.0380561	-0.0169327
5.70429	-0.0566536	-0.0566536	-0.0252076
5.71428	-0.075079	-0.075079	-0.0334058
5.72427	-0.0932772	-0.0932772	-0.0415029
5.73426	-0.111194	-0.111194	-0.0494748
5.74425	-0.128777	-0.128777	-0.0572981
5.75424	-0.145974	-0.145974	-0.0649499
5.76423	-0.162736	-0.162736	-0.072408
5.77422	-0.179014	-0.179014	-0.079651
5.78421	-0.194763	-0.194763	-0.0866583
5.7942	-0.209938	-0.209938	-0.0934102
5.80419	-0.224497	-0.224497	-0.0998879
5.81418	-0.238399	-0.238399	-0.106073
5.82417	-0.251606	-0.251606	-0.11195
5.83416	-0.264084	-0.264084	-0.117502
5.84415	-0.275798	-0.275798	-0.122714
5.85414	-0.286719	-0.286719	-0.127573
5.86413	-0.296818	-0.296818	-0.132067
5.87412	-0.306069	-0.306069	-0.136183
5.88411	-0.314451	-0.314451	-0.139912
5.8941	-0.321942	-0.321942	-0.143245
5.90409	-0.328526	-0.328526	-0.146175
5.91408	-0.334187	-0.334187	-0.148694
5.92407	-0.338913	-0.338913	-0.150797
5.93406	-0.342696	-0.342696	-0.15248
5.94405	-0.345529	-0.345529	-0.15374
5.95404	-0.347408	-0.347408	-0.154576
5.96403	-0.348332	-0.348332	-0.154988
5.97402	-0.348303	-0.348303	-0.154975
5.98401	-0.347325	-0.347325	-0.154539
5.994	-0.345404	-0.345404	-0.153685
6.00399	-0.342551	-0.342551	-0.152415
6.01398	-0.338776	-0.338776	-0.150736
6.02397	-0.334094	-0.334094	-0.148652
6.03396	-0.328522	-0.328522	-0.146173
6.04395	-0.322078	-0.322078	-0.143306
6.05394	-0.314784	-0.314784	-0.140061
6.06393	-0.306662	-0.306662	-0.136447
6.07392	-0.297737	-0.297737	-0.132476
6.08391	-0.288037	-0.288037	-0.12816
6.0939	-0.27759	-0.27759	-0.123511
6.10389	-0.266427	-0.266427	-0.118544
6.11388	-0.254579	-0.254579	-0.113273
6.12387	-0.242081	-0.242081	-0.107712
6.13386	-0.228966	-0.228966	-0.101877
6.14385	-0.215272	-0.215272	-0.0957835
6.15384	-0.201035	-0.201035	-0.089449
6.16383	-0.186295	-0.186295	-0.0828902
6.17382	-0.171089	-0.171089	-0.0761246
6.18381	-0.155459	-0.155459	-0.06917
6.1938	-0.139444	-0.139444	-0.0620445
6.20379	-0.123087	-0.123087	-0.0547665
6.21378	-0.106428	-0.106428	-0.0473545
6.22377	-0.0895111	-0.0895111	-0.0398272
6.23376	-0.0723769	-0.0723769	-0.0322035
6.24375	-0.0550684	-0.0550684	-0.0245022
6.25374	-0.0376279	-0.0376279	-0.0167422
6.26373	-0.0200976	-0.0200976	-0.00894228
6.27372	-0.0025197	-0.0025197	-0.00112112
6.28371	0.0150642	0.0150642	0.0067027
6.2937	0.0326128	0.0326128	0.0145108
6.30369	0.0500854	0.0500854	0.0222851
6.31368	0.0674417	0.0674417	0.0300076
6.32367	0.0846423	0.0846423	0.0376609
6.33366	0.101649	0.101649	0.0452277
6.34365	0.118423	0.118423	0.0526913
6.35364	0.134928	0.134928	0.0600353
6.36363	0.151129	0.151129	0.0672436
6.37362	0.166991	0.166991	0.0743011
6.38361	0.182479	0.182479	0.0811926
6.3936	0.197563	0.197563	0.0879039
6.40359	0.21221	0.21221	0.0944212
6.41358	0.226392	0.226392	0.100731
6.42357	0.24008	0.24008	0.106822
6.43356	0.253247	0.253247	0.11268
6.44355	0.265869	0.265869	0.118296
6.45354	0.27792	0.27792	0.123658
6.46353	0.289379	0.289379	0.128757
6.47352	0.300226	0.300226	0.133583
6.48351	0.310441	0.310441	0.138128
6.4935	0.320006	0.320006	0.142384
6.50349	0.328906	0.328906	0.146344
6.51348	0.337127	0.337127	0.150002
6.52347	0.344656	0.344656	0.153352
6.53346	0.351481	0.351481	0.156389
6.54345	0.357594	0.357594	0.159109
6.55344	0.362987	0.362987	0.161508
6.56343	0.367654	0.367654	0.163585
6.57342	0.37159	0.37159	0.165336
6.58341	0.374792	0.374792	0.166761
6.5934	0.377259	0.377259	0.167858
6.60339	0.378991	0.378991	0.168629
6.61338	0.37999	0.37999	0.169073
6.62337	0.380258	0.380258	0.169193
6.63336	0.3798	0.3798	0.168989
6.64335	0.378623	0.378623	0.168465
6.65334	0.376732	0.376732	0.167624
6.66333	0.374138	0.374138	0.166469
6.67332	0.370849	0.370849	0.165006
6.68331	0.366876	0.366876	0.163239
6.6933	0.362233	0.362233	0.161172
6.70329	0.356932	0.356932	0.158814
6.71328	0.350987	0.350987	0.156169
6.72327	0.344414	0.344414	0.153244
6.73326	0.33723	0.33723	0.150048
6.74325	0.329451	0.329451	0.146586
6.75324	0.321096	0.321096	0.142869
6.76323	0.312184	0.312184	0.138904
6.77322	0.302734	0.302734	0.134699
6.78321	0.292767	0.292767	0.130264
6.7932	0.282303	0.282303	0.125608
6.80319	0.271365	0.271365	0.120742
6.81318	0.259974	0.259974	0.115673
6.82317	0.248153	0.248153	0.110414
6.83316	0.235925	0.235925	0.104973
6.84315	0.223313	0.223313	0.0993611
6.85314	0.21034	0.21034	0.0935891
6.86313	0.197031	0.197031	0.0876674
6.87312	0.183409	0.183409	0.0816065
6.88311	0.169499	0.169499	0.0754173
6.8931	0.155325	0.155325	0.0691105
6.90309	0.140911	0.140911	0.062697
6.91308	0.12628	0.12628	0.0561874
6.92307	0.111458	0.111458	0.0495925
6.93306	0.0964688	0.0964688	0.042923
6.94305	0.0813355	0.0813355	0.0361896
6.95304	0.0660821	0.0660821	0.0294027
6.96303	0.0507319	0.0507319	0.0225728
6.97302	0.0353083	0.0353083	0.0157101
6.98301	0.019834	0.019834	0.00882497
6.993	0.00433147	0.00433147	0.00192725
7.00299	-0.0111772	-0.0111772	-0.0049732
7.01298	-0.0266703	-0.0266703	-0.0118667
7.02297	-0.0421267	-0.0421267	-0.0187439
7.03296	-0.0575256	-0.0575256	-0.0255956
7.04295	-0.0728469	-0.0728469	-0.0324126
7.05294	-0.0880708	-0.0880708	-0.0391864
7.06293	-0.103178	-0.103178	-0.0459083
7.07292	-0.118151	-0.118151	-0.0525702
7.08291	-0.13297	-0.13297	-0.059164
7.0929	-0.14762	-0.14762	-0.0656821
7.10289	-0.162082	-0.162082	-0.0721171
7.11288	-0.176342	-0.176342	-0.0784617
7.12287	-0.190383	-0.190383	-0.0847092
7.13286	-0.204191	-0.204191	-0.0908531
7.14285	-0.217752	-0.217752	-0.0968871
7.15284	-0.231053	-0.231053	-0.102805
7.16283	-0.244082	-0.244082	-0.108602
7.17282	-0.256825	-0.256825	-0.114272
7.18281	-0.269272	-0.269272	-0.11981
7.1928	-0.281413	-0.281413	-0.125212
7.20279	-0.293238	-0.293238	-0.130474
7.21278	-0.304737	-0.304737	-0.13559
7.22277	-0.315903	-0.315903	-0.140558
7.23276	-0.326727	-0.326727	-0.145374
7.24275	-0.337203	-0.337203	-0.150036
7.25274	-0.347324	-0.347324	-0.154539
7.26273	-0.357085	-0.357085	-0.158882
7.27272	-0.36648	-0.36648	-0.163062
7.28271	-0.375506	-0.375506	-0.167078
7.2927	-0.384159	-0.384159	-0.170928
7.30269	-0.392435	-0.392435	-0.174611
7.31268	-0.400333	-0.400333	-0.178125
7.32267	-0.40785	-0.40785	-0.181469
7.33266	-0.414986	-0.414986	-0.184644
7.34265	-0.421739	-0.421739	-0.187649
7.35264	-0.42811	-0.42811	-0.190484
7.36263	-0.434099	-0.434099	-0.193149
7.37262	-0.439707	-0.439707	-0.195644
7.38261	-0.444936	-0.444936	-0.197971
7.3926	-0.449788	-0.449788	-0.200129
7.40259	-0.454265	-0.454265	-0.202121
7.41258	-0.45837	-0.45837	-0.203948
7.42257	-0.462107	-0.462107	-0.205611
7.43256	-0.46548	-0.46548	-0.207111
7.44255	-0.468492	-0.468492	-0.208452
7.45254	-0.471148	-0.471148	-0.209634
7.46253	-0.473454	-0.473454	-0.21066
7.47252	-0.475415	-0.475415	-0.211532
7.48251	-0.477035	-0.477035	-0.212253
7.4925	-0.478322	-0.478322	-0.212826
7.50249	-0.479282	-0.479282	-0.213252
7.51248	-0.47992	-0.47992	-0.213536
7.52247	-0.480244	-0.480244	-0.213681
7.53246	-0.480261	-0.480261	-0.213688
7.54245	-0.479978	-0.479978	-0.213562
7.55244	-0.479402	-0.479402	-0.213306
7.56243	-0.478541	-0.478541	-0.212923
7.57242	-0.477402	-0.477402	-0.212416
7.58241	-0.475994	-0.475994	-0.21179
7.5924	-0.474325	-0.474325	-0.211047
7.60239	-0.472402	-0.472402	-0.210191
7.61238	-0.470233	-0.470233	-0.209226
7.62237	-0.467828	-0.467828	-0.208156
7.63236	-0.465194	-0.465194	-0.206984
7.64235	-0.462339	-0.462339	-0.205714
7.65234	-0.459273	-0.459273	-0.20435
7.66233	-0.456003	-0.456003	-0.202895
7.67232	-0.452538	-0.452538	-0.201353
7.68231	-0.448886	-0.448886	-0.199728
7.6923	-0.445056	-0.445056	-0.198024
7.70229	-0.441055	-0.441055	-0.196244
7.71228	-0.436893	-0.436893	-0.194392
7.72227	-0.432578	-0.432578	-0.192472
7.73226	-0.428117	-0.428117	-0.190487
7.74225	-0.423519	-0.423519	-0.188441
7.75224	-0.418792	-0.418792	-0.186338
7.76223	-0.413944	-0.413944	-0.184181
7.77222	-0.408982	-0.408982	-0.181973
7.78221	-0.403914	-0.403914	-0.179718
7.7922	-0.398748	-0.398748	-0.17742
7.80219	-0.393491	-0.393491	-0.175081
7.81218	-0.388151	-0.388151	-0.172704
7.82217	-0.382734	-0.382734	-0.170294
7.83216	-0.377249	-0.377249	-0.167854
7.84215	-0.3717	-0.3717	-0.165385
7.85214	-0.366097	-0.366097	-0.162892
7.86213	-0.360444	-0.360444	-0.160376
7.87212	-0.354748	-0.354748	-0.157842
7.88211	-0.349016	-0.349016	-0.155292
7.8921	-0.343254	-0.343254	-0.152728
7.90209	-0.337467	-0.337467	-0.150153
7.91208	-0.331661	-0.331661	-0.14757
7.92207	-0.325842	-0.325842	-0.144981
7.93206	-0.320016	-0.320016	-0.142388
7.94205	-0.314186	-0.314186	-0.139795
7.95204	-0.308359	-0.308359	-0.137202
7.96203	-0.30254	-0.30254	-0.134613
7.97202	-0.296732	-0.296732	-0.132028
7.98201	-0.290941	-0.290941	-0.129452
7.992	-0.28517	-0.28517	-0.126884
8.00199	-0.279424	-0.279424	-0.124328
8.01198	-0.273707	-0.273707	-0.121784
8.02197	-0.268023	-0.268023	-0.119255
8.03196	-0.262374	-0.262374	-0.116741
8.04195	-0.256766	-0.256766	-0.114246
8.05194	-0.2512	-0.2512	-0.111769
8.06193	-0.24568	-0.24568	-0.109313
8.07192	-0.240209	-0.240209	-0.106879
8.08191	-0.23479	-0.23479	-0.104468
8.0919	-0.229425	-0.229425	-0.102081
8.10189	-0.224117	-0.224117	-0.0997189
8.11188	-0.218868	-0.218868	-0.0973834
8.12187	-0.21368	-0.21368	-0.0950751
8.13186	-0.208555	-0.208555	-0.0927949
8.14185	-0.203496	-0.203496	-0.0905437
8.15184	-0.198503	-0.198503	-0.0883222
8.16183	-0.193578	-0.193578	-0.0861311
8.17182	-0.188724	-0.188724	-0.0839712
8.18181	-0.183941	-0.183941	-0.0818429
8.1918	-0.17923	-0.17923	-0.0797468
8.20179	-0.174592	-0.174592	-0.0776833
8.21178	-0.170029	-0.170029	-0.075653
8.22177	-0.165541	-0.165541	-0.0736562
8.23176	-0.161129	-0.161129	-0.0716931
8.24175	-0.156794	-0.156794	-0.0697641
8.25174	-0.152536	-0.152536	-0.0678694
8.26173	-0.148355	-0.148355	-0.0660093
8.27172	-0.144252	-0.144252	-0.0641837
8.28171	-0.140227	-0.140227	-0.0623929
8.2917	-0.13628	-0.13628	-0.0606368
8.30169	-0.132412	-0.132412	-0.0589156
8.31168	-0.128622	-0.128622	-0.0572291
8.32167	-0.12491	-0.12491	-0.0555774
8.33166	-0.121275	-0.121275	-0.0539604
8.34165	-0.117719	-0.117719	-0.052378
8.35164	-0.11424	-0.11424	-0.0508299
8.36163	-0.110837	-0.110837	-0.0493161
8.37162	-0.107512	-0.107512	-0.0478364
8.38161	-0.104262	-0.104262	-0.0463904
8.3916	-0.101088	-0.101088	-0.0449781
8.40159	-0.0979881	-0.0979881	-0.043599
8.41158	-0.0949629	-0.0949629	-0.042253
8.42157	-0.0920112	-0.0920112	-0.0409396
8.43156	-0.0891322	-0.0891322	-0.0396586
8.44155	-0.0863252	-0.0863252	-0.0384097
8.45154	-0.0835894	-0.0835894	-0.0371924
8.46153	-0.0809239	-0.0809239	-0.0360064
8.47152	-0.0783278	-0.0783278	-0.0348513
8.48151	-0.0758003	-0.0758003	-0.0337267
8.4915	-0.0733404	-0.0733404	-0.0326322
8.50149	-0.0709471	-0.0709471	-0.0315673
8.51148	-0.0686195	-0.0686195	-0.0305317
8.52147	-0.0663566	-0.0663566	-0.0295248
8.53146	-0.0641573	-0.0641573	-0.0285463
8.54145	-0.0620208	-0.0620208	-0.0275956
8.55144	-0.0599458	-0.0599458	-0.0266724
8.56143	-0.0579315	-0.0579315	-0.0257761
8.57142	-0.0559767	-0.0559767	-0.0249064
8.58141	-0.0540804	-0.0540804	-0.0240626
8.5914	-0.0522415	-0.0522415	-0.0232444
8.60139	-0.050459	-0.050459	-0.0224513
8.61138	-0.0487318	-0.0487318	-0.0216828
8.62137	-0.0470588	-0.0470588	-0.0209384
8.63136	-0.0454391	-0.0454391	-0.0202178
8.64135	-0.0438715	-0.0438715	-0.0195203
8.65134	-0.0423551	-0.0423551	-0.0188455
8.66133	-0.0408887	-0.0408887	-0.0181931
8.67132	-0.0394714	-0.0394714	-0.0175625
8.68131	-0.0381021	-0.0381021	-0.0169532
8.6913	-0.0367798	-0.0367798	-0.0163649
8.70129	-0.0355035	-0.0355035	-0.015797
8.71128	-0.0342723	-0.0342723	-0.0152492
8.72127	-0.0330852	-0.0330852	-0.014721
8.73126	-0.0319412	-0.0319412	-0.014212
8.74125	-0.0308394	-0.0308394	-0.0137217
8.75124	-0.0297789	-0.0297789	-0.0132499
8.76123	-0.0287588	-0.0287588	-0.012796
8.77122	-0.0277781	-0.0277781	-0.0123596
8.78121	-0.0268361	-0.0268361	-0.0119405
8.7912	-0.0259318	-0.0259318	-0.0115382
8.80119	-0.0250646	-0.0250646	-0.0111523
8.81118	-0.0242335	-0.0242335	-0.0107825
8.82117	-0.0234378	-0.0234378	-0.0104285
8.83116	-0.0226768	-0.0226768	-0.0100899
8.84115	-0.0219497	-0.0219497	-0.00976634
8.85114	-0.0212559	-0.0212559	-0.00945761
8.86113	-0.0205945	-0.0205945	-0.00916336
8.87112	-0.0199651	-0.0199651	-0.00888331
8.88111	-0.019367	-0.019367	-0.00861718
8.8911	-0.0187995	-0.0187995	-0.00836469
8.90109	-0.0182622	-0.0182622	-0.00812561
8.91108	-0.0177545	-0.0177545	-0.0078997
8.92107	-0.0172758	-0.0172758	-0.00768671
8.93106	-0.0168257	-0.0168257	-0.00748646
8.94105	-0.0164038	-0.0164038	-0.00729873
8.95104	-0.0160096	-0.0160096	-0.00712334
8.96103	-0.0156428	-0.0156428	-0.00696013
8.97102	-0.015303	-0.015303	-0.00680894
8.98101	-0.0149899	-0.0149899	-0.00666962
8.991	-0.0147032	-0.0147032	-0.00654206
9.00099	-0.0144427	-0.0144427	-0.00642615
9.01098	-0.0142082	-0.0142082	-0.0063218
9.02097	-0.0139994	-0.0139994	-0.00622893
9.03096	-0.0138164	-0.0138164	-0.00614749
9.04095	-0.0136589	-0.0136589	-0.00607743
9.05094	-0.013527	-0.013527	-0.00601875
9.06093	-0.0134207	-0.0134207	-0.00597142
9.07092	-0.0133399	-0.0133399	-0.00593549
9.08091	-0.0132848	-0.0132848	-0.00591098
9.0909	-0.0132556	-0.0132556	-0.00589795
9.10089	-0.0132523	0	-0.00589648
9.11088	-0.0132752	0	-0.00590669
9.12087	-0.0133247	0	-0.00592869
9.13086	-0.013401	0	-0.00596265
9.14085	-0.0135045	0	-0.00600873
9.15084	-0.0136358	0	-0.00606713
9.16083	-0.0137953	0	-0.0061381
9.17082	-0.0139836	0	-0.00622188
9.18081	-0.0142014	0	-0.00631878
9.1908	-0.0144493	0	-0.0064291
9.20079	-0.0147282	0	-0.0065532
9.21078	-0.015039	0	-0.00669146
9.22077	-0.0153825	0	-0.00684432
9.23076	-0.0157599	0	-0.00701222
9.24075	-0.0161721	0	-0.00719566
9.25074	-0.0166206	0	-0.00739519
9.26073	-0.0171065	0	-0.00761138
9.27072	-0.0176312	0	-0.00784487
9.28071	-0.0181964	0	-0.00809633
9.2907	-0.0188036	0	-0.00836649
9.30069	-0.0194545	0	-0.00865612
9.31068	-0.0201511	0	-0.00896606
9.32067	-0.0208953	0	-0.0092972
9.33066	-0.0216894	0	-0.0096505
9.34065	-0.0225355	0	-0.010027
9.35064	-0.0234362	0	-0.0104277
9.36063	-0.024394	0	-0.0108539
9.37062	-0.0254118	0	-0.0113068
9.38061	-0.0264926	0	-0.0117877
9.3906	-0.0276394	0	-0.0122979
9.40059	-0.0288558	0	-0.0128391
9.41058	-0.0301452	0	-0.0134129
9.42057	-0.0315115	0	-0.0140208
9.43056	-0.0329589	0	-0.0146648
9.44055	-0.0344915	0	-0.0153467
9.45054	-0.0361142	0	-0.0160687
9.46053	-0.0378317	0	-0.0168329
9.47052	-0.0396492	0	-0.0176416
9.48051	-0.0415725	0	-0.0184973
9.4905	-0.0436073	0	-0.0194027
9.50049	-0.0457599	0	-0.0203605
9.51048	-0.048037	0	-0.0213737
9.52047	-0.0504458	0	-0.0224455
9.53046	-0.0529938	0	-0.0235792
9.54045	-0.055689	0	-0.0247784
9.55044	-0.05854	0	-0.0260469
9.56043	-0.0615559	0	-0.0273888
9.57042	-0.0647463	0	-0.0288083
9.58041	-0.0681215	0	-0.0303101
9.5904	-0.0716925	0	-0.031899
9.60039	-0.0754709	0	-0.0335801
9.61038	-0.079469	0	-0.0353591
9.62037	-0.0837	0	-0.0372416
9.63036	-0.088178	0	-0.0392341
9.64035	-0.0929178	0	-0.041343
9.65034	-0.0979354	0	-0.0435755
9.66033	-0.103247	0	-0.0459391
9.67032	-0.108872	0	-0.0484417
9.68031	-0.114828	0	-0.0510919
9.6903	-0.121137	0	-0.0538988
9.70029	-0.127819	0	-0.0568719
9.71028	-0.134898	0	-0.0600216
9.72027	-0.142398	0	-0.0633588
9.73026	-0.150346	0	-0.0668951
9.74025	-0.158769	0	-0.070643
9.75024	-0.167698	0	-0.0746156
9.76023	-0.177163	0	-0.0788272
9.77022	-0.187199	0	-0.0832926
9.78021	-0.197842	0	-0.0880279
9.7902	-0.209129	0	-0.0930502
9.80019	-0.221102	0	-0.0983776
9.81018	-0.233805	0	-0.10403
9.82017	-0.247284	0	-0.110027
9.83016	-0.261588	0	-0.116391
9.84015	-0.27677	0	-0.123147
9.85014	-0.292887	0	-0.130318
9.86013	-0.309999	0	-0.137932
9.87012	-0.328171	0	-0.146017
9.88011	-0.34747	0	-0.154604
9.8901	-0.367969	0	-0.163725
9.90009	-0.389748	0	-0.173415
9.91008	-0.412889	0	-0.183712
9.92007	-0.437482	0	-0.194654
9.93006	-0.46362	0	-0.206284
9.94005	-0.491408	0	-0.218648
9.95004	-0.520951	0	-0.231793
9.96003	-0.552367	0	-0.245771
9.97002	-0.58578	0	-0.260638
9.98001	-0.621322	0	-0.276452
9.99	-0.659133	0	-0.293276
