0	0.269393	0.269393	1
0.00999	0.268359	0.268359	0.996164
0.01998	0.265265	0.265265	0.984678
0.02997	0.260134	0.260134	0.965629
0.03996	0.253004	0.253004	0.939165
0.04995	0.243932	0.243932	0.905489
0.05994	0.232987	0.232987	0.864858
0.06993	0.220252	0.220252	0.817587
0.07992	0.205826	0.205826	0.764036
0.08991	0.189819	0.189819	0.704619
0.0999	0.172355	0.172355	0.639791
0.10989	0.153567	0.153567	0.57005
0.11988	0.1336	0.1336	0.495931
0.12987	0.112608	0.112608	0.418005
0.13986	0.0907503	0.0907503	0.33687
0.14985	0.0681962	0.0681962	0.253148
0.15984	0.0451185	0.0451185	0.167482
0.16983	0.0216945	0.0216945	0.0805309
0.17982	-0.00189617	-0.00189617	-0.00703868
0.18981	-0.0254722	-0.0254722	-0.0945542
0.1998	-0.0488528	-0.0488528	-0.181344
0.20979	-0.0718583	-0.0718583	-0.266742
0.21978	-0.0943124	-0.0943124	-0.350092
0.22977	-0.116043	-0.116043	-0.430756
0.23976	-0.136882	-0.136882	-0.508113
0.24975	-0.156671	-0.156671	-0.581572
0.25974	-0.175258	-0.175258	-0.650568
0.26973	-0.1925	-0.1925	-0.714571
0.27972	-0.208266	-0.208266	-0.773093
0.28971	-0.222433	-0.222433	-0.825683
0.2997	-0.234894	-0.234894	-0.871939
0.30969	-0.245553	-0.245553	-0.911507
0.31968	-0.254329	-0.254329	-0.944083
0.32967	-0.261154	-0.261154	-0.969418
0.33966	-0.265977	-0.265977	-0.987319
0.34965	-0.26876	-0.26876	-0.997649
0.35964	-0.269482	-0.269482	-1.00033
0.36963	-0.268138	-0.268138	-0.995341
0.37962	-0.264738	-0.264738	-0.982721
0.38961	-0.259309	-0.259309	-0.962569
0.3996	-0.251893	-0.251893	-0.935039
0.40959	-0.242546	-0.242546	-0.900343
0.41958	-0.23134	-0.23134	-0.858747
0.42957	-0.218362	-0.218362	-0.810572
0.43956	-0.203711	-0.203711	-0.756187
0.44955	-0.1875	-0.1875	-0.696008
0.45954	-0.169852	-0.169852	-0.630499
0.46953	-0.150903	-0.150903	-0.560161
0.47952	-0.130799	-0.130799	-0.485533
0.48951	-0.109693	-0.109693	-0.407187
0.4995	-0.0877478	-0.0877478	-0.325724
0.50949	-0.0651306	-0.0651306	-0.241768
0.51948	-0.0420149	-0.0420149	-0.155961
0.52947	-0.0185776	-0.0185776	-0.068961
0.53946	0.00500182	0.00500182	0.018567
0.54945	0.028543	0.028543	0.105953
0.55944	0.0518658	0.0518658	0.192528
0.56943	0.0747919	0.0747919	0.277631
0.57942	0.0971461	0.0971461	0.360611
0.58941	0.118757	0.118757	0.440834
0.5994	0.139461	0.139461	0.517686
0.60939	0.159098	0.159098	0.590581
0.61938	0.17752	0.17752	0.658963
0.62937	0.194585	0.194585	0.722309
0.63936	0.210163	0.210163	0.780136
0.64935	0.224136	0.224136	0.832004
0.65934	0.236397	0.236397	0.877517
0.66933	0.246853	0.246853	0.916329
0.67932	0.255424	0.255424	0.948145
0.68931	0.262045	0.262045	0.972723
0.6993	0.266666	0.266666	0.989877
0.70929	0.269252	0.269252	0.999477
0.71928	0.269784	0.269784	1.00145
0.72927	0.268258	0.268258	0.995787
0.73926	0.264686	0.264686	0.982527
0.74925	0.259095	0.259095	0.961775
0.75924	0.25153	0.25153	0.933692
0.76923	0.242047	0.242047	0.898491
0.77922	0.23072	0.23072	0.856443
0.78921	0.217634	0.217634	0.807869
0.7992	0.202891	0.202891	0.753141
0.80919	0.186602	0.186602	0.692678
0.81918	0.168893	0.168893	0.62694
0.82917	0.149898	0.149898	0.556429
0.83916	0.129762	0.129762	0.481683
0.84915	0.108638	0.108638	0.403271
0.85914	0.0866885	0.0866885	0.321792
0.86913	0.0640791	0.0640791	0.237865
0.87912	0.0409824	0.0409824	0.152129
0.88911	0.0175742	0.0175742	0.0652361
0.8991	-0.00596769	-0.00596769	-0.0221524
0.90909	-0.0294642	-0.0294642	-0.109373
0.91908	-0.0527368	-0.0527368	-0.195762
0.92907	-0.0756089	-0.0756089	-0.280664
0.93906	-0.0979069	-0.0979069	-0.363435
0.94905	-0.119462	-0.119462	-0.443447
0.95904	-0.14011	-0.14011	-0.520094
0.96903	-0.159694	-0.159694	-0.592793
0.97902	-0.178068	-0.178068	-0.660996
0.98901	-0.19509	-0.19509	-0.724186
0.999	-0.210634	-0.210634	-0.781884
1.00899	-0.224581	-0.224581	-0.833656
1.01898	-0.236826	-0.236826	-0.87911
1.02897	-0.247277	-0.247277	-0.917904
1.03896	-0.255855	-0.255855	-0.949745
1.04895	-0.262495	-0.262495	-0.974395
1.05894	-0.267148	-0.267148	-0.991669
1.06893	-0.26978	-0.26978	-1.00144
1.07892	-0.27037	-0.27037	-1.00363
1.08891	-0.268916	-0.268916	-0.998229
1.0989	-0.265428	-0.265428	-0.985282
1.10889	-0.259933	-0.259933	-0.964886
1.11888	-0.252475	-0.252475	-0.937198
1.12887	-0.243108	-0.243108	-0.90243
1.13886	-0.231906	-0.231906	-0.860846
1.14885	-0.218952	-0.218952	-0.812763
1.15884	-0.204346	-0.204346	-0.758544
1.16883	-0.188198	-0.188198	-0.698601
1.17882	-0.17063	-0.17063	-0.633389
1.18881	-0.151776	-0.151776	-0.563399
1.1988	-0.131777	-0.131777	-0.489163
1.20879	-0.110785	-0.110785	-0.411239
1.21878	-0.0889583	-0.0889583	-0.330218
1.22877	-0.0664617	-0.0664617	-0.246709
1.23876	-0.0434646	-0.0434646	-0.161343
1.24875	-0.0201403	-0.0201403	-0.074762
1.25874	0.00333545	0.00333545	0.0123814
1.26873	0.0267862	0.0267862	0.0994316
1.27872	0.0500355	0.0500355	0.185734
1.28871	0.0729087	0.0729087	0.270641
1.2987	0.0952341	0.0952341	0.353514
1.30869	0.116844	0.116844	0.433731
1.31868	0.137577	0.137577	0.510692
1.32867	0.157277	0.157277	0.583819
1.33866	0.175796	0.175796	0.652565
1.34865	0.192998	0.192998	0.716417
1.35864	0.208751	0.208751	0.774896
1.36863	0.222941	0.222941	0.827567
1.37862	0.235459	0.235459	0.874037
1.38861	0.246214	0.246214	0.91396
1.3986	0.255126	0.255126	0.94704
1.40859	0.262128	0.262128	0.973031
1.41858	0.267168	0.267168	0.991743
1.42857	0.270211	0.270211	1.00304
1.43856	0.271233	0.271233	1.00683
1.44855	0.270228	0.270228	1.0031
1.45854	0.267205	0.267205	0.991878
1.46853	0.262186	0.262186	0.973247
1.47852	0.25521	0.25521	0.947351
1.48851	0.246329	0.246329	0.914387
1.4985	0.235611	0.235611	0.874601
1.50849	0.223137	0.223137	0.828295
1.51848	0.208999	0.208999	0.775816
1.52847	0.193305	0.193305	0.717557
1.53846	0.176171	0.176171	0.653954
1.54845	0.157725	0.157725	0.585483
1.55844	0.138106	0.138106	0.512656
1.56843	0.117459	0.117459	0.436016
1.57842	0.0959399	0.0959399	0.356134
1.58841	0.0737073	0.0737073	0.273605
1.5984	0.0509271	0.0509271	0.189044
1.60839	0.0277688	0.0277688	0.103079
1.61838	0.00440445	0.00440445	0.0163495
1.62837	-0.0189926	-0.0189926	-0.0705016
1.63836	-0.0422489	-0.0422489	-0.15683
1.64835	-0.065192	-0.065192	-0.241996
1.65834	-0.0876521	-0.0876521	-0.325369
1.66833	-0.109463	-0.109463	-0.406333
1.67832	-0.130464	-0.130464	-0.484288
1.68831	-0.150499	-0.150499	-0.558661
1.6983	-0.169422	-0.169422	-0.628902
1.70829	-0.187092	-0.187092	-0.694494
1.71828	-0.203379	-0.203379	-0.754954
1.72827	-0.218165	-0.218165	-0.809839
1.73826	-0.23134	-0.23134	-0.858746
1.74825	-0.242808	-0.242808	-0.901316
1.75824	-0.252486	-0.252486	-0.937239
1.76823	-0.260302	-0.260302	-0.966253
1.77822	-0.2662	-0.2662	-0.988148
1.78821	-0.270138	-0.270138	-1.00277
1.7982	-0.272087	-0.272087	-1.01
1.80819	-0.272035	-0.272035	-1.00981
1.81818	-0.269981	-0.269981	-1.00218
1.82817	-0.265944	-0.265944	-0.987197
1.83816	-0.259953	-0.259953	-0.964957
1.84815	-0.252052	-0.252052	-0.935631
1.85814	-0.242302	-0.242302	-0.899439
1.86813	-0.230775	-0.230775	-0.856648
1.87812	-0.217555	-0.217555	-0.807577
1.88811	-0.202742	-0.202742	-0.752587
1.8981	-0.186443	-0.186443	-0.692085
1.90809	-0.168779	-0.168779	-0.626517
1.91808	-0.149881	-0.149881	-0.556364
1.92807	-0.129886	-0.129886	-0.482143
1.93806	-0.108942	-0.108942	-0.404397
1.94805	-0.0872018	-0.0872018	-0.323697
1.95804	-0.0648251	-0.0648251	-0.240634
1.96803	-0.0419753	-0.0419753	-0.155815
1.97802	-0.0188194	-0.0188194	-0.0698586
1.98801	0.00447374	0.00447374	0.0166067
1.998	0.0277343	0.0277343	0.102951
2.00799	0.0507929	0.0507929	0.188546
2.01798	0.0734819	0.0734819	0.272769
2.02797	0.0956364	0.0956364	0.355007
2.03796	0.117096	0.117096	0.434665
2.04795	0.137704	0.137704	0.511165
2.05794	0.157313	0.157313	0.583952
2.06793	0.175779	0.175779	0.652502
2.07792	0.192971	0.192971	0.716319
2.08791	0.208764	0.208764	0.774943
2.0979	0.223044	0.223044	0.827952
2.10789	0.23571	0.23571	0.874967
2.11788	0.246669	0.246669	0.915649
2.12787	0.255845	0.255845	0.949708
2.13786	0.263171	0.263171	0.976903
2.14785	0.268596	0.268596	0.99704
2.15784	0.272081	0.272081	1.00998
2.16783	0.273604	0.273604	1.01563
2.17782	0.273153	0.273153	1.01396
2.18781	0.270734	0.270734	1.00498
2.1978	0.266364	0.266364	0.988758
2.20779	0.260078	0.260078	0.965422
2.21778	0.25192	0.25192	0.93514
2.22777	0.241951	0.241951	0.898135
2.23776	0.230244	0.230244	0.854678
2.24775	0.216883	0.216883	0.805082
2.25774	0.201967	0.201967	0.74971
2.26773	0.185601	0.185601	0.688961
2.27772	0.167905	0.167905	0.623273
2.28771	0.149007	0.149007	0.553122
2.2977	0.129042	0.129042	0.479011
2.30769	0.108154	0.108154	0.401473
2.31768	0.0864928	0.0864928	0.321065
2.32767	0.0642135	0.0642135	0.238364
2.33766	0.0414758	0.0414758	0.15396
2.34765	0.0184422	0.0184422	0.0684582
2.35764	-0.00472302	-0.00472302	-0.0175321
2.36763	-0.0278546	-0.0278546	-0.103398
2.37762	-0.0507878	-0.0507878	-0.188527
2.38761	-0.0733596	-0.0733596	-0.272314
2.3976	-0.0954097	-0.0954097	-0.354166
2.40759	-0.116782	-0.116782	-0.4335
2.41758	-0.137325	-0.137325	-0.509756
2.42757	-0.156893	-0.156893	-0.582393
2.43756	-0.175348	-0.175348	-0.650901
2.44755	-0.192561	-0.192561	-0.714795
2.45754	-0.208409	-0.208409	-0.773626
2.46753	-0.222783	-0.222783	-0.826983
2.47752	-0.235581	-0.235581	-0.87449
2.48751	-0.246714	-0.246714	-0.915816
2.4975	-0.256105	-0.256105	-0.950674
2.50749	-0.263688	-0.263688	-0.978821
2.51748	-0.269411	-0.269411	-1.00007
2.52747	-0.273235	-0.273235	-1.01426
2.53746	-0.275135	-0.275135	-1.02131
2.54745	-0.275098	-0.275098	-1.02118
2.55744	-0.273127	-0.273127	-1.01386
2.56743	-0.269236	-0.269236	-0.999418
2.57742	-0.263455	-0.263455	-0.977957
2.58741	-0.255824	-0.255824	-0.949633
2.5974	-0.2464	-0.2464	-0.914649
2.60739	-0.235249	-0.235249	-0.873256
2.61738	-0.222451	-0.222451	-0.825749
2.62737	-0.208096	-0.208096	-0.772464
2.63736	-0.192287	-0.192287	-0.713778
2.64735	-0.175134	-0.175134	-0.650105
2.65734	-0.156758	-0.156758	-0.581893
2.66733	-0.137289	-0.137289	-0.509623
2.67732	-0.116862	-0.116862	-0.433799
2.68731	-0.0956223	-0.0956223	-0.354955
2.6973	-0.0737165	-0.0737165	-0.273639
2.70729	-0.0512981	-0.0512981	-0.190421
2.71728	-0.0285231	-0.0285231	-0.105879
2.72727	-0.0055501	-0.0055501	-0.0206022
2.73726	0.0174615	0.0174615	0.0648178
2.74725	0.040352	0.040352	0.149789
2.75724	0.062963	0.062963	0.233722
2.76723	0.0851382	0.0851382	0.316037
2.77722	0.106725	0.106725	0.396167
2.78721	0.127573	0.127573	0.473559
2.7972	0.147541	0.147541	0.54768
2.80719	0.166491	0.166491	0.618023
2.81718	0.184293	0.184293	0.684106
2.82717	0.200826	0.200826	0.745475
2.83716	0.215976	0.215976	0.801714
2.84715	0.229641	0.229641	0.852439
2.85714	0.241728	0.241728	0.897306
2.86713	0.252155	0.252155	0.936012
2.87712	0.260852	0.260852	0.968297
2.88711	0.267762	0.267762	0.993945
2.8971	0.272837	0.272837	1.01279
2.90709	0.276046	0.276046	1.02469
2.91708	0.277366	0.277366	1.0296
2.92707	0.276793	0.276793	1.02747
2.93706	0.274329	0.274329	1.01832
2.94705	0.269995	0.269995	1.00224
2.95704	0.263821	0.263821	0.979318
2.96703	0.255851	0.255851	0.949733
2.97702	0.246141	0.246141	0.913688
2.98701	0.234758	0.234758	0.871433
2.997	0.22178	0.22178	0.82326
3.00699	0.207298	0.207298	0.769502
3.01698	0.191411	0.191411	0.710528
3.02697	0.174228	0.174228	0.646742
3.03696	0.155865	0.155865	0.578579
3.04695	0.136449	0.136449	0.506505
3.05694	0.116111	0.116111	0.43101
3.06693	0.0949897	0.0949897	0.352606
3.07692	0.0732278	0.0732278	0.271825
3.08691	0.0509726	0.0509726	0.189213
3.0969	0.0283744	0.0283744	0.105327
3.10689	0.00558535	0.00558535	0.0207331
3.11688	-0.0172412	-0.0172412	-0.0640003
3.12687	-0.0399521	-0.0399521	-0.148304
3.13686	-0.0623951	-0.0623951	-0.231614
3.14685	-0.0844202	-0.0844202	-0.313372
3.15684	-0.10588	-0.10588	-0.393033
3.16683	-0.126632	-0.126632	-0.470066
3.17682	-0.146539	-0.146539	-0.543959
3.18681	-0.165467	-0.165467	-0.614222
3.1968	-0.183292	-0.183292	-0.68039
3.20679	-0.199896	-0.199896	-0.742025
3.21678	-0.21517	-0.21517	-0.798723
3.22677	-0.229014	-0.229014	-0.850111
3.23676	-0.241336	-0.241336	-0.895852
3.24675	-0.252057	-0.252057	-0.935649
3.25674	-0.261107	-0.261107	-0.969244
3.26673	-0.268428	-0.268428	-0.99642
3.27672	-0.273973	-0.273973	-1.017
3.28671	-0.277708	-0.277708	-1.03086
3.2967	-0.279608	-0.279608	-1.03792
3.30669	-0.279664	-0.279664	-1.03813
3.31668	-0.277878	-0.277878	-1.0315
3.32667	-0.274261	-0.274261	-1.01807
3.33666	-0.268842	-0.268842	-0.997954
3.34665	-0.261655	-0.261655	-0.971278
3.35664	-0.252752	-0.252752	-0.938228
3.36663	-0.242191	-0.242191	-0.899026
3.37662	-0.230044	-0.230044	-0.853936
3.38661	-0.216392	-0.216392	-0.803258
3.3966	-0.201325	-0.201325	-0.747329
3.40659	-0.184944	-0.184944	-0.686521
3.41658	-0.167356	-0.167356	-0.621234
3.42657	-0.148678	-0.148678	-0.551899
3.43656	-0.129032	-0.129032	-0.478972
3.44655	-0.108546	-0.108546	-0.40293
3.45654	-0.0873561	-0.0873561	-0.32427
3.46653	-0.0655989	-0.0655989	-0.243506
3.47652	-0.0434165	-0.0434165	-0.161164
3.48651	-0.020953	-0.020953	-0.0777785
3.4965	0.00164612	0.00164612	0.00611048
3.50649	0.0242346	0.0242346	0.0899601
3.51648	0.0466667	0.0466667	0.173229
3.52647	0.0687979	0.0687979	0.255381
3.53646	0.0904862	0.0904862	0.335889
3.54645	0.111592	0.111592	0.414236
3.55644	0.131981	0.131981	0.489921
3.56643	0.151523	0.151523	0.562462
3.57642	0.170094	0.170094	0.631396
3.58641	0.187575	0.187575	0.696287
3.5964	0.203856	0.203856	0.756722
3.60639	0.218834	0.218834	0.812322
3.61638	0.232415	0.232415	0.862737
3.62637	0.244515	0.244515	0.907651
3.63636	0.255057	0.255057	0.946785
3.64635	0.263977	0.263977	0.979895
3.65634	0.271219	0.271219	1.00678
3.66633	0.27674	0.27674	1.02727
3.67632	0.280506	0.280506	1.04125
3.68631	0.282496	0.282496	1.04864
3.6963	0.2827	0.2827	1.0494
3.70629	0.281117	0.281117	1.04352
3.71628	0.27776	0.27776	1.03106
3.72627	0.272652	0.272652	1.0121
3.73626	0.265828	0.265828	0.986768
3.74625	0.257333	0.257333	0.955232
3.75624	0.247221	0.247221	0.917696
3.76623	0.235558	0.235558	0.874403
3.77622	0.222419	0.222419	0.825631
3.78621	0.207888	0.207888	0.771692
3.7962	0.192058	0.192058	0.712929
3.80619	0.175029	0.175029	0.649715
3.81618	0.156908	0.156908	0.58245
3.82617	0.13781	0.13781	0.511557
3.83616	0.117855	0.117855	0.437482
3.84615	0.0971671	0.0971671	0.360689
3.85614	0.0758766	0.0758766	0.281658
3.86613	0.0541159	0.0541159	0.200881
3.87612	0.0320201	0.0320201	0.11886
3.88611	0.0097264	0.0097264	0.0361049
3.8961	-0.0126274	-0.0126274	-0.0468736
3.90609	-0.0349034	-0.0349034	-0.129563
3.91608	-0.0569644	-0.0569644	-0.211455
3.92607	-0.0786751	-0.0786751	-0.292046
3.93606	-0.0999025	-0.0999025	-0.370843
3.94605	-0.120517	-0.120517	-0.447365
3.95604	-0.140393	-0.140393	-0.521146
3.96603	-0.15941	-0.15941	-0.591737
3.97602	-0.177452	-0.177452	-0.658713
3.98601	-0.194412	-0.194412	-0.721667
3.996	-0.210186	-0.210186	-0.780223
4.00599	-0.224681	-0.224681	-0.834028
4.01598	-0.23781	-0.23781	-0.882763
4.02597	-0.249495	-0.249495	-0.926137
4.03596	-0.259667	-0.259667	-0.963896
4.04595	-0.268266	-0.268266	-0.995817
4.05594	-0.275243	-0.275243	-1.02172
4.06593	-0.280557	-0.280557	-1.04144
4.07592	-0.28418	-0.28418	-1.05489
4.08591	-0.28609	-0.28609	-1.06198
4.0959	-0.28628	-0.28628	-1.06268
4.10589	-0.284749	-0.284749	-1.057
4.11588	-0.281511	-0.281511	-1.04498
4.12587	-0.276585	-0.276585	-1.0267
4.13586	-0.270006	-0.270006	-1.00227
4.14585	-0.261812	-0.261812	-0.971861
4.15584	-0.252057	-0.252057	-0.935649
4.16583	-0.2408	-0.2408	-0.893863
4.17582	-0.228111	-0.228111	-0.846758
4.18581	-0.214065	-0.214065	-0.794622
4.1958	-0.19875	-0.19875	-0.737771
4.20579	-0.182258	-0.182258	-0.676549
4.21578	-0.164687	-0.164687	-0.611325
4.22577	-0.146142	-0.146142	-0.542488
4.23576	-0.126736	-0.126736	-0.470451
4.24575	-0.106583	-0.106583	-0.395642
4.25574	-0.0858033	-0.0858033	-0.318506
4.26573	-0.0645192	-0.0645192	-0.239499
4.27572	-0.0428567	-0.0428567	-0.159086
4.28571	-0.0209432	-0.0209432	-0.077742
4.2957	0.00109295	0.00109295	0.00405708
4.30569	0.0231227	0.0231227	0.0858326
4.31568	0.0450176	0.0450176	0.167108
4.32567	0.0666505	0.0666505	0.24741
4.33566	0.0878958	0.0878958	0.326274
4.34565	0.108631	0.108631	0.403243
4.35564	0.128736	0.128736	0.477875
4.36563	0.148096	0.148096	0.549741
4.37562	0.166601	0.166601	0.618429
4.38561	0.184143	0.184143	0.683549
4.3956	0.200625	0.200625	0.74473
4.40559	0.215952	0.215952	0.801626
4.41558	0.230039	0.230039	0.853917
4.42557	0.242806	0.242806	0.901309
4.43556	0.254183	0.254183	0.94354
4.44555	0.264106	0.264106	0.980375
4.45554	0.272521	0.272521	1.01161
4.46553	0.279383	0.279383	1.03708
4.47552	0.284654	0.284654	1.05665
4.48551	0.288308	0.288308	1.07021
4.4955	0.290326	0.290326	1.07771
4.50549	0.290699	0.290699	1.07909
4.51548	0.289428	0.289428	1.07437
4.52547	0.286523	0.286523	1.06359
4.53546	0.282002	0.282002	1.0468
4.54545	0.275893	0.275893	1.02413
4.55544	0.268234	0.268234	0.995699
4.56543	0.25907	0.25907	0.961682
4.57542	0.248455	0.248455	0.922277
4.58541	0.23645	0.23645	0.877715
4.5954	0.223125	0.223125	0.828251
4.60539	0.208556	0.208556	0.77417
4.61538	0.192826	0.192826	0.71578
4.62537	0.176025	0.176025	0.653413
4.63536	0.158247	0.158247	0.587422
4.64535	0.139593	0.139593	0.518178
4.65534	0.120168	0.120168	0.446068
4.66533	0.100079	0.100079	0.371497
4.67532	0.0794382	0.0794382	0.294879
4.68531	0.0583607	0.0583607	0.216638
4.6953	0.0369628	0.0369628	0.137208
4.70529	0.0153621	0.0153621	0.057025
4.71528	-0.00632262	-0.00632262	-0.0234699
4.72527	-0.0279728	-0.0279728	-0.103837
4.73526	-0.0494706	-0.0494706	-0.183637
4.74525	-0.070699	-0.070699	-0.262438
4.75524	-0.0915431	-0.0915431	-0.339813
4.76523	-0.111891	-0.111891	-0.415344
4.77522	-0.131632	-0.131632	-0.488626
4.78521	-0.150662	-0.150662	-0.559266
4.7952	-0.168879	-0.168879	-0.626887
4.80519	-0.186186	-0.186186	-0.691132
4.81518	-0.202492	-0.202492	-0.75166
4.82517	-0.217711	-0.217711	-0.808153
4.83516	-0.231763	-0.231763	-0.860315
4.84515	-0.244575	-0.244575	-0.907875
4.85514	-0.256082	-0.256082	-0.950588
4.86513	-0.266223	-0.266223	-0.988235
4.87512	-0.274949	-0.274949	-1.02062
4.88511	-0.282214	-0.282214	-1.04759
4.8951	-0.287983	-0.287983	-1.06901
4.90509	-0.292229	-0.292229	-1.08477
4.91508	-0.294932	-0.294932	-1.0948
4.92507	-0.296079	-0.296079	-1.09906
4.93506	-0.295669	-0.295669	-1.09754
4.94505	-0.293706	-0.293706	-1.09025
4.95504	-0.290204	-0.290204	-1.07725
4.96503	-0.285183	-0.285183	-1.05861
4.97502	-0.278673	-0.278673	-1.03445
4.98501	-0.27071	-0.27071	-1.00489
4.995	-0.261339	-0.261339	-0.970103
5.00499	-0.250611	-0.250611	-0.930279
5.01498	-0.238584	-0.238584	-0.885635
5.02497	-0.225323	-0.225323	-0.83641
5.03496	-0.210899	-0.210899	-0.782866
5.04495	-0.195388	-0.195388	-0.725289
5.05494	-0.178872	-0.178872	-0.663982
5.06493	-0.161438	-0.161438	-0.599267
5.07492	-0.143178	-0.143178	-0.531483
5.08491	-0.124185	-0.124185	-0.460981
5.0949	-0.104559	-0.104559	-0.388127
5.10489	-0.0843999	-0.0843999	-0.313297
5.11488	-0.0638122	-0.0638122	-0.236874
5.12487	-0.0429009	-0.0429009	-0.15925
5.13486	-0.0217724	-0.0217724	-0.0808202
5.14485	-0.000533859	-0.000533859	-0.00198171
5.15484	0.0207074	0.0207074	0.0768669
5.16483	0.0418445	0.0418445	0.155329
5.17482	0.0627716	0.0627716	0.233011
5.18481	0.0833842	0.0833842	0.309526
5.1948	0.10358	0.10358	0.384494
5.20479	0.123259	0.123259	0.457543
5.21478	0.142324	0.142324	0.528315
5.22477	0.160682	0.160682	0.596461
5.23476	0.178244	0.178244	0.661651
5.24475	0.194924	0.194924	0.723566
5.25474	0.210641	0.210641	0.781909
5.26473	0.22532	0.22532	0.8364
5.27472	0.238892	0.238892	0.886779
5.28471	0.251292	0.251292	0.932807
5.2947	0.262461	0.262461	0.974269
5.30469	0.272349	0.272349	1.01097
5.31468	0.280909	0.280909	1.04275
5.32467	0.288102	0.288102	1.06945
5.33466	0.293898	0.293898	1.09096
5.34465	0.29827	0.29827	1.10719
5.35464	0.301201	0.301201	1.11807
5.36463	0.30268	0.30268	1.12356
5.37462	0.302703	0.302703	1.12365
5.38461	0.301273	0.301273	1.11834
5.3946	0.2984	0.2984	1.10767
5.40459	0.294101	0.294101	1.09172
5.41458	0.2884	0.2884	1.07055
5.42457	0.281327	0.281327	1.0443
5.43456	0.272919	0.272919	1.01309
5.44455	0.263218	0.263218	0.97708
5.45454	0.252274	0.252274	0.936455
5.46453	0.240141	0.240141	0.891416
5.47452	0.226878	0.226878	0.842184
5.48451	0.212551	0.212551	0.789002
5.4945	0.197229	0.197229	0.732126
5.50449	0.180986	0.180986	0.67183
5.51448	0.1639	0.1639	0.608405
5.52447	0.146052	0.146052	0.542152
5.53446	0.127526	0.127526	0.473384
5.54445	0.108411	0.108411	0.402427
5.55444	0.0887952	0.0887952	0.329612
5.56443	0.0687706	0.0687706	0.25528
5.57442	0.0484301	0.0484301	0.179775
5.58441	0.0278677	0.0278677	0.103446
5.5944	0.00717786	0.00717786	0.0266446
5.60439	-0.0135447	-0.0135447	-0.0502788
5.61438	-0.0342058	-0.0342058	-0.126974
5.62437	-0.0547117	-0.0547117	-0.203092
5.63436	-0.0749699	-0.0749699	-0.278292
5.64435	-0.0948898	-0.0948898	-0.352236
5.65434	-0.114382	-0.114382	-0.424593
5.66433	-0.133361	-0.133361	-0.495043
5.67432	-0.151742	-0.151742	-0.563275
5.68431	-0.169445	-0.169445	-0.62899
5.6943	-0.186393	-0.186393	-0.6919
5.70429	-0.202512	-0.202512	-0.751734
5.71428	-0.217732	-0.217732	-0.808233
5.72427	-0.231989	-0.231989	-0.861156
5.73426	-0.245223	-0.245223	-0.91028
5.74425	-0.257377	-0.257377	-0.955397
5.75424	-0.268401	-0.268401	-0.99632
5.76423	-0.278251	-0.278251	-1.03288
5.77422	-0.286884	-0.286884	-1.06493
5.78421	-0.294269	-0.294269	-1.09234
5.7942	-0.300375	-0.300375	-1.11501
5.80419	-0.30518	-0.30518	-1.13284
5.81418	-0.308666	-0.308666	-1.14578
5.82417	-0.310822	-0.310822	-1.15379
5.83416	-0.311642	-0.311642	-1.15683
5.84415	-0.311126	-0.311126	-1.15492
5.85414	-0.30928	-0.30928	-1.14806
5.86413	-0.306116	-0.306116	-1.13632
5.87412	-0.301651	-0.301651	-1.11974
5.88411	-0.295907	-0.295907	-1.09842
5.8941	-0.288911	-0.288911	-1.07245
5.90409	-0.280698	-0.280698	-1.04196
5.91408	-0.271304	-0.271304	-1.00709
5.92407	-0.260773	-0.260773	-0.968002
5.93406	-0.249151	-0.249151	-0.924862
5.94405	-0.236491	-0.236491	-0.877867
5.95404	-0.222848	-0.222848	-0.827223
5.96403	-0.208281	-0.208281	-0.773149
5.97402	-0.192853	-0.192853	-0.715879
5.98401	-0.17663	-0.17663	-0.655659
5.994	-0.159681	-0.159681	-0.592744
6.00399	-0.142078	-0.142078	-0.5274
6.01398	-0.123894	-0.123894	-0.459901
6.02397	-0.105206	-0.105206	-0.390529
6.03396	-0.0860899	-0.0860899	-0.31957
6.04395	-0.0666255	-0.0666255	-0.247317
6.05394	-0.0468919	-0.0468919	-0.174065
6.06393	-0.0269696	-0.0269696	-0.100112
6.07392	-0.00693895	-0.00693895	-0.0257577
6.08391	0.0131195	0.0131195	0.0487002
6.0939	0.0331256	0.0331256	0.122964
6.10389	0.053	0.053	0.196739
6.11388	0.0726644	0.0726644	0.269734
6.12387	0.0920415	0.0920415	0.341663
6.13386	0.111056	0.111056	0.412245
6.14385	0.129634	0.129634	0.481209
6.15384	0.147705	0.147705	0.548287
6.16383	0.165199	0.165199	0.613226
6.17382	0.18205	0.18205	0.675778
6.18381	0.198195	0.198195	0.735708
6.1938	0.213573	0.213573	0.792794
6.20379	0.228128	0.228128	0.846824
6.21378	0.241807	0.241807	0.8976
6.22377	0.25456	0.25456	0.944938
6.23376	0.26634	0.26634	0.988668
6.24375	0.277108	0.277108	1.02864
6.25374	0.286824	0.286824	1.0647
6.26373	0.295456	0.295456	1.09675
6.27372	0.302975	0.302975	1.12466
6.28371	0.309356	0.309356	1.14834
6.2937	0.314579	0.314579	1.16773
6.30369	0.318628	0.318628	1.18276
6.31368	0.321493	0.321493	1.1934
6.32367	0.323167	0.323167	1.19961
6.33366	0.323648	0.323648	1.2014
6.34365	0.322937	0.322937	1.19876
6.35364	0.321042	0.321042	1.19172
6.36363	0.317974	0.317974	1.18033
6.37362	0.313747	0.313747	1.16465
6.38361	0.308382	0.308382	1.14473
6.3936	0.301902	0.301902	1.12067
6.40359	0.294333	0.294333	1.09258
6.41358	0.285708	0.285708	1.06056
6.42357	0.27606	0.27606	1.02475
6.43356	0.265428	0.265428	0.985281
6.44355	0.253852	0.253852	0.942313
6.45354	0.241378	0.241378	0.896008
6.46353	0.228053	0.228053	0.846544
6.47352	0.213926	0.213926	0.794104
6.48351	0.19905	0.19905	0.738884
6.4935	0.18348	0.18348	0.681086
6.50349	0.167272	0.167272	0.620921
6.51348	0.150484	0.150484	0.558606
6.52347	0.133178	0.133178	0.494363
6.53346	0.115414	0.115414	0.428422
6.54345	0.0972544	0.0972544	0.361013
6.55344	0.0787633	0.0787633	0.292373
6.56343	0.0600045	0.0600045	0.22274
6.57342	0.0410427	0.0410427	0.152352
6.58341	0.0219424	0.0219424	0.0814512
6.5934	0.00276837	0.00276837	0.0102763
6.60339	-0.0164149	-0.0164149	-0.0609331
6.61338	-0.0355436	-0.0355436	-0.13194
6.62337	-0.0545543	-0.0545543	-0.202508
6.63336	-0.0733848	-0.0733848	-0.272408
6.64335	-0.0919736	-0.0919736	-0.341411
6.65334	-0.110261	-0.110261	-0.409294
6.66333	-0.128188	-0.128188	-0.475841
6.67332	-0.145699	-0.145699	-0.54084
6.68331	-0.162737	-0.162737	-0.604088
6.6933	-0.17925	-0.17925	-0.665386
6.70329	-0.195188	-0.195188	-0.724547
6.71328	-0.210501	-0.210501	-0.78139
6.72327	-0.225144	-0.225144	-0.835744
6.73326	-0.239072	-0.239072	-0.887446
6.74325	-0.252245	-0.252245	-0.936345
6.75324	-0.264624	-0.264624	-0.982298
6.76323	-0.276175	-0.276175	-1.02517
6.77322	-0.286864	-0.286864	-1.06485
6.78321	-0.296663	-0.296663	-1.10123
6.7932	-0.305544	-0.305544	-1.13419
6.80319	-0.313485	-0.313485	-1.16367
6.81318	-0.320464	-0.320464	-1.18958
6.82317	-0.326467	-0.326467	-1.21186
6.83316	-0.331477	-0.331477	-1.23046
6.84315	-0.335485	-0.335485	-1.24534
6.85314	-0.338483	-0.338483	-1.25647
6.86313	-0.340467	-0.340467	-1.26383
6.87312	-0.341435	-0.341435	-1.26742
6.88311	-0.341389	-0.341389	-1.26725
6.8931	-0.340335	-0.340335	-1.26334
6.90309	-0.338279	-0.338279	-1.25571
6.91308	-0.335232	-0.335232	-1.2444
6.92307	-0.331208	-0.331208	-1.22946
6.93306	-0.326224	-0.326224	-1.21096
6.94305	-0.320298	-0.320298	-1.18896
6.95304	-0.313451	-0.313451	-1.16355
6.96303	-0.305709	-0.305709	-1.13481
6.97302	-0.297096	-0.297096	-1.10284
6.98301	-0.287642	-0.287642	-1.06774
6.993	-0.277378	-0.277378	-1.02964
7.00299	-0.266336	-0.266336	-0.988654
7.01298	-0.254552	-0.254552	-0.944908
7.02297	-0.24206	-0.24206	-0.898539
7.03296	-0.2289	-0.2289	-0.849689
7.04295	-0.215111	-0.215111	-0.798503
7.05294	-0.200734	-0.200734	-0.745135
7.06293	-0.185811	-0.185811	-0.68974
7.07292	-0.170385	-0.170385	-0.632479
7.08291	-0.154501	-0.154501	-0.573515
7.0929	-0.138203	-0.138203	-0.513016
7.10289	-0.121537	-0.121537	-0.45115
7.11288	-0.104549	-0.104549	-0.388089
7.12287	-0.0872848	-0.0872848	-0.324006
7.13286	-0.0697924	-0.0697924	-0.259073
7.14285	-0.0521179	-0.0521179	-0.193464
7.15284	-0.0343083	-0.0343083	-0.127354
7.16283	-0.0164103	-0.0164103	-0.0609157
7.17282	0.00152993	0.00152993	0.00567919
7.18281	0.0194663	0.0194663	0.0722598
7.1928	0.0373533	0.0373533	0.138657
7.20279	0.0551462	0.0551462	0.204705
7.21278	0.0728009	0.0728009	0.270241
7.22277	0.0902743	0.0902743	0.335103
7.23276	0.107524	0.107524	0.399134
7.24275	0.124509	0.124509	0.462183
7.25274	0.141189	0.141189	0.5241
7.26273	0.157525	0.157525	0.584741
7.27272	0.17348	0.17348	0.643968
7.28271	0.189018	0.189018	0.701645
7.2927	0.204104	0.204104	0.757645
7.30269	0.218705	0.218705	0.811844
7.31268	0.232789	0.232789	0.864126
7.32267	0.246327	0.246327	0.91438
7.33266	0.259291	0.259291	0.962501
7.34265	0.271653	0.271653	1.00839
7.35264	0.28339	0.28339	1.05196
7.36263	0.294478	0.294478	1.09312
7.37262	0.304896	0.304896	1.13179
7.38261	0.314625	0.314625	1.16791
7.3926	0.323648	0.323648	1.2014
7.40259	0.33195	0.33195	1.23221
7.41258	0.339516	0.339516	1.2603
7.42257	0.346335	0.346335	1.28561
7.43256	0.352396	0.352396	1.30811
7.44255	0.357693	0.357693	1.32777
7.45254	0.362219	0.362219	1.34457
7.46253	0.365968	0.365968	1.35849
7.47252	0.36894	0.36894	1.36952
7.48251	0.371133	0.371133	1.37766
7.4925	0.372547	0.372547	1.38291
7.50249	0.373186	0.373186	1.38529
7.51248	0.373054	0.373054	1.38479
7.52247	0.372156	0.372156	1.38146
7.53246	0.3705	0.3705	1.37531
7.54245	0.368095	0.368095	1.36639
7.55244	0.364951	0.364951	1.35472
7.56243	0.36108	0.36108	1.34035
7.57242	0.356496	0.356496	1.32333
7.58241	0.351212	0.351212	1.30372
7.5924	0.345244	0.345244	1.28156
7.60239	0.33861	0.33861	1.25694
7.61238	0.331327	0.331327	1.2299
7.62237	0.323413	0.323413	1.20053
7.63236	0.31489	0.31489	1.16889
7.64235	0.305778	0.305778	1.13506
7.65234	0.296098	0.296098	1.09913
7.66233	0.285874	0.285874	1.06118
7.67232	0.275128	0.275128	1.02129
7.68231	0.263883	0.263883	0.979548
7.6923	0.252166	0.252166	0.936051
7.70229	0.239999	0.239999	0.890889
7.71228	0.227409	0.227409	0.844155
7.72227	0.214422	0.214422	0.795945
7.73226	0.201063	0.201063	0.746355
7.74225	0.187358	0.187358	0.695484
7.75224	0.173335	0.173335	0.643428
7.76223	0.159019	0.159019	0.590288
7.77222	0.144438	0.144438	0.53616
7.78221	0.129617	0.129617	0.481144
7.7922	0.114583	0.114583	0.42534
7.80219	0.0993638	0.0993638	0.368843
7.81218	0.0839842	0.0839842	0.311754
7.82217	0.0684708	0.0684708	0.254167
7.83216	0.0528492	0.0528492	0.196179
7.84215	0.037145	0.037145	0.137884
7.85214	0.0213834	0.0213834	0.0793761
7.86213	0.00558891	0.00558891	0.0207463
7.87212	-0.0102141	-0.0102141	-0.0379151
7.88211	-0.0260017	-0.0260017	-0.0965198
7.8921	-0.0417509	-0.0417509	-0.154981
7.90209	-0.0574388	-0.0574388	-0.213216
7.91208	-0.0730432	-0.0730432	-0.27114
7.92207	-0.0885428	-0.0885428	-0.328675
7.93206	-0.103917	-0.103917	-0.385743
7.94205	-0.119144	-0.119144	-0.44227
7.95204	-0.134207	-0.134207	-0.498182
7.96203	-0.149084	-0.149084	-0.553409
7.97202	-0.16376	-0.16376	-0.607886
7.98201	-0.178216	-0.178216	-0.661546
7.992	-0.192435	-0.192435	-0.71433
8.00199	-0.206403	-0.206403	-0.766178
8.01198	-0.220103	-0.220103	-0.817035
8.02197	-0.233522	-0.233522	-0.866847
8.03196	-0.246647	-0.246647	-0.915565
8.04195	-0.259464	-0.259464	-0.963143
8.05194	-0.271962	-0.271962	-1.00954
8.06193	-0.284129	-0.284129	-1.0547
8.07192	-0.295957	-0.295957	-1.09861
8.08191	-0.307434	-0.307434	-1.14121
8.0919	-0.318553	-0.318553	-1.18249
8.10189	-0.329306	-0.329306	-1.2224
8.11188	-0.339686	-0.339686	-1.26093
8.12187	-0.349686	-0.349686	-1.29805
8.13186	-0.359301	-0.359301	-1.33374
8.14185	-0.368526	-0.368526	-1.36799
8.15184	-0.377357	-0.377357	-1.40077
8.16183	-0.385791	-0.385791	-1.43208
8.17182	-0.393826	-0.393826	-1.4619
8.18181	-0.401458	-0.401458	-1.49023
8.1918	-0.408688	-0.408688	-1.51707
8.20179	-0.415514	-0.415514	-1.54241
8.21178	-0.421936	-0.421936	-1.56625
8.22177	-0.427956	-0.427956	-1.58859
8.23176	-0.433574	-0.433574	-1.60945
8.24175	-0.438792	-0.438792	-1.62882
8.25174	-0.443614	-0.443614	-1.64672
8.26173	-0.44804	-0.44804	-1.66315
8.27172	-0.452076	-0.452076	-1.67813
8.28171	-0.455725	-0.455725	-1.69167
8.2917	-0.458991	-0.458991	-1.7038
8.30169	-0.461879	-0.461879	-1.71452
8.31168	-0.464394	-0.464394	-1.72386
8.32167	-0.466543	-0.466543	-1.73183
8.33166	-0.468331	-0.468331	-1.73847
8.34165	-0.469765	-0.469765	-1.74379
8.35164	-0.47085	-0.47085	-1.74782
8.36163	-0.471595	-0.471595	-1.75059
8.37162	-0.472007	-0.472007	-1.75211
8.38161	-0.472093	-0.472093	-1.75243
8.3916	-0.471861	-0.471861	-1.75157
8.40159	-0.471319	-0.471319	-1.74956
8.41158	-0.470475	-0.470475	-1.74643
8.42157	-0.469338	-0.469338	-1.74221
8.43156	-0.467916	-0.467916	-1.73693
8.44155	-0.466219	-0.466219	-1.73063
8.45154	-0.464254	-0.464254	-1.72333
8.46153	-0.462031	-0.462031	-1.71508
8.47152	-0.459559	-0.459559	-1.70591
8.48151	-0.456847	-0.456847	-1.69584
8.4915	-0.453904	-0.453904	-1.68491
8.50149	-0.450739	-0.450739	-1.67316
8.51148	-0.447361	-0.447361	-1.66063
8.52147	-0.443781	-0.443781	-1.64734
8.53146	-0.440006	-0.440006	-1.63332
8.54145	-0.436045	-0.436045	-1.61862
8.55144	-0.431909	-0.431909	-1.60327
8.56143	-0.427606	-0.427606	-1.5873
8.57142	-0.423145	-0.423145	-1.57074
8.58141	-0.418535	-0.418535	-1.55362
8.5914	-0.413784	-0.413784	-1.53599
8.60139	-0.408902	-0.408902	-1.51787
8.61138	-0.403897	-0.403897	-1.49928
8.62137	-0.398777	-0.398777	-1.48028
8.63136	-0.39355	-0.39355	-1.46088
8.64135	-0.388225	-0.388225	-1.44111
8.65134	-0.38281	-0.38281	-1.42101
8.66133	-0.377313	-0.377313	-1.40061
8.67132	-0.371741	-0.371741	-1.37992
8.68131	-0.366102	-0.366102	-1.35899
8.6913	-0.360403	-0.360403	-1.33784
8.70129	-0.354652	-0.354652	-1.31649
8.71128	-0.348855	-0.348855	-1.29497
8.72127	-0.343019	-0.343019	-1.2733
8.73126	-0.337151	-0.337151	-1.25152
8.74125	-0.331257	-0.331257	-1.22964
8.75124	-0.325344	-0.325344	-1.20769
8.76123	-0.319417	-0.319417	-1.18569
8.77122	-0.313482	-0.313482	-1.16366
8.78121	-0.307545	-0.307545	-1.14162
8.7912	-0.301612	-0.301612	-1.1196
8.80119	-0.295687	-0.295687	-1.09761
8.81118	-0.289776	-0.289776	-1.07566
8.82117	-0.283883	-0.283883	-1.05379
8.83116	-0.278013	-0.278013	-1.032
8.84115	-0.27217	-0.27217	-1.01031
8.85114	-0.266359	-0.266359	-0.988739
8.86113	-0.260584	-0.260584	-0.967301
8.87112	-0.254848	-0.254848	-0.946009
8.88111	-0.249156	-0.249156	-0.924878
8.8911	-0.243509	-0.243509	-0.903919
8.90109	-0.237913	-0.237913	-0.883146
8.91108	-0.23237	-0.23237	-0.862568
8.92107	-0.226882	-0.226882	-0.842198
8.93106	-0.221453	-0.221453	-0.822045
8.94105	-0.216085	-0.216085	-0.802119
8.95104	-0.210781	-0.210781	-0.782428
8.96103	-0.205542	-0.205542	-0.762981
8.97102	-0.20037	-0.20037	-0.743784
8.98101	-0.195268	-0.195268	-0.724846
8.991	-0.190238	-0.190238	-0.706173
9.00099	-0.18528	-0.18528	-0.68777
9.01098	-0.180397	-0.180397	-0.669643
9.02097	-0.175589	-0.175589	-0.651796
9.03096	-0.170858	-0.170858	-0.634233
9.04095	-0.166205	-0.166205	-0.61696
9.05094	-0.16163	-0.16163	-0.599977
9.06093	-0.157134	-0.157134	-0.58329
9.07092	-0.152719	-0.152719	-0.566899
9.08091	-0.148383	-0.148383	-0.550807
9.0909	-0.144129	-0.144129	-0.535015
9.10089	-0.139956	-0.139956	-0.519525
9.11088	-0.135865	-0.135865	-0.504336
9.12087	-0.131854	-0.131854	-0.48945
9.13086	-0.127926	-0.127926	-0.474866
9.14085	-0.124078	-0.124078	-0.460584
9.15084	-0.120312	-0.120312	-0.446603
9.16083	-0.116626	-0.116626	-0.432923
9.17082	-0.113021	-0.113021	-0.419541
9.18081	-0.109497	-0.109497	-0.406457
9.1908	-0.106052	-0.106052	-0.393669
9.20079	-0.102685	-0.102685	-0.381174
9.21078	-0.0993978	-0.0993978	-0.36897
9.22077	-0.0961879	-0.0961879	-0.357054
9.23076	-0.093055	-0.093055	-0.345425
9.24075	-0.0899983	-0.0899983	-0.334078
9.25074	-0.087017	-0.087017	-0.323011
9.26073	-0.0841101	-0.0841101	-0.312221
9.27072	-0.0812767	-0.0812767	-0.301703
9.28071	-0.078516	-0.078516	-0.291455
9.2907	-0.0758267	-0.0758267	-0.281473
9.30069	-0.073208	-0.073208	-0.271752
9.31068	-0.0706587	-0.0706587	-0.262288
9.32067	-0.0681776	-0.0681776	-0.253079
9.33066	-0.0657638	-0.0657638	-0.244119
9.34065	-0.063416	-0.063416	-0.235403
9.35064	-0.0611331	-0.0611331	-0.226929
9.36063	-0.0589138	-0.0589138	-0.218691
9.37062	-0.0567569	-0.0567569	-0.210685
9.38061	-0.0546613	-0.0546613	-0.202906
9.3906	-0.0526257	-0.0526257	-0.195349
9.40059	-0.0506488	-0.0506488	-0.188011
9.41058	-0.0487293	-0.0487293	-0.180886
9.42057	-0.0468661	-0.0468661	-0.173969
9.43056	-0.0450578	-0.0450578	-0.167257
9.44055	-0.0433031	-0.0433031	-0.160743
9.45054	-0.0416009	-0.0416009	-0.154425
9.46053	-0.0399498	-0.0399498	-0.148296
9.47052	-0.0383485	-0.0383485	-0.142352
9.48051	-0.0367958	-0.0367958	-0.136588
9.4905	-0.0352904	-0.0352904	-0.131
9.50049	-0.033831	-0.033831	-0.125582
9.51048	-0.0324164	-0.0324164	-0.120331
9.52047	-0.0310453	-0.0310453	-0.115242
9.53046	-0.0297164	-0.0297164	-0.110309
9.54045	-0.0284286	-0.0284286	-0.105528
9.55044	-0.0271805	-0.0271805	-0.100895
9.56043	-0.025971	-0.025971	-0.0964056
9.57042	-0.0247988	-0.0247988	-0.0920543
9.58041	-0.0236627	-0.0236627	-0.0878371
9.5904	-0.0225615	-0.0225615	-0.0837496
9.60039	-0.0214941	-0.0214941	-0.0797871
9.61038	-0.0204592	-0.0204592	-0.0759455
9.62037	-0.0194556	-0.0194556	-0.0722203
9.63036	-0.0184823	-0.0184823	-0.0686071
9.64035	-0.017538	-0.017538	-0.0651018
9.65034	-0.0166215	-0.0166215	-0.0617
9.66033	-0.0157319	-0.0157319	-0.0583975
9.67032	-0.0148678	-0.0148678	-0.0551901
9.68031	-0.0140283	-0.0140283	-0.0520737
9.6903	-0.0132121	-0.0132121	-0.0490441
9.70029	-0.0124183	-0.0124183	-0.0460972
9.71028	-0.0116456	-0.0116456	-0.043229
9.72027	-0.010893	-0.010893	-0.0404354
9.73026	-0.0101594	-0.0101594	-0.0377124
9.74025	-0.00944379	-0.00944379	-0.0350558
9.75024	-0.00874498	-0.00874498	-0.0324618
9.76023	-0.00806195	-0.00806195	-0.0299263
9.77022	-0.0073936	-0.0073936	-0.0274454
9.78021	-0.00673887	-0.00673887	-0.025015
9.7902	-0.00609669	-0.00609669	-0.0226312
9.80019	-0.00546597	-0.00546597	-0.02029
9.81018	-0.00484564	-0.00484564	-0.0179873
9.82017	-0.00423462	-0.00423462	-0.0157191
9.83016	-0.00363181	-0.00363181	-0.0134814
9.84015	-0.00303611	-0.00303611	-0.0112702
9.85014	-0.00244642	-0.00244642	-0.00908122
9.86013	-0.00186161	-0.00186161	-0.0069104
9.87012	-0.00128057	-0.00128057	-0.00475353
9.88011	-0.000702127	-0.000702127	-0.00260633
9.8901	-0.00012513	-0.00012513	-0.00046449
9.90009	0.000451608	0	0.00167639
9.91008	0.0010293	0	0.0038208
9.92007	0.00160916	0	0.0059733
9.93006	0.00219247	0	0.00813857
9.94005	0.00278051	0	0.0103214
9.95004	0.0033746	0	0.0125267
9.96003	0.00397611	0	0.0147595
9.97002	0.00458643	0	0.0170251
9.98001	0.00520701	0	0.0193287
9.99	0.00583933	0	0.0216759
