0	0	0	0
0.00999	0.0129921	0.0129921	0.00998884
0.01998	0.0259752	0.0259752	0.0199707
0.02997	0.0389401	0.0389401	0.0299386
0.03996	0.0518779	0.0518779	0.0398856
0.04995	0.0647793	0.0647793	0.0498048
0.05994	0.0776356	0.0776356	0.0596891
0.06993	0.0904377	0.0904377	0.0695318
0.07992	0.103177	0.103177	0.079326
0.08991	0.115844	0.115844	0.0890648
0.0999	0.12843	0.12843	0.0987415
0.10989	0.140926	0.140926	0.108349
0.11988	0.153325	0.153325	0.117882
0.12987	0.165616	0.165616	0.127332
0.13986	0.177792	0.177792	0.136693
0.14985	0.189844	0.189844	0.145959
0.15984	0.201764	0.201764	0.155124
0.16983	0.213544	0.213544	0.16418
0.17982	0.225175	0.225175	0.173123
0.18981	0.236649	0.236649	0.181945
0.1998	0.247959	0.247959	0.19064
0.20979	0.259097	0.259097	0.199203
0.21978	0.270055	0.270055	0.207628
0.22977	0.280826	0.280826	0.215909
0.23976	0.291402	0.291402	0.22404
0.24975	0.301776	0.301776	0.232017
0.25974	0.311941	0.311941	0.239832
0.26973	0.321891	0.321891	0.247481
0.27972	0.331618	0.331618	0.25496
0.28971	0.341115	0.341115	0.262262
0.2997	0.350378	0.350378	0.269384
0.30969	0.359399	0.359399	0.276319
0.31968	0.368172	0.368172	0.283064
0.32967	0.376692	0.376692	0.289615
0.33966	0.384953	0.384953	0.295966
0.34965	0.39295	0.39295	0.302114
0.35964	0.400676	0.400676	0.308055
0.36963	0.408128	0.408128	0.313784
0.37962	0.415301	0.415301	0.319299
0.38961	0.422189	0.422189	0.324595
0.3996	0.428789	0.428789	0.329669
0.40959	0.435097	0.435097	0.334518
0.41958	0.441107	0.441107	0.33914
0.42957	0.446818	0.446818	0.34353
0.43956	0.452224	0.452224	0.347687
0.44955	0.457324	0.457324	0.351607
0.45954	0.462113	0.462113	0.355289
0.46953	0.466589	0.466589	0.358731
0.47952	0.470749	0.470749	0.361929
0.48951	0.474592	0.474592	0.364884
0.4995	0.478114	0.478114	0.367592
0.50949	0.481314	0.481314	0.370052
0.51948	0.484191	0.484191	0.372264
0.52947	0.486742	0.486742	0.374225
0.53946	0.488967	0.488967	0.375936
0.54945	0.490865	0.490865	0.377395
0.55944	0.492434	0.492434	0.378602
0.56943	0.493675	0.493675	0.379556
0.57942	0.494587	0.494587	0.380257
0.58941	0.495171	0.495171	0.380706
0.5994	0.495425	0.495425	0.380901
0.60939	0.495351	0.495351	0.380845
0.61938	0.49495	0.49495	0.380536
0.62937	0.494222	0.494222	0.379976
0.63936	0.493168	0.493168	0.379166
0.64935	0.49179	0.49179	0.378106
0.65934	0.490089	0.490089	0.376799
0.66933	0.488067	0.488067	0.375244
0.67932	0.485726	0.485726	0.373444
0.68931	0.483068	0.483068	0.371401
0.6993	0.480096	0.480096	0.369115
0.70929	0.476811	0.476811	0.36659
0.71928	0.473218	0.473218	0.363827
0.72927	0.469318	0.469318	0.360829
0.73926	0.465115	0.465115	0.357598
0.74925	0.460613	0.460613	0.354137
0.75924	0.455815	0.455815	0.350448
0.76923	0.450725	0.450725	0.346534
0.77922	0.445347	0.445347	0.342399
0.78921	0.439685	0.439685	0.338046
0.7992	0.433742	0.433742	0.333477
0.80919	0.427525	0.427525	0.328697
0.81918	0.421037	0.421037	0.323709
0.82917	0.414283	0.414283	0.318516
0.83916	0.407267	0.407267	0.313122
0.84915	0.399997	0.399997	0.307532
0.85914	0.392475	0.392475	0.301749
0.86913	0.384708	0.384708	0.295778
0.87912	0.376702	0.376702	0.289622
0.88911	0.368461	0.368461	0.283287
0.8991	0.359993	0.359993	0.276776
0.90909	0.351301	0.351301	0.270093
0.91908	0.342394	0.342394	0.263245
0.92907	0.333276	0.333276	0.256235
0.93906	0.323954	0.323954	0.249068
0.94905	0.314434	0.314434	0.241748
0.95904	0.304723	0.304723	0.234282
0.96903	0.294827	0.294827	0.226674
0.97902	0.284752	0.284752	0.218928
0.98901	0.274506	0.274506	0.211051
0.999	0.264095	0.264095	0.203046
1.00899	0.253526	0.253526	0.19492
1.01898	0.242806	0.242806	0.186678
1.02897	0.231941	0.231941	0.178325
1.03896	0.220939	0.220939	0.169866
1.04895	0.209806	0.209806	0.161306
1.05894	0.198549	0.198549	0.152652
1.06893	0.187176	0.187176	0.143908
1.07892	0.175694	0.175694	0.13508
1.08891	0.164109	0.164109	0.126173
1.0989	0.15243	0.15243	0.117193
1.10889	0.140662	0.140662	0.108146
1.11888	0.128813	0.128813	0.0990359
1.12887	0.11689	0.11689	0.0898692
1.13886	0.1049	0.1049	0.0806512
1.14885	0.0928509	0.0928509	0.0713872
1.15884	0.080749	0.080749	0.0620828
1.16883	0.0686015	0.0686015	0.0527433
1.17882	0.0564154	0.0564154	0.0433742
1.18881	0.0441977	0.0441977	0.0339808
1.1988	0.0319554	0.0319554	0.0245685
1.20879	0.0196953	0.0196953	0.0151425
1.21878	0.00742438	0.00742438	0.00570814
1.22877	-0.00485065	-0.00485065	-0.00372936
1.23876	-0.017123	-0.017123	-0.0131648
1.24875	-0.0293861	-0.0293861	-0.0225931
1.25874	-0.0416332	-0.0416332	-0.0320091
1.26873	-0.0538578	-0.0538578	-0.0414079
1.27872	-0.0660535	-0.0660535	-0.0507844
1.28871	-0.0782138	-0.0782138	-0.0601336
1.2987	-0.0903324	-0.0903324	-0.0694509
1.30869	-0.102403	-0.102403	-0.0787313
1.31868	-0.11442	-0.11442	-0.0879702
1.32867	-0.126377	-0.126377	-0.097163
1.33866	-0.138267	-0.138267	-0.106305
1.34865	-0.150086	-0.150086	-0.115392
1.35864	-0.161827	-0.161827	-0.124419
1.36863	-0.173485	-0.173485	-0.133382
1.37862	-0.185055	-0.185055	-0.142277
1.38861	-0.19653	-0.19653	-0.151099
1.3986	-0.207905	-0.207905	-0.159845
1.40859	-0.219176	-0.219176	-0.168511
1.41858	-0.230338	-0.230338	-0.177092
1.42857	-0.241384	-0.241384	-0.185585
1.43856	-0.252312	-0.252312	-0.193987
1.44855	-0.263115	-0.263115	-0.202292
1.45854	-0.273789	-0.273789	-0.210499
1.46853	-0.284331	-0.284331	-0.218604
1.47852	-0.294735	-0.294735	-0.226603
1.48851	-0.304997	-0.304997	-0.234493
1.4985	-0.315114	-0.315114	-0.242271
1.50849	-0.325081	-0.325081	-0.249934
1.51848	-0.334895	-0.334895	-0.25748
1.52847	-0.344552	-0.344552	-0.264905
1.53846	-0.354049	-0.354049	-0.272206
1.54845	-0.363383	-0.363383	-0.279382
1.55844	-0.372549	-0.372549	-0.286429
1.56843	-0.381545	-0.381545	-0.293346
1.57842	-0.390369	-0.390369	-0.30013
1.58841	-0.399017	-0.399017	-0.306779
1.5984	-0.407487	-0.407487	-0.313291
1.60839	-0.415776	-0.415776	-0.319664
1.61838	-0.423882	-0.423882	-0.325896
1.62837	-0.431802	-0.431802	-0.331986
1.63836	-0.439536	-0.439536	-0.337931
1.64835	-0.44708	-0.44708	-0.343731
1.65834	-0.454433	-0.454433	-0.349385
1.66833	-0.461593	-0.461593	-0.35489
1.67832	-0.468559	-0.468559	-0.360246
1.68831	-0.47533	-0.47533	-0.365451
1.6983	-0.481903	-0.481903	-0.370505
1.70829	-0.488279	-0.488279	-0.375407
1.71828	-0.494456	-0.494456	-0.380156
1.72827	-0.500434	-0.500434	-0.384752
1.73826	-0.50621	-0.50621	-0.389193
1.74825	-0.511786	-0.511786	-0.39348
1.75824	-0.517161	-0.517161	-0.397613
1.76823	-0.522334	-0.522334	-0.40159
1.77822	-0.527305	-0.527305	-0.405412
1.78821	-0.532074	-0.532074	-0.409078
1.7982	-0.536642	-0.536642	-0.41259
1.80819	-0.541007	-0.541007	-0.415946
1.81818	-0.545171	-0.545171	-0.419148
1.82817	-0.549135	-0.549135	-0.422195
1.83816	-0.552898	-0.552898	-0.425088
1.84815	-0.556461	-0.556461	-0.427828
1.85814	-0.559825	-0.559825	-0.430414
1.86813	-0.562991	-0.562991	-0.432848
1.87812	-0.56596	-0.56596	-0.435131
1.88811	-0.568732	-0.568732	-0.437263
1.8981	-0.57131	-0.57131	-0.439244
1.90809	-0.573694	-0.573694	-0.441078
1.91808	-0.575886	-0.575886	-0.442763
1.92807	-0.577887	-0.577887	-0.444301
1.93806	-0.579699	-0.579699	-0.445694
1.94805	-0.581323	-0.581323	-0.446943
1.95804	-0.582762	-0.582762	-0.448049
1.96803	-0.584016	-0.584016	-0.449013
1.97802	-0.585088	-0.585088	-0.449837
1.98801	-0.58598	-0.58598	-0.450523
1.998	-0.586693	-0.586693	-0.451072
2.00799	-0.587231	-0.587231	-0.451485
2.01798	-0.587594	-0.587594	-0.451764
2.02797	-0.587786	-0.587786	-0.451912
2.03796	-0.587809	-0.587809	-0.451929
2.04795	-0.587665	-0.587665	-0.451819
2.05794	-0.587356	-0.587356	-0.451581
2.06793	-0.586885	-0.586885	-0.451219
2.07792	-0.586255	-0.586255	-0.450735
2.08791	-0.585468	-0.585468	-0.450129
2.0979	-0.584526	-0.584526	-0.449406
2.10789	-0.583433	-0.583433	-0.448565
2.11788	-0.582192	-0.582192	-0.44761
2.12787	-0.580804	-0.580804	-0.446543
2.13786	-0.579273	-0.579273	-0.445366
2.14785	-0.577601	-0.577601	-0.444081
2.15784	-0.575792	-0.575792	-0.44269
2.16783	-0.573848	-0.573848	-0.441196
2.17782	-0.571773	-0.571773	-0.4396
2.18781	-0.569569	-0.569569	-0.437906
2.1978	-0.567239	-0.567239	-0.436114
2.20779	-0.564786	-0.564786	-0.434229
2.21778	-0.562214	-0.562214	-0.432251
2.22777	-0.559525	-0.559525	-0.430183
2.23776	-0.556722	-0.556722	-0.428028
2.24775	-0.553808	-0.553808	-0.425788
2.25774	-0.550787	-0.550787	-0.423465
2.26773	-0.547661	-0.547661	-0.421062
2.27772	-0.544434	-0.544434	-0.418581
2.28771	-0.541109	-0.541109	-0.416024
2.2977	-0.537688	-0.537688	-0.413394
2.30769	-0.534174	-0.534174	-0.410693
2.31768	-0.530572	-0.530572	-0.407923
2.32767	-0.526883	-0.526883	-0.405087
2.33766	-0.523111	-0.523111	-0.402187
2.34765	-0.51926	-0.51926	-0.399226
2.35764	-0.515331	-0.515331	-0.396205
2.36763	-0.511327	-0.511327	-0.393127
2.37762	-0.507253	-0.507253	-0.389995
2.38761	-0.503111	-0.503111	-0.38681
2.3976	-0.498903	-0.498903	-0.383575
2.40759	-0.494633	-0.494633	-0.380293
2.41758	-0.490304	-0.490304	-0.376964
2.42757	-0.485919	-0.485919	-0.373592
2.43756	-0.481479	-0.481479	-0.370179
2.44755	-0.476989	-0.476989	-0.366727
2.45754	-0.472451	-0.472451	-0.363238
2.46753	-0.467867	-0.467867	-0.359714
2.47752	-0.463241	-0.463241	-0.356157
2.48751	-0.458576	-0.458576	-0.35257
2.4975	-0.453873	-0.453873	-0.348954
2.50749	-0.449135	-0.449135	-0.345312
2.51748	-0.444366	-0.444366	-0.341645
2.52747	-0.439567	-0.439567	-0.337956
2.53746	-0.434742	-0.434742	-0.334246
2.54745	-0.429892	-0.429892	-0.330517
2.55744	-0.42502	-0.42502	-0.326771
2.56743	-0.420129	-0.420129	-0.323011
2.57742	-0.415221	-0.415221	-0.319237
2.58741	-0.410298	-0.410298	-0.315452
2.5974	-0.405362	-0.405362	-0.311658
2.60739	-0.400417	-0.400417	-0.307855
2.61738	-0.395463	-0.395463	-0.304047
2.62737	-0.390503	-0.390503	-0.300233
2.63736	-0.38554	-0.38554	-0.296417
2.64735	-0.380575	-0.380575	-0.2926
2.65734	-0.37561	-0.37561	-0.288783
2.66733	-0.370648	-0.370648	-0.284968
2.67732	-0.36569	-0.36569	-0.281156
2.68731	-0.360738	-0.360738	-0.277349
2.6973	-0.355794	-0.355794	-0.273548
2.70729	-0.35086	-0.35086	-0.269754
2.71728	-0.345937	-0.345937	-0.265969
2.72727	-0.341028	-0.341028	-0.262195
2.73726	-0.336134	-0.336134	-0.258432
2.74725	-0.331256	-0.331256	-0.254682
2.75724	-0.326396	-0.326396	-0.250945
2.76723	-0.321556	-0.321556	-0.247224
2.77722	-0.316737	-0.316737	-0.243519
2.78721	-0.311941	-0.311941	-0.239832
2.7972	-0.307168	-0.307168	-0.236162
2.80719	-0.302421	-0.302421	-0.232513
2.81718	-0.297701	-0.297701	-0.228883
2.82717	-0.293008	-0.293008	-0.225275
2.83716	-0.288344	-0.288344	-0.22169
2.84715	-0.283711	-0.283711	-0.218127
2.85714	-0.279109	-0.279109	-0.214589
2.86713	-0.274539	-0.274539	-0.211076
2.87712	-0.270003	-0.270003	-0.207588
2.88711	-0.265501	-0.265501	-0.204127
2.8971	-0.261035	-0.261035	-0.200693
2.90709	-0.256605	-0.256605	-0.197287
2.91708	-0.252212	-0.252212	-0.19391
2.92707	-0.247857	-0.247857	-0.190562
2.93706	-0.243541	-0.243541	-0.187243
2.94705	-0.239264	-0.239264	-0.183955
2.95704	-0.235028	-0.235028	-0.180698
2.96703	-0.230833	-0.230833	-0.177473
2.97702	-0.226679	-0.226679	-0.174279
2.98701	-0.222567	-0.222567	-0.171118
2.997	-0.218499	-0.218499	-0.16799
3.00699	-0.214473	-0.214473	-0.164895
3.01698	-0.210491	-0.210491	-0.161833
3.02697	-0.206553	-0.206553	-0.158806
3.03696	-0.20266	-0.20266	-0.155812
3.04695	-0.198812	-0.198812	-0.152854
3.05694	-0.195009	-0.195009	-0.14993
3.06693	-0.191251	-0.191251	-0.147041
3.07692	-0.18754	-0.18754	-0.144188
3.08691	-0.183875	-0.183875	-0.14137
3.0969	-0.180256	-0.180256	-0.138588
3.10689	-0.176684	-0.176684	-0.135841
3.11688	-0.173159	-0.173159	-0.133131
3.12687	-0.169681	-0.169681	-0.130457
3.13686	-0.166249	-0.166249	-0.127819
3.14685	-0.162865	-0.162865	-0.125217
3.15684	-0.159528	-0.159528	-0.122651
3.16683	-0.156238	-0.156238	-0.120122
3.17682	-0.152996	-0.152996	-0.117629
3.18681	-0.1498	-0.1498	-0.115172
3.1968	-0.146652	-0.146652	-0.112752
3.20679	-0.143551	-0.143551	-0.110368
3.21678	-0.140497	-0.140497	-0.10802
3.22677	-0.13749	-0.13749	-0.105708
3.23676	-0.13453	-0.13453	-0.103432
3.24675	-0.131617	-0.131617	-0.101192
3.25674	-0.12875	-0.12875	-0.0989876
3.26673	-0.125929	-0.125929	-0.096819
3.27672	-0.123155	-0.123155	-0.0946859
3.28671	-0.120426	-0.120426	-0.0925881
3.2967	-0.117743	-0.117743	-0.0905255
3.30669	-0.115106	-0.115106	-0.0884978
3.31668	-0.112514	-0.112514	-0.0865049
3.32667	-0.109967	-0.109967	-0.0845465
3.33666	-0.107464	-0.107464	-0.0826224
3.34665	-0.105006	-0.105006	-0.0807324
3.35664	-0.102592	-0.102592	-0.0788763
3.36663	-0.100221	-0.100221	-0.0770537
3.37662	-0.097894	-0.097894	-0.0752645
3.38661	-0.0956098	-0.0956098	-0.0735084
3.3966	-0.0933683	-0.0933683	-0.071785
3.40659	-0.0911691	-0.0911691	-0.0700942
3.41658	-0.0890118	-0.0890118	-0.0684355
3.42657	-0.086896	-0.086896	-0.0668088
3.43656	-0.0848213	-0.0848213	-0.0652137
3.44655	-0.0827873	-0.0827873	-0.06365
3.45654	-0.0807937	-0.0807937	-0.0621172
3.46653	-0.07884	-0.07884	-0.0606151
3.47652	-0.0769257	-0.0769257	-0.0591433
3.48651	-0.0750505	-0.0750505	-0.0577016
3.4965	-0.0732139	-0.0732139	-0.0562896
3.50649	-0.0714155	-0.0714155	-0.0549069
3.51648	-0.0696548	-0.0696548	-0.0535532
3.52647	-0.0679315	-0.0679315	-0.0522283
3.53646	-0.066245	-0.066245	-0.0509316
3.54645	-0.0645949	-0.0645949	-0.049663
3.55644	-0.0629808	-0.0629808	-0.048422
3.56643	-0.0614022	-0.0614022	-0.0472083
3.57642	-0.0598586	-0.0598586	-0.0460215
3.58641	-0.0583497	-0.0583497	-0.0448614
3.5964	-0.0568749	-0.0568749	-0.0437275
3.60639	-0.0554337	-0.0554337	-0.0426195
3.61638	-0.0540258	-0.0540258	-0.0415371
3.62637	-0.0526507	-0.0526507	-0.0404798
3.63636	-0.0513079	-0.0513079	-0.0394474
3.64635	-0.049997	-0.049997	-0.0384395
3.65634	-0.0487175	-0.0487175	-0.0374558
3.66633	-0.0474689	-0.0474689	-0.0364959
3.67632	-0.0462509	-0.0462509	-0.0355594
3.68631	-0.045063	-0.045063	-0.0346461
3.6963	-0.0439047	-0.0439047	-0.0337555
3.70629	-0.0427755	-0.0427755	-0.0328874
3.71628	-0.0416752	-0.0416752	-0.0320414
3.72627	-0.0406032	-0.0406032	-0.0312172
3.73626	-0.0395591	-0.0395591	-0.0304145
3.74625	-0.0385424	-0.0385424	-0.0296328
3.75624	-0.0375529	-0.0375529	-0.028872
3.76623	-0.0365899	-0.0365899	-0.0281317
3.77622	-0.0356533	-0.0356533	-0.0274115
3.78621	-0.0347424	-0.0347424	-0.0267112
3.7962	-0.033857	-0.033857	-0.0260305
3.80619	-0.0329966	-0.0329966	-0.025369
3.81618	-0.0321609	-0.0321609	-0.0247265
3.82617	-0.0313495	0	-0.0241026
3.83616	-0.0305619	0	-0.0234972
3.84615	-0.029798	0	-0.0229098
3.85614	-0.0290571	0	-0.0223402
3.86613	-0.0283392	0	-0.0217882
3.87612	-0.0276437	0	-0.0212535
3.88611	-0.0269703	0	-0.0207358
3.8961	-0.0263187	0	-0.0202348
3.90609	-0.0256887	0	-0.0197504
3.91608	-0.0250798	0	-0.0192822
3.92607	-0.0244917	0	-0.0188301
3.93606	-0.0239243	0	-0.0183939
3.94605	-0.0233771	0	-0.0179732
3.95604	-0.0228499	0	-0.0175678
3.96603	-0.0223424	0	-0.0171777
3.97602	-0.0218545	0	-0.0168025
3.98601	-0.0213857	0	-0.0164421
3.996	-0.0209359	0	-0.0160963
4.00599	-0.0205048	0	-0.0157649
4.01598	-0.0200923	0	-0.0154477
4.02597	-0.0196981	0	-0.0151446
4.03596	-0.0193219	0	-0.0148554
4.04595	-0.0189637	0	-0.01458
4.05594	-0.0186232	0	-0.0143182
4.06593	-0.0183003	0	-0.01407
4.07592	-0.0179948	0	-0.0138351
4.08591	-0.0177066	0	-0.0136135
4.0959	-0.0174355	0	-0.013405
4.10589	-0.0171814	0	-0.0132097
4.11588	-0.0169442	0	-0.0130273
4.12587	-0.0167238	0	-0.0128579
4.13586	-0.0165202	0	-0.0127013
4.14585	-0.0163332	0	-0.0125576
4.15584	-0.0161629	0	-0.0124266
4.16583	-0.0160091	0	-0.0123084
4.17582	-0.0158718	0	-0.0122028
4.18581	-0.0157511	0	-0.01211
4.1958	-0.0156469	0	-0.0120299
4.20579	-0.0155593	0	-0.0119626
4.21578	-0.0154883	0	-0.011908
4.22577	-0.015434	0	-0.0118662
4.23576	-0.0153963	0	-0.0118373
4.24575	-0.0153755	0	-0.0118213
4.25574	-0.0153716	0	-0.0118183
4.26573	-0.0153848	0	-0.0118284
4.27572	-0.0154151	0	-0.0118517
4.28571	-0.0154629	0	-0.0118884
4.2957	-0.0155281	0	-0.0119386
4.30569	-0.0156111	0	-0.0120024
4.31568	-0.0157121	0	-0.01208
4.32567	-0.0158313	0	-0.0121717
4.33566	-0.015969	0	-0.0122776
4.34565	-0.0161256	0	-0.0123979
4.35564	-0.0163012	0	-0.012533
4.36563	-0.0164964	0	-0.012683
4.37562	-0.0167114	0	-0.0128483
4.38561	-0.0169466	0	-0.0130292
4.3956	-0.0172026	0	-0.013226
4.40559	-0.0174797	0	-0.013439
4.41558	-0.0177785	0	-0.0136687
4.42557	-0.0180994	0	-0.0139155
4.43556	-0.0184431	0	-0.0141797
4.44555	-0.0188101	0	-0.0144619
4.45554	-0.0192011	0	-0.0147625
4.46553	-0.0196167	0	-0.015082
4.47552	-0.0200576	0	-0.0154211
4.48551	-0.0205247	0	-0.0157801
4.4955	-0.0210186	0	-0.0161599
4.50549	-0.0215402	0	-0.0165609
4.51548	-0.0220904	0	-0.016984
4.52547	-0.0226702	0	-0.0174297
4.53546	-0.0232805	0	-0.0178989
4.54545	-0.0239222	0	-0.0183923
4.55544	-0.0245967	0	-0.0189108
4.56543	-0.0253048	0	-0.0194553
4.57542	-0.026048	0	-0.0200266
4.58541	-0.0268274	0	-0.0206259
4.5954	-0.0276443	0	-0.021254
4.60539	-0.0285002	0	-0.021912
4.61538	-0.0293965	0	-0.0226011
4.62537	-0.0303348	0	-0.0233225
4.63536	-0.0313167	0	-0.0240774
4.64535	-0.0323438	0	-0.0248671
4.65534	-0.033418	0	-0.025693
4.66533	-0.0345412	0	-0.0265566
4.67532	-0.0357153	0	-0.0274592
4.68531	-0.0369423	0	-0.0284026
4.6953	-0.0382245	0	-0.0293884
4.70529	-0.0395641	0	-0.0304184
4.71528	-0.0409635	0	-0.0314943
4.72527	-0.0424252	0	-0.0326181
4.73526	-0.0439518	0	-0.0337918
4.74525	-0.0455461	0	-0.0350175
4.75524	-0.0472109	0	-0.0362975
4.76523	-0.0489493	0	-0.037634
4.77522	-0.0507644	0	-0.0390296
4.78521	-0.0526596	0	-0.0404867
4.7952	-0.0546384	0	-0.0420081
4.80519	-0.0567045	0	-0.0435965
4.81518	-0.0588616	0	-0.0452549
4.82517	-0.0611138	0	-0.0469865
4.83516	-0.0634653	0	-0.0487945
4.84515	-0.0659206	0	-0.0506822
4.85514	-0.0684843	0	-0.0526533
4.86513	-0.0711613	0	-0.0547114
4.87512	-0.0739567	0	-0.0568606
4.88511	-0.0768759	0	-0.059105
4.8951	-0.0799245	0	-0.0614489
4.90509	-0.0831084	0	-0.0638968
4.91508	-0.0864339	0	-0.0664536
4.92507	-0.0899074	0	-0.0691241
4.93506	-0.0935358	0	-0.0719138
4.94505	-0.0973262	0	-0.074828
4.95504	-0.101286	0	-0.0778726
4.96503	-0.105424	0	-0.0810536
4.97502	-0.109747	0	-0.0843775
4.98501	-0.114265	0	-0.0878508
4.995	-0.118986	0	-0.0914807
5.00499	-0.12392	0	-0.0952745
5.01498	-0.129078	0	-0.09924
5.02497	-0.13447	0	-0.103385
5.03496	-0.140106	0	-0.107719
5.04495	-0.146	0	-0.11225
5.05494	-0.152162	0	-0.116988
5.06493	-0.158606	0	-0.121942
5.07492	-0.165345	0	-0.127123
5.08491	-0.172394	0	-0.132543
5.0949	-0.179767	0	-0.138212
5.10489	-0.187481	0	-0.144142
5.11488	-0.195551	0	-0.150347
5.12487	-0.203995	0	-0.156839
5.13486	-0.212832	0	-0.163633
5.14485	-0.22208	0	-0.170743
5.15484	-0.23176	0	-0.178186
5.16483	-0.241892	0	-0.185976
5.17482	-0.2525	0	-0.194131
5.18481	-0.263606	0	-0.20267
5.1948	-0.275235	0	-0.211611
5.20479	-0.287414	0	-0.220974
5.21478	-0.300169	0	-0.230781
5.22477	-0.313529	0	-0.241052
5.23476	-0.327524	0	-0.251812
5.24475	-0.342186	0	-0.263085
5.25474	-0.357549	0	-0.274897
5.26473	-0.373647	0	-0.287274
5.27472	-0.390519	0	-0.300245
5.28471	-0.408202	0	-0.313841
5.2947	-0.426737	0	-0.328092
5.30469	-0.446169	0	-0.343031
5.31468	-0.466543	0	-0.358695
5.32467	-0.487905	0	-0.37512
5.33466	-0.510308	0	-0.392344
5.34465	-0.533804	0	-0.410408
5.35464	-0.558449	0	-0.429356
5.36463	-0.584302	0	-0.449233
5.37462	-0.611426	0	-0.470087
5.38461	-0.639885	0	-0.491968
5.3946	-0.66975	0	-0.514928
5.40459	-0.701092	0	-0.539025
5.41458	-0.733988	0	-0.564317
5.42457	-0.76852	0	-0.590867
5.43456	-0.804772	0	-0.618739
5.44455	-0.842835	0	-0.648002
5.45454	-0.882802	0	-0.678731
5.46453	-0.924775	0	-0.711001
5.47452	-0.968858	0	-0.744894
5.48451	-1.01516	0	-0.780495
5.4945	-1.06381	0	-0.817894
5.50449	-1.11491	0	-0.857186
5.51448	-1.16861	0	-0.898472
5.52447	-1.22504	0	-0.941858
5.53446	-1.28435	0	-0.987455
5.54445	-1.34669	0	-1.03538
5.55444	-1.41221	0	-1.08576
5.56443	-1.4811	0	-1.13873
5.57442	-1.55354	0	-1.19442
5.58441	-1.62971	0	-1.25298
5.5944	-1.70981	0	-1.31456
5.60439	-1.79406	0	-1.37934
5.61438	-1.88268	0	-1.44747
5.62437	-1.97591	0	-1.51915
5.63436	-2.07399	0	-1.59456
5.64435	-2.17721	0	-1.67392
5.65434	-2.28582	0	-1.75742
5.66433	-2.40013	0	-1.84531
5.67432	-2.52046	0	-1.93782
5.68431	-2.64712	0	-2.0352
5.6943	-2.78047	0	-2.13773
5.70429	-2.92088	0	-2.24568
5.71428	-3.06874	0	-2.35936
5.72427	-3.22445	0	-2.47908
5.73426	-3.38846	0	-2.60517
5.74425	-3.56122	0	-2.738
5.75424	-3.74323	0	-2.87793
5.76423	-3.93499	0	-3.02537
5.77422	-4.13706	0	-3.18072
5.78421	-4.35	0	-3.34444
5.7942	-4.57443	0	-3.51699
5.80419	-4.811	0	-3.69888
5.81418	-5.06039	0	-3.89061
5.82417	-5.32331	0	-4.09276
5.83416	-5.60055	0	-4.30591
5.84415	-5.8929	0	-4.53068
5.85414	-6.20122	0	-4.76773
5.86413	-6.52643	0	-5.01776
5.87412	-6.86948	0	-5.28151
5.88411	-7.23139	0	-5.55976
5.8941	-7.61325	0	-5.85335
5.90409	-8.01618	0	-6.16314
5.91408	-8.44142	0	-6.49007
5.92407	-8.89022	0	-6.83513
5.93406	-9.36396	0	-7.19936
5.94405	-9.86408	0	-7.58387
5.95404	-10.3921	0	-7.98983
5.96403	-10.9496	0	-8.41848
5.97402	-11.5384	0	-8.87114
5.98401	-12.1602	0	-9.3492
5.994	-12.817	0	-9.85416
6.00399	-13.5108	0	-10.3876
6.01398	-14.2437	0	-10.9511
6.02397	-15.0182	0	-11.5465
6.03396	-15.8365	0	-12.1757
6.04395	-16.7014	0	-12.8406
6.05394	-17.6155	0	-13.5434
6.06393	-18.5817	0	-14.2863
6.07392	-19.6032	0	-15.0716
6.08391	-20.6831	0	-15.9019
6.0939	-21.825	0	-16.7799
6.10389	-23.0326	0	-17.7083
6.11388	-24.3098	0	-18.6903
6.12387	-25.6607	0	-19.7289
6.13386	-27.0897	0	-20.8276
6.14385	-28.6016	0	-21.9899
6.15384	-30.2012	0	-23.2198
6.16383	-31.8939	0	-24.5212
6.17382	-33.6853	0	-25.8985
6.18381	-35.5814	0	-27.3563
6.1938	-37.5884	0	-28.8993
6.20379	-39.7131	0	-30.5329
6.21378	-41.9626	0	-32.2624
6.22377	-44.3445	0	-34.0937
6.23376	-46.867	0	-36.0331
6.24375	-49.5385	0	-38.087
6.25374	-52.3682	0	-40.2626
6.26373	-55.3658	0	-42.5673
6.27372	-58.5415	0	-45.0089
6.28371	-61.9064	0	-47.5959
6.2937	-65.472	0	-50.3373
6.30369	-69.2508	0	-53.2426
6.31368	-73.2559	0	-56.3218
6.32367	-77.5013	0	-59.5859
6.33366	-82.002	0	-63.0462
6.34365	-86.7738	0	-66.7149
6.35364	-91.8335	0	-70.605
6.36363	-97.1992	0	-74.7304
6.37362	-102.89	0	-79.1056
6.38361	-108.926	0	-83.7464
6.3936	-115.329	0	-88.6693
6.40359	-122.122	0	-93.8922
6.41358	-129.33	0	-99.4338
6.42357	-136.979	0	-105.314
6.43356	-145.096	0	-111.555
6.44355	-153.711	0	-118.179
6.45354	-162.856	0	-125.21
6.46353	-172.564	0	-132.674
6.47352	-182.871	0	-140.598
6.48351	-193.816	0	-149.013
6.4935	-205.439	0	-157.949
6.50349	-217.783	0	-167.439
6.51348	-230.894	0	-177.52
6.52347	-244.822	0	-188.228
6.53346	-259.619	0	-199.604
6.54345	-275.341	0	-211.692
6.55344	-292.047	0	-224.537
6.56343	-309.802	0	-238.187
6.57342	-328.672	0	-252.695
6.58341	-348.731	0	-268.117
6.5934	-370.054	0	-284.512
6.60339	-392.726	0	-301.942
6.61338	-416.832	0	-320.476
6.62337	-442.468	0	-340.186
6.63336	-469.732	0	-361.147
6.64335	-498.731	0	-383.443
6.65334	-529.579	0	-407.16
6.66333	-562.398	0	-432.392
6.67332	-597.316	0	-459.239
6.68331	-634.473	0	-487.806
6.6933	-674.016	0	-518.208
6.70329	-716.102	0	-550.566
6.71328	-760.9	0	-585.008
6.72327	-808.591	0	-621.675
6.73326	-859.365	0	-660.712
6.74325	-913.429	0	-702.278
6.75324	-971	0	-746.541
6.76323	-1032.31	0	-793.682
6.77322	-1097.62	0	-843.892
6.78321	-1167.19	0	-897.379
6.7932	-1241.3	0	-954.36
6.80319	-1320.27	0	-1015.07
6.81318	-1404.41	0	-1079.76
6.82317	-1494.08	0	-1148.71
6.83316	-1589.65	0	-1222.18
6.84315	-1691.52	0	-1300.51
6.85314	-1800.12	0	-1384
6.86313	-1915.9	0	-1473.01
6.87312	-2039.35	0	-1567.93
6.88311	-2170.99	0	-1669.14
6.8931	-2311.39	0	-1777.08
6.90309	-2461.13	0	-1892.21
6.91308	-2620.86	0	-2015.02
6.92307	-2791.27	0	-2146.03
6.93306	-2973.08	0	-2285.82
6.94305	-3167.09	0	-2434.97
6.95304	-3374.12	0	-2594.15
6.96303	-3595.08	0	-2764.03
6.97302	-3830.93	0	-2945.36
6.98301	-4082.7	0	-3138.93
6.993	-4351.49	0	-3345.59
7.00299	-4638.49	0	-3566.24
7.01298	-4944.96	0	-3801.87
7.02297	-5272.25	0	-4053.5
7.03296	-5621.82	0	-4322.27
7.04295	-5995.23	0	-4609.35
7.05294	-6394.13	0	-4916.05
7.06293	-6820.33	0	-5243.72
7.07292	-7275.72	0	-5593.84
7.08291	-7762.37	0	-5968
7.0929	-8282.48	0	-6367.88
7.10289	-8838.4	0	-6795.29
7.11288	-9432.66	0	-7252.18
7.12287	-10068	0	-7740.63
7.13286	-10747.3	0	-8262.89
7.14285	-11473.6	0	-8821.34
7.15284	-12250.4	0	-9418.57
7.16283	-13081.2	0	-10057.3
7.17282	-13969.9	0	-10740.6
7.18281	-14920.6	0	-11471.5
7.1928	-15937.7	0	-12253.5
7.20279	-17025.9	0	-13090.2
7.21278	-18190.5	0	-13985.5
7.22277	-19436.9	0	-14943.8
7.23276	-20770.9	0	-15969.4
7.24275	-22198.9	0	-17067.3
7.25274	-23727.6	0	-18242.6
7.26273	-25364.3	0	-19501
7.27272	-27117	0	-20848.5
7.28271	-28993.8	0	-22291.5
7.2927	-31004	0	-23837
7.30269	-33157.1	0	-25492.4
7.31268	-35463.6	0	-27265.7
7.32267	-37934.6	0	-29165.5
7.33266	-40582.2	0	-31201.1
7.34265	-43419.3	0	-33382.4
7.35264	-46459.8	0	-35720
7.36263	-49718.6	0	-38225.5
7.37262	-53211.8	0	-40911.2
7.38261	-56956.5	0	-43790.3
7.3926	-60971.4	0	-46877.1
7.40259	-65276.4	0	-50186.9
7.41258	-69892.9	0	-53736.2
7.42257	-74844	0	-57542.8
7.43256	-80154.5	0	-61625.7
7.44255	-85851.1	0	-66005.5
7.45254	-91962.4	0	-70704.1
7.46253	-98519.5	0	-75745.5
7.47252	-105556	0	-81155
7.48251	-113106	0	-86960.3
7.4925	-121210	0	-93191
7.50249	-129909	0	-99878.8
7.51248	-139247	0	-107058
7.52247	-149272	0	-114766
7.53246	-160037	0	-123042
7.54245	-171596	0	-131929
7.55244	-184010	0	-141473
7.56243	-197343	0	-151725
7.57242	-211665	0	-162736
7.58241	-227051	0	-174565
7.5924	-243582	0	-187275
7.60239	-261345	0	-200931
7.61238	-280433	0	-215607
7.62237	-300947	0	-231379
7.63236	-322997	0	-248332
7.64235	-346701	0	-266556
7.65234	-372183	0	-286148
7.66233	-399582	0	-307213
7.67232	-429044	0	-329865
7.68231	-460727	0	-354224
7.6923	-494804	0	-380423
7.70229	-531458	0	-408604
7.71228	-570888	0	-438920
7.72227	-613311	0	-471536
7.73226	-658956	0	-506630
7.74225	-708075	0	-544394
7.75224	-760936	0	-585036
7.76223	-817832	0	-628780
7.77222	-879077	0	-675867
7.78221	-945009	0	-726558
7.7922	-1.016e+006	0	-781135
7.80219	-1.09243e+006	0	-839902
7.81218	-1.17474e+006	0	-903187
7.82217	-1.26339e+006	0	-971345
7.83216	-1.35888e+006	0	-1.04476e+006
7.84215	-1.46174e+006	0	-1.12384e+006
7.85214	-1.57255e+006	0	-1.20904e+006
7.86213	-1.69195e+006	0	-1.30083e+006
7.87212	-1.82061e+006	0	-1.39975e+006
7.88211	-1.95925e+006	0	-1.50635e+006
7.8921	-2.10869e+006	0	-1.62124e+006
7.90209	-2.26976e+006	0	-1.74508e+006
7.91208	-2.4434e+006	0	-1.87858e+006
7.92207	-2.63061e+006	0	-2.02251e+006
7.93206	-2.83246e+006	0	-2.1777e+006
7.94205	-3.05013e+006	0	-2.34505e+006
7.95204	-3.28487e+006	0	-2.52553e+006
7.96203	-3.53806e+006	0	-2.72019e+006
7.97202	-3.81117e+006	0	-2.93017e+006
7.98201	-4.10581e+006	0	-3.1567e+006
7.992	-4.42369e+006	0	-3.4011e+006
8.00199	-4.7667e+006	0	-3.66481e+006
8.01198	-5.13685e+006	0	-3.9494e+006
8.02197	-5.53634e+006	0	-4.25654e+006
8.03196	-5.96753e+006	0	-4.58806e+006
8.04195	-6.43299e+006	0	-4.94592e+006
8.05194	-6.9355e+006	0	-5.33227e+006
8.06193	-7.47806e+006	0	-5.74941e+006
8.07192	-8.06392e+006	0	-6.19984e+006
8.08191	-8.69662e+006	0	-6.68628e+006
8.0919	-9.37995e+006	0	-7.21165e+006
8.10189	-1.01181e+007	0	-7.77914e+006
8.11188	-1.09154e+007	0	-8.39217e+006
8.12187	-1.17769e+007	0	-9.05448e+006
8.13186	-1.27076e+007	0	-9.77011e+006
8.14185	-1.37135e+007	0	-1.05434e+007
8.15184	-1.48005e+007	0	-1.13791e+007
8.16183	-1.59753e+007	0	-1.22824e+007
8.17182	-1.72453e+007	0	-1.32588e+007
8.18181	-1.86182e+007	0	-1.43144e+007
8.1918	-2.01025e+007	0	-1.54556e+007
8.20179	-2.17075e+007	0	-1.66895e+007
8.21178	-2.34432e+007	0	-1.8024e+007
8.22177	-2.53203e+007	0	-1.94672e+007
8.23176	-2.73506e+007	0	-2.10281e+007
8.24175	-2.95468e+007	0	-2.27167e+007
8.25174	-3.19229e+007	0	-2.45435e+007
8.26173	-3.44936e+007	0	-2.652e+007
8.27172	-3.72754e+007	0	-2.86587e+007
8.28171	-4.02857e+007	0	-3.09732e+007
8.2917	-4.35439e+007	0	-3.34781e+007
8.30169	-4.70705e+007	0	-3.61895e+007
8.31168	-5.08881e+007	0	-3.91247e+007
8.32167	-5.50213e+007	0	-4.23024e+007
8.33166	-5.94964e+007	0	-4.57431e+007
8.34165	-6.43424e+007	0	-4.94688e+007
8.35164	-6.95905e+007	0	-5.35037e+007
8.36163	-7.52746e+007	0	-5.78739e+007
8.37162	-8.14317e+007	0	-6.26077e+007
8.38161	-8.81017e+007	0	-6.77359e+007
8.3916	-9.53282e+007	0	-7.32919e+007
8.40159	-1.03158e+008	0	-7.9312e+007
8.41158	-1.11644e+008	0	-8.58357e+007
8.42157	-1.2084e+008	0	-9.29059e+007
8.43156	-1.30807e+008	0	-1.00569e+008
8.44155	-1.41611e+008	0	-1.08876e+008
8.45154	-1.53325e+008	0	-1.17882e+008
8.46153	-1.66024e+008	0	-1.27646e+008
8.47152	-1.79795e+008	0	-1.38233e+008
8.48151	-1.94728e+008	0	-1.49714e+008
8.4915	-2.10924e+008	0	-1.62166e+008
8.50149	-2.28492e+008	0	-1.75673e+008
8.51148	-2.47548e+008	0	-1.90324e+008
8.52147	-2.68223e+008	0	-2.0622e+008
8.53146	-2.90655e+008	0	-2.23466e+008
8.54145	-3.14997e+008	0	-2.42181e+008
8.55144	-3.41413e+008	0	-2.62491e+008
8.56143	-3.70083e+008	0	-2.84534e+008
8.57142	-4.01204e+008	0	-3.08461e+008
8.58141	-4.34988e+008	0	-3.34435e+008
8.5914	-4.71667e+008	0	-3.62635e+008
8.60139	-5.11492e+008	0	-3.93254e+008
8.61138	-5.54739e+008	0	-4.26504e+008
8.62137	-6.01706e+008	0	-4.62614e+008
8.63136	-6.52719e+008	0	-5.01834e+008
8.64135	-7.08131e+008	0	-5.44437e+008
8.65134	-7.68329e+008	0	-5.9072e+008
8.66133	-8.33732e+008	0	-6.41004e+008
8.67132	-9.04799e+008	0	-6.95643e+008
8.68131	-9.82026e+008	0	-7.55018e+008
8.6913	-1.06596e+009	0	-8.19548e+008
8.70129	-1.15719e+009	0	-8.89688e+008
8.71128	-1.25635e+009	0	-9.65932e+008
8.72127	-1.36417e+009	0	-1.04882e+009
8.73126	-1.48138e+009	0	-1.13894e+009
8.74125	-1.60885e+009	0	-1.23694e+009
8.75124	-1.74746e+009	0	-1.34351e+009
8.76123	-1.89821e+009	0	-1.45942e+009
8.77122	-2.06219e+009	0	-1.58549e+009
8.78121	-2.24057e+009	0	-1.72264e+009
8.7912	-2.43464e+009	0	-1.87184e+009
8.80119	-2.6458e+009	0	-2.03419e+009
8.81118	-2.87557e+009	0	-2.21085e+009
8.82117	-3.12563e+009	0	-2.4031e+009
8.83116	-3.39779e+009	0	-2.61235e+009
8.84115	-3.69404e+009	0	-2.84012e+009
8.85114	-4.01654e+009	0	-3.08807e+009
8.86113	-4.36766e+009	0	-3.35802e+009
8.87112	-4.74998e+009	0	-3.65196e+009
8.88111	-5.1663e+009	0	-3.97204e+009
8.8911	-5.6197e+009	0	-4.32064e+009
8.90109	-6.11354e+009	0	-4.70032e+009
8.91108	-6.65148e+009	0	-5.11391e+009
8.92107	-7.23752e+009	0	-5.56447e+009
8.93106	-7.87602e+009	0	-6.05537e+009
8.94105	-8.57175e+009	0	-6.59028e+009
8.95104	-9.32992e+009	0	-7.17319e+009
8.96103	-1.01562e+010	0	-7.80847e+009
8.97102	-1.10569e+010	0	-8.50092e+009
8.98101	-1.20386e+010	0	-9.25575e+009
8.991	-1.3109e+010	0	-1.00787e+010
9.00099	-1.4276e+010	0	-1.09759e+010
9.01098	-1.55485e+010	0	-1.19543e+010
9.02097	-1.69362e+010	0	-1.30212e+010
9.03096	-1.84498e+010	0	-1.41849e+010
9.04095	-2.01007e+010	0	-1.54542e+010
9.05094	-2.19016e+010	0	-1.68388e+010
9.06093	-2.38664e+010	0	-1.83494e+010
9.07092	-2.60103e+010	0	-1.99976e+010
9.08091	-2.83496e+010	0	-2.17962e+010
9.0909	-3.09026e+010	0	-2.37591e+010
9.10089	-3.36891e+010	0	-2.59014e+010
9.11088	-3.67307e+010	0	-2.82399e+010
9.12087	-4.0051e+010	0	-3.07927e+010
9.13086	-4.36762e+010	0	-3.35799e+010
9.14085	-4.76344e+010	0	-3.66231e+010
9.15084	-5.19569e+010	0	-3.99464e+010
9.16083	-5.66775e+010	0	-4.35758e+010
9.17082	-6.18335e+010	0	-4.75399e+010
9.18081	-6.74657e+010	0	-5.18701e+010
9.1908	-7.36186e+010	0	-5.66007e+010
9.20079	-8.03411e+010	0	-6.17692e+010
9.21078	-8.76866e+010	0	-6.74167e+010
9.22077	-9.57138e+010	0	-7.35883e+010
9.23076	-1.04487e+011	0	-8.03333e+010
9.24075	-1.14076e+011	0	-8.77058e+010
9.25074	-1.24558e+011	0	-9.57648e+010
9.26073	-1.36018e+011	0	-1.04575e+011
9.27072	-1.48547e+011	0	-1.14209e+011
9.28071	-1.62248e+011	0	-1.24742e+011
9.2907	-1.77231e+011	0	-1.36262e+011
9.30069	-1.93618e+011	0	-1.48861e+011
9.31068	-2.11542e+011	0	-1.62641e+011
9.32067	-2.3115e+011	0	-1.77717e+011
9.33066	-2.52601e+011	0	-1.94209e+011
9.34065	-2.76073e+011	0	-2.12255e+011
9.35064	-3.01757e+011	0	-2.32002e+011
9.36063	-3.29865e+011	0	-2.53612e+011
9.37062	-3.60629e+011	0	-2.77265e+011
9.38061	-3.94304e+011	0	-3.03155e+011
9.3906	-4.31168e+011	0	-3.31498e+011
9.40059	-4.71528e+011	0	-3.62528e+011
9.41058	-5.1572e+011	0	-3.96504e+011
9.42057	-5.64112e+011	0	-4.3371e+011
9.43056	-6.17111e+011	0	-4.74458e+011
9.44055	-6.75159e+011	0	-5.19087e+011
9.45054	-7.38745e+011	0	-5.67974e+011
9.46053	-8.08404e+011	0	-6.21531e+011
9.47052	-8.84723e+011	0	-6.80208e+011
9.48051	-9.6835e+011	0	-7.44503e+011
9.4905	-1.05999e+012	0	-8.14961e+011
9.50049	-1.16043e+012	0	-8.9218e+011
9.51048	-1.27051e+012	0	-9.76818e+011
9.52047	-1.39119e+012	0	-1.0696e+012
9.53046	-1.52348e+012	0	-1.17131e+012
9.54045	-1.66853e+012	0	-1.28283e+012
9.55044	-1.82759e+012	0	-1.40512e+012
9.56043	-2.00201e+012	0	-1.53922e+012
9.57042	-2.19331e+012	0	-1.6863e+012
9.58041	-2.40314e+012	0	-1.84762e+012
9.5904	-2.63332e+012	0	-2.02459e+012
9.60039	-2.88585e+012	0	-2.21875e+012
9.61038	-3.16292e+012	0	-2.43177e+012
9.62037	-3.46696e+012	0	-2.66553e+012
9.63036	-3.80063e+012	0	-2.92206e+012
9.64035	-4.16684e+012	0	-3.20362e+012
9.65034	-4.56881e+012	0	-3.51267e+012
9.66033	-5.01009e+012	0	-3.85194e+012
9.67032	-5.49456e+012	0	-4.22442e+012
9.68031	-6.02651e+012	0	-4.6334e+012
9.6903	-6.61065e+012	0	-5.08251e+012
9.70029	-7.25217e+012	0	-5.57573e+012
9.71028	-7.95677e+012	0	-6.11746e+012
9.72027	-8.73074e+012	0	-6.71251e+012
9.73026	-9.58099e+012	0	-7.36622e+012
9.74025	-1.05152e+013	0	-8.08444e+012
9.75024	-1.15416e+013	0	-8.8736e+012
9.76023	-1.26696e+013	0	-9.74082e+012
9.77022	-1.39092e+013	0	-1.06939e+013
9.78021	-1.52717e+013	0	-1.17415e+013
9.7902	-1.67695e+013	0	-1.2893e+013
9.80019	-1.84161e+013	0	-1.4159e+013
9.81018	-2.02264e+013	0	-1.55508e+013
9.82017	-2.22171e+013	0	-1.70813e+013
9.83016	-2.44062e+013	0	-1.87644e+013
9.84015	-2.68137e+013	0	-2.06154e+013
9.85014	-2.94619e+013	0	-2.26514e+013
9.86013	-3.2375e+013	0	-2.48911e+013
9.87012	-3.55798e+013	0	-2.73551e+013
9.88011	-3.91059e+013	0	-3.00661e+013
9.8901	-4.2986e+013	0	-3.30492e+013
9.90009	-4.7256e+013	0	-3.63321e+013
9.91008	-5.19555e+013	0	-3.99453e+013
9.92007	-5.71284e+013	0	-4.39224e+013
9.93006	-6.28228e+013	0	-4.83005e+013
9.94005	-6.9092e+013	0	-5.31205e+013
9.95004	-7.59948e+013	0	-5.84276e+013
9.96003	-8.35959e+013	0	-6.42717e+013
9.97002	-9.19669e+013	0	-7.07076e+013
9.98001	-1.01187e+014	0	-7.77961e+013
9.99	-1.11342e+014	0	-8.56041e+013
