0	0.751517	0.751517	1
0.00999	0.75148	0.75148	0.99995
0.01998	0.751367	0.751367	0.9998
0.02997	0.751179	0.751179	0.999551
0.03996	0.750917	0.750917	0.999201
0.04995	0.75058	0.75058	0.998753
0.05994	0.750167	0.750167	0.998204
0.06993	0.749681	0.749681	0.997556
0.07992	0.749119	0.749119	0.996809
0.08991	0.748484	0.748484	0.995964
0.0999	0.747774	0.747774	0.995019
0.10989	0.74699	0.74699	0.993976
0.11988	0.746133	0.746133	0.992835
0.12987	0.745202	0.745202	0.991596
0.13986	0.744198	0.744198	0.99026
0.14985	0.743121	0.743121	0.988827
0.15984	0.741971	0.741971	0.987298
0.16983	0.740749	0.740749	0.985672
0.17982	0.739456	0.739456	0.983951
0.18981	0.738091	0.738091	0.982134
0.1998	0.736655	0.736655	0.980223
0.20979	0.735148	0.735148	0.978218
0.21978	0.733571	0.733571	0.97612
0.22977	0.731924	0.731924	0.973929
0.23976	0.730208	0.730208	0.971646
0.24975	0.728424	0.728424	0.969271
0.25974	0.726571	0.726571	0.966805
0.26973	0.72465	0.72465	0.96425
0.27972	0.722663	0.722663	0.961605
0.28971	0.720608	0.720608	0.958872
0.2997	0.718488	0.718488	0.95605
0.30969	0.716303	0.716303	0.953142
0.31968	0.714053	0.714053	0.950148
0.32967	0.711738	0.711738	0.947069
0.33966	0.709361	0.709361	0.943905
0.34965	0.706921	0.706921	0.940658
0.35964	0.704418	0.704418	0.937329
0.36963	0.701855	0.701855	0.933918
0.37962	0.699231	0.699231	0.930426
0.38961	0.696547	0.696547	0.926855
0.3996	0.693804	0.693804	0.923205
0.40959	0.691003	0.691003	0.919478
0.41958	0.688145	0.688145	0.915674
0.42957	0.68523	0.68523	0.911795
0.43956	0.682259	0.682259	0.907842
0.44955	0.679233	0.679233	0.903816
0.45954	0.676153	0.676153	0.899717
0.46953	0.67302	0.67302	0.895548
0.47952	0.669834	0.669834	0.891309
0.48951	0.666597	0.666597	0.887001
0.4995	0.663309	0.663309	0.882626
0.50949	0.659971	0.659971	0.878185
0.51948	0.656584	0.656584	0.873679
0.52947	0.65315	0.65315	0.869109
0.53946	0.649669	0.649669	0.864476
0.54945	0.646141	0.646141	0.859783
0.55944	0.642569	0.642569	0.855029
0.56943	0.638953	0.638953	0.850217
0.57942	0.635293	0.635293	0.845347
0.58941	0.631591	0.631591	0.840421
0.5994	0.627848	0.627848	0.835441
0.60939	0.624065	0.624065	0.830407
0.61938	0.620242	0.620242	0.82532
0.62937	0.616382	0.616382	0.820183
0.63936	0.612484	0.612484	0.814997
0.64935	0.60855	0.60855	0.809762
0.65934	0.604581	0.604581	0.804481
0.66933	0.600578	0.600578	0.799154
0.67932	0.596541	0.596541	0.793783
0.68931	0.592473	0.592473	0.788369
0.6993	0.588373	0.588373	0.782914
0.70929	0.584243	0.584243	0.777419
0.71928	0.580085	0.580085	0.771885
0.72927	0.575898	0.575898	0.766314
0.73926	0.571684	0.571684	0.760707
0.74925	0.567445	0.567445	0.755066
0.75924	0.56318	0.56318	0.749391
0.76923	0.558892	0.558892	0.743685
0.77922	0.554581	0.554581	0.737948
0.78921	0.550248	0.550248	0.732183
0.7992	0.545894	0.545894	0.72639
0.80919	0.541521	0.541521	0.72057
0.81918	0.537129	0.537129	0.714726
0.82917	0.532719	0.532719	0.708858
0.83916	0.528293	0.528293	0.702968
0.84915	0.523851	0.523851	0.697058
0.85914	0.519394	0.519394	0.691127
0.86913	0.514924	0.514924	0.685179
0.87912	0.510441	0.510441	0.679214
0.88911	0.505946	0.505946	0.673233
0.8991	0.501441	0.501441	0.667239
0.90909	0.496926	0.496926	0.661231
0.91908	0.492403	0.492403	0.655212
0.92907	0.487872	0.487872	0.649183
0.93906	0.483334	0.483334	0.643145
0.94905	0.478791	0.478791	0.637099
0.95904	0.474242	0.474242	0.631047
0.96903	0.46969	0.46969	0.62499
0.97902	0.465135	0.465135	0.618928
0.98901	0.460578	0.460578	0.612865
0.999	0.45602	0.45602	0.6068
1.00899	0.451462	0.451462	0.600734
1.01898	0.446905	0.446905	0.59467
1.02897	0.442349	0.442349	0.588608
1.03896	0.437796	0.437796	0.58255
1.04895	0.433246	0.433246	0.576495
1.05894	0.428701	0.428701	0.570447
1.06893	0.424161	0.424161	0.564406
1.07892	0.419626	0.419626	0.558372
1.08891	0.415099	0.415099	0.552348
1.0989	0.410579	0.410579	0.546334
1.10889	0.406068	0.406068	0.540331
1.11888	0.401566	0.401566	0.53434
1.12887	0.397074	0.397074	0.528363
1.13886	0.392593	0.392593	0.5224
1.14885	0.388123	0.388123	0.516453
1.15884	0.383666	0.383666	0.510522
1.16883	0.379222	0.379222	0.504609
1.17882	0.374792	0.374792	0.498714
1.18881	0.370376	0.370376	0.492838
1.1988	0.365976	0.365976	0.486983
1.20879	0.361591	0.361591	0.481149
1.21878	0.357224	0.357224	0.475337
1.22877	0.352873	0.352873	0.469547
1.23876	0.34854	0.34854	0.463782
1.24875	0.344226	0.344226	0.458042
1.25874	0.339931	0.339931	0.452327
1.26873	0.335656	0.335656	0.446638
1.27872	0.331401	0.331401	0.440977
1.28871	0.327168	0.327168	0.435343
1.2987	0.322955	0.322955	0.429738
1.30869	0.318765	0.318765	0.424163
1.31868	0.314598	0.314598	0.418617
1.32867	0.310454	0.310454	0.413103
1.33866	0.306333	0.306333	0.40762
1.34865	0.302237	0.302237	0.402169
1.35864	0.298165	0.298165	0.396751
1.36863	0.294118	0.294118	0.391366
1.37862	0.290097	0.290097	0.386016
1.38861	0.286103	0.286103	0.3807
1.3986	0.282134	0.282134	0.375419
1.40859	0.278193	0.278193	0.370175
1.41858	0.274278	0.274278	0.364966
1.42857	0.270392	0.270392	0.359795
1.43856	0.266533	0.266533	0.35466
1.44855	0.262703	0.262703	0.349564
1.45854	0.258902	0.258902	0.344506
1.46853	0.25513	0.25513	0.339486
1.47852	0.251387	0.251387	0.334506
1.48851	0.247674	0.247674	0.329565
1.4985	0.243991	0.243991	0.324665
1.50849	0.240338	0.240338	0.319804
1.51848	0.236716	0.236716	0.314985
1.52847	0.233125	0.233125	0.310206
1.53846	0.229565	0.229565	0.305468
1.54845	0.226036	0.226036	0.300773
1.55844	0.222538	0.222538	0.296119
1.56843	0.219073	0.219073	0.291507
1.57842	0.215639	0.215639	0.286938
1.58841	0.212237	0.212237	0.282412
1.5984	0.208868	0.208868	0.277928
1.60839	0.205531	0.205531	0.273488
1.61838	0.202226	0.202226	0.269091
1.62837	0.198954	0.198954	0.264737
1.63836	0.195715	0.195715	0.260427
1.64835	0.192509	0.192509	0.256161
1.65834	0.189336	0.189336	0.251938
1.66833	0.186196	0.186196	0.24776
1.67832	0.183089	0.183089	0.243625
1.68831	0.180015	0.180015	0.239535
1.6983	0.176974	0.176974	0.235489
1.70829	0.173967	0.173967	0.231487
1.71828	0.170992	0.170992	0.22753
1.72827	0.168052	0.168052	0.223617
1.73826	0.165144	0.165144	0.219748
1.74825	0.16227	0.16227	0.215923
1.75824	0.159429	0.159429	0.212143
1.76823	0.156621	0.156621	0.208407
1.77822	0.153847	0.153847	0.204715
1.78821	0.151106	0.151106	0.201068
1.7982	0.148398	0.148398	0.197464
1.80819	0.145723	0.145723	0.193905
1.81818	0.143081	0.143081	0.190389
1.82817	0.140472	0.140472	0.186917
1.83816	0.137895	0.137895	0.183489
1.84815	0.135352	0.135352	0.180105
1.85814	0.132841	0.132841	0.176764
1.86813	0.130362	0.130362	0.173466
1.87812	0.127916	0.127916	0.170211
1.88811	0.125502	0.125502	0.166999
1.8981	0.123121	0.123121	0.16383
1.90809	0.120771	0.120771	0.160703
1.91808	0.118453	0.118453	0.157619
1.92807	0.116167	0.116167	0.154577
1.93806	0.113912	0.113912	0.151576
1.94805	0.111689	0.111689	0.148618
1.95804	0.109496	0.109496	0.145701
1.96803	0.107335	0.107335	0.142825
1.97802	0.105205	0.105205	0.13999
1.98801	0.103105	0.103105	0.137195
1.998	0.101035	0.101035	0.134441
2.00799	0.0989956	0.0989956	0.131728
2.01798	0.0969861	0.0969861	0.129054
2.02797	0.0950063	0.0950063	0.126419
2.03796	0.0930561	0.0930561	0.123824
2.04795	0.0911351	0.0911351	0.121268
2.05794	0.0892431	0.0892431	0.118751
2.06793	0.08738	0.08738	0.116271
2.07792	0.0855454	0.0855454	0.11383
2.08791	0.0837392	0.0837392	0.111427
2.0979	0.081961	0.081961	0.109061
2.10789	0.0802106	0.0802106	0.106732
2.11788	0.0784878	0.0784878	0.104439
2.12787	0.0767923	0.0767923	0.102183
2.13786	0.0751238	0.0751238	0.0999628
2.14785	0.0734821	0.0734821	0.0977783
2.15784	0.0718668	0.0718668	0.095629
2.16783	0.0702778	0.0702778	0.0935146
2.17782	0.0687147	0.0687147	0.0914347
2.18781	0.0671773	0.0671773	0.0893889
2.1978	0.0656653	0.0656653	0.0873769
2.20779	0.0641783	0.0641783	0.0853984
2.21778	0.0627162	0.0627162	0.0834528
2.22777	0.0612786	0.0612786	0.0815399
2.23776	0.0598652	0.0598652	0.0796592
2.24775	0.0584758	0.0584758	0.0778103
2.25774	0.05711	0.05711	0.0759929
2.26773	0.0557675	0.0557675	0.0742066
2.27772	0.0544481	0.0544481	0.072451
2.28771	0.0531515	0.0531515	0.0707256
2.2977	0.0518773	0.0518773	0.0690301
2.30769	0.0506253	0.0506253	0.0673641
2.31768	0.0493951	0.0493951	0.0657272
2.32767	0.0481865	0.0481865	0.0641189
2.33766	0.0469991	0.0469991	0.0625389
2.34765	0.0458326	0.0458326	0.0609868
2.35764	0.0446868	0.0446868	0.0594621
2.36763	0.0435613	0.0435613	0.0579645
2.37762	0.0424558	0.0424558	0.0564935
2.38761	0.04137	0.04137	0.0550487
2.3976	0.0403037	0.0403037	0.0536298
2.40759	0.0392564	0.0392564	0.0522362
2.41758	0.0382279	0.0382279	0.0508677
2.42757	0.0372179	0.0372179	0.0495237
2.43756	0.0362261	0.0362261	0.048204
2.44755	0.0352521	0.0352521	0.046908
2.45754	0.0342957	0.0342957	0.0456353
2.46753	0.0333566	0.0333566	0.0443857
2.47752	0.0324343	0.0324343	0.0431585
2.48751	0.0315288	0.0315288	0.0419535
2.4975	0.0306395	0.0306395	0.0407702
2.50749	0.0297662	0.0297662	0.0396082
2.51748	0.0289087	0.0289087	0.0384671
2.52747	0.0280665	0.0280665	0.0373465
2.53746	0.0272394	0.0272394	0.0362459
2.54745	0.0264272	0.0264272	0.0351651
2.55744	0.0256293	0.0256293	0.0341035
2.56743	0.0248457	0.0248457	0.0330607
2.57742	0.0240759	0.0240759	0.0320364
2.58741	0.0233197	0.0233197	0.0310302
2.5974	0.0225767	0.0225767	0.0300416
2.60739	0.0218467	0.0218467	0.0290702
2.61738	0.0211293	0.0211293	0.0281156
2.62737	0.0204243	0.0204243	0.0271774
2.63736	0.0197313	0.0197313	0.0262553
2.64735	0.01905	0.01905	0.0253487
2.65734	0.0183801	0.0183801	0.0244574
2.66733	0.0177214	0.0177214	0.0235808
2.67732	0.0170734	0.0170734	0.0227186
2.68731	0.016436	0.016436	0.0218704
2.6973	0.0158088	0.0158088	0.0210358
2.70729	0.0151915	0.0151915	0.0202144
2.71728	0.0145837	0.0145837	0.0194057
2.72727	0.0139853	0.0139853	0.0186094
2.73726	0.0133958	0.0133958	0.0178251
2.74725	0.0128151	0.0128151	0.0170523
2.75724	0.0122427	0.0122427	0.0162906
2.76723	0.0116783	0.0116783	0.0155397
2.77722	0.0111217	0.0111217	0.0147991
2.78721	0.0105726	0.0105726	0.0140684
2.7972	0.0100306	0.0100306	0.0133472
2.80719	0.00949548	0.00949548	0.0126351
2.81718	0.00896684	0.00896684	0.0119316
2.82717	0.00844441	0.00844441	0.0112365
2.83716	0.00792787	0.00792787	0.0105492
2.84715	0.00741691	0.00741691	0.00986925
2.85714	0.00691121	0.00691121	0.00919634
2.86713	0.00641044	0.00641044	0.00853
2.87712	0.0059143	0.0059143	0.00786981
2.88711	0.00542245	0.00542245	0.00721534
2.8971	0.00493457	0.00493457	0.00656615
2.90709	0.00445033	0.00445033	0.0059218
2.91708	0.0039694	0.0039694	0.00528185
2.92707	0.00349145	0.00349145	0.00464586
2.93706	0.00301613	0.00301613	0.00401338
2.94705	0.0025431	0.0025431	0.00338396
2.95704	0.00207203	0.00207203	0.00275713
2.96703	0.00160255	0.00160255	0.00213242
2.97702	0.00113433	0.00113433	0.00150938
2.98701	0.00066699	0.00066699	0.000887525
2.997	0.00020018	0.00020018	0.000266368
3.00699	-0.000266471	0	-0.000354577
3.01698	-0.000733336	0	-0.000975807
3.02697	-0.00120079	0	-0.00159783
3.03696	-0.00166923	0	-0.00222115
3.04695	-0.00213904	0	-0.0028463
3.05694	-0.00261062	0	-0.00347379
3.06693	-0.00308437	0	-0.00410419
3.07692	-0.00356071	0	-0.00473802
3.08691	-0.00404005	0	-0.00537586
3.0969	-0.00452284	0	-0.00601828
3.10689	-0.00500951	0	-0.00666586
3.11688	-0.0055005	0	-0.0073192
3.12687	-0.00599628	0	-0.0079789
3.13686	-0.00649731	0	-0.00864559
3.14685	-0.00700407	0	-0.00931991
3.15684	-0.00751705	0	-0.0100025
3.16683	-0.00803677	0	-0.0106941
3.17682	-0.00856372	0	-0.0113952
3.18681	-0.00909845	0	-0.0121068
3.1968	-0.00964149	0	-0.0128294
3.20679	-0.0101934	0	-0.0135638
3.21678	-0.0107548	0	-0.0143107
3.22677	-0.0113261	0	-0.015071
3.23676	-0.0119082	0	-0.0158455
3.24675	-0.0125015	0	-0.016635
3.25674	-0.0131067	0	-0.0174403
3.26673	-0.0137244	0	-0.0182623
3.27672	-0.0143554	0	-0.0191019
3.28671	-0.0150004	0	-0.0199602
3.2967	-0.01566	0	-0.0208379
3.30669	-0.0163351	0	-0.0217362
3.31668	-0.0170264	0	-0.022656
3.32667	-0.0177346	0	-0.0235984
3.33666	-0.0184607	0	-0.0245645
3.34665	-0.0192054	0	-0.0255555
3.35664	-0.0199697	0	-0.0265725
3.36663	-0.0207545	0	-0.0276168
3.37662	-0.0215606	0	-0.0286895
3.38661	-0.0223892	0	-0.029792
3.3966	-0.0232411	0	-0.0309256
3.40659	-0.0241175	0	-0.0320917
3.41658	-0.0250194	0	-0.0332918
3.42657	-0.0259479	0	-0.0345274
3.43656	-0.0269043	0	-0.0358
3.44655	-0.0278897	0	-0.0371112
3.45654	-0.0289054	0	-0.0384627
3.46653	-0.0299527	0	-0.0398563
3.47652	-0.0310329	0	-0.0412936
3.48651	-0.0321474	0	-0.0427767
3.4965	-0.0332977	0	-0.0443073
3.50649	-0.0344854	0	-0.0458877
3.51648	-0.0357119	0	-0.0475197
3.52647	-0.0369789	0	-0.0492057
3.53646	-0.0382881	0	-0.0509478
3.54645	-0.0396413	0	-0.0527484
3.55644	-0.0410403	0	-0.05461
3.56643	-0.0424871	0	-0.056535
3.57642	-0.0439835	0	-0.0585262
3.58641	-0.0455316	0	-0.0605863
3.5964	-0.0471337	0	-0.0627181
3.60639	-0.048792	0	-0.0649246
3.61638	-0.0505086	0	-0.0672089
3.62637	-0.0522862	0	-0.0695742
3.63636	-0.0541272	0	-0.0720239
3.64635	-0.0560342	0	-0.0745615
3.65634	-0.05801	0	-0.0771905
3.66633	-0.0600574	0	-0.0799149
3.67632	-0.0621794	0	-0.0827385
3.68631	-0.064379	0	-0.0856654
3.6963	-0.0666596	0	-0.0887
3.70629	-0.0690244	0	-0.0918467
3.71628	-0.0714769	0	-0.0951101
3.72627	-0.0740208	0	-0.0984952
3.73626	-0.0766599	0	-0.102007
3.74625	-0.0793982	0	-0.105651
3.75624	-0.0822398	0	-0.109432
3.76623	-0.0851889	0	-0.113356
3.77622	-0.0882502	0	-0.117429
3.78621	-0.0914283	0	-0.121658
3.7962	-0.094728	0	-0.126049
3.80619	-0.0981546	0	-0.130609
3.81618	-0.101713	0	-0.135344
3.82617	-0.10541	0	-0.140262
3.83616	-0.10925	0	-0.145372
3.84615	-0.113239	0	-0.15068
3.85614	-0.117384	0	-0.156196
3.86613	-0.121692	0	-0.161929
3.87612	-0.126169	0	-0.167886
3.88611	-0.130823	0	-0.174079
3.8961	-0.135661	0	-0.180516
3.90609	-0.140691	0	-0.187209
3.91608	-0.145921	0	-0.194169
3.92607	-0.15136	0	-0.201406
3.93606	-0.157017	0	-0.208933
3.94605	-0.162901	0	-0.216763
3.95604	-0.169022	0	-0.224907
3.96603	-0.175389	0	-0.233381
3.97602	-0.182015	0	-0.242197
3.98601	-0.18891	0	-0.251372
3.996	-0.196086	0	-0.26092
4.00599	-0.203554	0	-0.270857
4.01598	-0.211328	0	-0.281202
4.02597	-0.219422	0	-0.291971
4.03596	-0.227848	0	-0.303184
4.04595	-0.236622	0	-0.314859
4.05594	-0.245759	0	-0.327017
4.06593	-0.255275	0	-0.33968
4.07592	-0.265187	0	-0.352869
4.08591	-0.275512	0	-0.366608
4.0959	-0.286268	0	-0.380921
4.10589	-0.297476	0	-0.395834
4.11588	-0.309154	0	-0.411373
4.12587	-0.321324	0	-0.427568
4.13586	-0.334008	0	-0.444446
4.14585	-0.347229	0	-0.462038
4.15584	-0.361011	0	-0.480377
4.16583	-0.37538	0	-0.499496
4.17582	-0.390361	0	-0.51943
4.18581	-0.405982	0	-0.540217
4.1958	-0.422273	0	-0.561894
4.20579	-0.439264	0	-0.584503
4.21578	-0.456986	0	-0.608085
4.22577	-0.475474	0	-0.632686
4.23576	-0.494762	0	-0.658351
4.24575	-0.514886	0	-0.685129
4.25574	-0.535885	0	-0.713071
4.26573	-0.5578	0	-0.742232
4.27572	-0.580672	0	-0.772666
4.28571	-0.604545	0	-0.804433
4.2957	-0.629467	0	-0.837595
4.30569	-0.655485	0	-0.872215
4.31568	-0.68265	0	-0.908363
4.32567	-0.711017	0	-0.946109
4.33566	-0.740641	0	-0.985527
4.34565	-0.77158	0	-1.0267
4.35564	-0.803896	0	-1.0697
4.36563	-0.837655	0	-1.11462
4.37562	-0.872924	0	-1.16155
4.38561	-0.909773	0	-1.21058
4.3956	-0.948279	0	-1.26182
4.40559	-0.988518	0	-1.31536
4.41558	-1.03057	0	-1.37133
4.42557	-1.07453	0	-1.42982
4.43556	-1.12048	0	-1.49096
4.44555	-1.16853	0	-1.55489
4.45554	-1.21875	0	-1.62173
4.46553	-1.27128	0	-1.69161
4.47552	-1.3262	0	-1.7647
4.48551	-1.38365	0	-1.84114
4.4955	-1.44373	0	-1.92109
4.50549	-1.50659	0	-2.00473
4.51548	-1.57234	0	-2.09223
4.52547	-1.64114	0	-2.18377
4.53546	-1.71313	0	-2.27957
4.54545	-1.78847	0	-2.37981
4.55544	-1.86732	0	-2.48473
4.56543	-1.94984	0	-2.59454
4.57542	-2.03623	0	-2.7095
4.58541	-2.12668	0	-2.82984
4.5954	-2.22137	0	-2.95585
4.60539	-2.32052	0	-3.08778
4.61538	-2.42436	0	-3.22595
4.62537	-2.5331	0	-3.37065
4.63536	-2.64701	0	-3.52222
4.64535	-2.76632	0	-3.68099
4.65534	-2.89132	0	-3.84732
4.66533	-3.02229	0	-4.02158
4.67532	-3.15952	0	-4.20419
4.68531	-3.30333	0	-4.39554
4.6953	-3.45404	0	-4.59609
4.70529	-3.61202	0	-4.8063
4.71528	-3.77761	0	-5.02665
4.72527	-3.95121	0	-5.25765
4.73526	-4.13322	0	-5.49984
4.74525	-4.32408	0	-5.7538
4.75524	-4.52421	0	-6.02011
4.76523	-4.73411	0	-6.29941
4.77522	-4.95427	0	-6.59236
4.78521	-5.18521	0	-6.89965
4.7952	-5.42748	0	-7.22203
4.80519	-5.68167	0	-7.56026
4.81518	-5.94838	0	-7.91517
4.82517	-6.22827	0	-8.2876
4.83516	-6.52201	0	-8.67846
4.84515	-6.83032	0	-9.08871
4.85514	-7.15396	0	-9.51935
4.86513	-7.49371	0	-9.97144
4.87512	-7.85042	0	-10.4461
4.88511	-8.22497	0	-10.9445
4.8951	-8.61829	0	-11.4679
4.90509	-9.03137	0	-12.0175
4.91508	-9.46523	0	-12.5948
4.92507	-9.92098	0	-13.2013
4.93506	-10.3998	0	-13.8383
4.94505	-10.9028	0	-14.5077
4.95504	-11.4313	0	-15.211
4.96503	-11.9867	0	-15.9501
4.97502	-12.5705	0	-16.7268
4.98501	-13.184	0	-17.5432
4.995	-13.8289	0	-18.4013
5.00499	-14.5069	0	-19.3034
5.01498	-15.2197	0	-20.2519
5.02497	-15.9691	0	-21.2492
5.03496	-16.7573	0	-22.2979
5.04495	-17.5862	0	-23.4009
5.05494	-18.458	0	-24.5609
5.06493	-19.375	0	-25.7812
5.07492	-20.3397	0	-27.0649
5.08491	-21.3547	0	-28.4154
5.0949	-22.4226	0	-29.8365
5.10489	-23.5465	0	-31.3319
5.11488	-24.7292	0	-32.9057
5.12487	-25.974	0	-34.5621
5.13486	-27.2844	0	-36.3057
5.14485	-28.6638	0	-38.1412
5.15484	-30.1161	0	-40.0737
5.16483	-31.6453	0	-42.1085
5.17482	-33.2556	0	-44.2512
5.18481	-34.9514	0	-46.5078
5.1948	-36.7376	0	-48.8846
5.20479	-38.619	0	-51.3881
5.21478	-40.6011	0	-54.0255
5.22477	-42.6893	0	-56.8041
5.23476	-44.8895	0	-59.7319
5.24475	-47.2081	0	-62.8171
5.25474	-49.6516	0	-66.0685
5.26473	-52.227	0	-69.4954
5.27472	-54.9417	0	-73.1077
5.28471	-57.8034	0	-76.9157
5.2947	-60.8206	0	-80.9304
5.30469	-64.0019	0	-85.1636
5.31468	-67.3566	0	-89.6275
5.32467	-70.8945	0	-94.3351
5.33466	-74.6259	0	-99.3004
5.34465	-78.5619	0	-104.538
5.35464	-82.7141	0	-110.063
5.36463	-87.0947	0	-115.892
5.37462	-91.7169	0	-122.042
5.38461	-96.5944	0	-128.533
5.3946	-101.742	0	-135.382
5.40459	-107.175	0	-142.611
5.41458	-112.909	0	-150.242
5.42457	-118.963	0	-158.297
5.43456	-125.354	0	-166.802
5.44455	-132.103	0	-175.782
5.45454	-139.229	0	-185.264
5.46453	-146.755	0	-195.278
5.47452	-154.703	0	-205.855
5.48451	-163.099	0	-217.027
5.4945	-171.969	0	-228.829
5.50449	-181.339	0	-241.298
5.51448	-191.24	0	-254.472
5.52447	-201.703	0	-268.394
5.53446	-212.759	0	-283.106
5.54445	-224.445	0	-298.656
5.55444	-236.798	0	-315.093
5.56443	-249.856	0	-332.469
5.57442	-263.661	0	-350.839
5.58441	-278.258	0	-370.262
5.5944	-293.694	0	-390.801
5.60439	-310.017	0	-412.522
5.61438	-327.282	0	-435.495
5.62437	-345.544	0	-459.795
5.63436	-364.863	0	-485.501
5.64435	-385.301	0	-512.698
5.65434	-406.927	0	-541.473
5.66433	-429.81	0	-571.923
5.67432	-454.027	0	-604.148
5.68431	-479.659	0	-638.254
5.6943	-506.789	0	-674.355
5.70429	-535.51	0	-712.572
5.71428	-565.916	0	-753.032
5.72427	-598.111	0	-795.871
5.73426	-632.202	0	-841.235
5.74425	-668.306	0	-889.275
5.75424	-706.544	0	-940.157
5.76423	-747.047	0	-994.052
5.77422	-789.953	0	-1051.14
5.78421	-835.41	0	-1111.63
5.7942	-883.574	0	-1175.72
5.80419	-934.61	0	-1243.63
5.81418	-988.697	0	-1315.6
5.82417	-1046.02	0	-1391.88
5.83416	-1106.78	0	-1472.73
5.84415	-1171.2	0	-1558.44
5.85414	-1239.48	0	-1649.31
5.86413	-1311.89	0	-1745.66
5.87412	-1388.67	0	-1847.82
5.88411	-1470.09	0	-1956.16
5.8941	-1556.45	0	-2071.08
5.90409	-1648.05	0	-2192.96
5.91408	-1745.22	0	-2322.26
5.92407	-1848.31	0	-2459.44
5.93406	-1957.69	0	-2604.98
5.94405	-2073.76	0	-2759.43
5.95404	-2196.93	0	-2923.33
5.96403	-2327.66	0	-3097.28
5.97402	-2466.43	0	-3281.93
5.98401	-2613.73	0	-3477.94
5.994	-2770.12	0	-3686.03
6.00399	-2936.16	0	-3906.98
6.01398	-3112.48	0	-4141.6
6.02397	-3299.73	0	-4390.76
6.03396	-3498.6	0	-4655.38
6.04395	-3709.84	0	-4936.47
6.05394	-3934.24	0	-5235.06
6.06393	-4172.63	0	-5552.28
6.07392	-4425.93	0	-5889.33
6.08391	-4695.09	0	-6247.48
6.0939	-4981.13	0	-6628.1
6.10389	-5285.14	0	-7032.63
6.11388	-5608.28	0	-7462.61
6.12387	-5951.78	0	-7919.69
6.13386	-6316.98	0	-8405.63
6.14385	-6705.27	0	-8922.31
6.15384	-7118.16	0	-9471.72
6.16383	-7557.25	0	-10056
6.17382	-8024.25	0	-10677.4
6.18381	-8520.98	0	-11338.4
6.1938	-9049.39	0	-12041.5
6.20379	-9611.56	0	-12789.5
6.21378	-10209.7	0	-13585.4
6.22377	-10846.2	0	-14432.4
6.23376	-11523.5	0	-15333.6
6.24375	-12244.4	0	-16292.9
6.25374	-13011.7	0	-17313.9
6.26373	-13828.5	0	-18400.8
6.27372	-14698.1	0	-19557.9
6.28371	-15624	0	-20790
6.2937	-16609.9	0	-22101.9
6.30369	-17659.9	0	-23499
6.31368	-18778.1	0	-24987
6.32367	-19969.2	0	-26571.9
6.33366	-21238.1	0	-28260.2
6.34365	-22589.8	0	-30059
6.35364	-24030.1	0	-31975.4
6.36363	-25564.8	0	-34017.6
6.37362	-27200.3	0	-36193.8
6.38361	-28943.4	0	-38513.3
6.3936	-30801.4	0	-40985.6
6.40359	-32782	0	-43621.1
6.41358	-34893.5	0	-46430.7
6.42357	-37144.8	0	-49426.5
6.43356	-39545.5	0	-52620.9
6.44355	-42105.6	0	-56027.4
6.45354	-44836	0	-59660.7
6.46353	-47748.4	0	-63536
6.47352	-50855.2	0	-67670
6.48351	-54169.6	0	-72080.3
6.4935	-57706	0	-76786
6.50349	-61479.5	0	-81807.2
6.51348	-65506.5	0	-87165.7
6.52347	-69804.5	0	-92884.7
6.53346	-74392	0	-98989.1
6.54345	-79289.1	0	-105505
6.55344	-84517.3	0	-112462
6.56343	-90099.4	0	-119890
6.57342	-96060	0	-127821
6.58341	-102425	0	-136291
6.5934	-109224	0	-145338
6.60339	-116485	0	-155000
6.61338	-124242	0	-165322
6.62337	-132529	0	-176349
6.63336	-141384	0	-188131
6.64335	-150845	0	-200721
6.65334	-160956	0	-214175
6.66333	-171762	0	-228554
6.67332	-183313	0	-243923
6.68331	-195660	0	-260353
6.6933	-208860	0	-277918
6.70329	-222973	0	-296698
6.71328	-238065	0	-316779
6.72327	-254204	0	-338254
6.73326	-271464	0	-361222
6.74325	-289927	0	-385789
6.75324	-309676	0	-412068
6.76323	-330805	0	-440183
6.77322	-353412	0	-470264
6.78321	-377601	0	-502452
6.7932	-403488	0	-536898
6.80319	-431194	0	-573764
6.81318	-460849	0	-613225
6.82317	-492593	0	-655465
6.83316	-526579	0	-700688
6.84315	-562966	0	-749106
6.85314	-601929	0	-800952
6.86313	-643655	0	-856474
6.87312	-688343	0	-915938
6.88311	-736209	0	-979631
6.8931	-787484	0	-1.04786e+006
6.90309	-842416	0	-1.12095e+006
6.91308	-901272	0	-1.19927e+006
6.92307	-964338	0	-1.28319e+006
6.93306	-1.03192e+006	0	-1.37312e+006
6.94305	-1.10436e+006	0	-1.4695e+006
6.95304	-1.182e+006	0	-1.57281e+006
6.96303	-1.26522e+006	0	-1.68356e+006
6.97302	-1.35445e+006	0	-1.80228e+006
6.98301	-1.45011e+006	0	-1.92958e+006
6.993	-1.55269e+006	0	-2.06607e+006
7.00299	-1.6627e+006	0	-2.21245e+006
7.01298	-1.78068e+006	0	-2.36944e+006
7.02297	-1.90722e+006	0	-2.53783e+006
7.03296	-2.04297e+006	0	-2.71846e+006
7.04295	-2.1886e+006	0	-2.91225e+006
7.05294	-2.34486e+006	0	-3.12017e+006
7.06293	-2.51252e+006	0	-3.34327e+006
7.07292	-2.69245e+006	0	-3.58269e+006
7.08291	-2.88556e+006	0	-3.83965e+006
7.0929	-3.09283e+006	0	-4.11545e+006
7.10289	-3.31533e+006	0	-4.41152e+006
7.11288	-3.5542e+006	0	-4.72937e+006
7.12287	-3.81067e+006	0	-5.07063e+006
7.13286	-4.08606e+006	0	-5.43708e+006
7.14285	-4.3818e+006	0	-5.8306e+006
7.15284	-4.69942e+006	0	-6.25324e+006
7.16283	-5.04058e+006	0	-6.7072e+006
7.17282	-5.40705e+006	0	-7.19485e+006
7.18281	-5.80077e+006	0	-7.71874e+006
7.1928	-6.22378e+006	0	-8.28162e+006
7.20279	-6.67832e+006	0	-8.88645e+006
7.21278	-7.16679e+006	0	-9.53643e+006
7.22277	-7.69177e+006	0	-1.0235e+007
7.23276	-8.25605e+006	0	-1.09858e+007
7.24275	-8.86262e+006	0	-1.1793e+007
7.25274	-9.51473e+006	0	-1.26607e+007
7.26273	-1.02159e+007	0	-1.35936e+007
7.27272	-1.09698e+007	0	-1.45968e+007
7.28271	-1.17805e+007	0	-1.56756e+007
7.2927	-1.26525e+007	0	-1.68359e+007
7.30269	-1.35904e+007	0	-1.80839e+007
7.31268	-1.45992e+007	0	-1.94264e+007
7.32267	-1.56846e+007	0	-2.08706e+007
7.33266	-1.68524e+007	0	-2.24245e+007
7.34265	-1.8109e+007	0	-2.40966e+007
7.35264	-1.94612e+007	0	-2.58959e+007
7.36263	-2.09166e+007	0	-2.78325e+007
7.37262	-2.24831e+007	0	-2.99169e+007
7.38261	-2.41693e+007	0	-3.21607e+007
7.3926	-2.59847e+007	0	-3.45763e+007
7.40259	-2.79392e+007	0	-3.71771e+007
7.41258	-3.00439e+007	0	-3.99777e+007
7.42257	-3.23104e+007	0	-4.29935e+007
7.43256	-3.47513e+007	0	-4.62416e+007
7.44255	-3.73805e+007	0	-4.97401e+007
7.45254	-4.02127e+007	0	-5.35087e+007
7.46253	-4.32639e+007	0	-5.75688e+007
7.47252	-4.65514e+007	0	-6.19432e+007
7.48251	-5.00937e+007	0	-6.66568e+007
7.4925	-5.39111e+007	0	-7.17363e+007
7.50249	-5.80252e+007	0	-7.72108e+007
7.51248	-6.24597e+007	0	-8.31115e+007
7.52247	-6.72399e+007	0	-8.94722e+007
7.53246	-7.23933e+007	0	-9.63296e+007
7.54245	-7.79496e+007	0	-1.03723e+008
7.55244	-8.39409e+007	0	-1.11695e+008
7.56243	-9.04019e+007	0	-1.20293e+008
7.57242	-9.73701e+007	0	-1.29565e+008
7.58241	-1.04886e+008	0	-1.39566e+008
7.5924	-1.12994e+008	0	-1.50354e+008
7.60239	-1.2174e+008	0	-1.61993e+008
7.61238	-1.31177e+008	0	-1.7455e+008
7.62237	-1.4136e+008	0	-1.881e+008
7.63236	-1.52349e+008	0	-2.02722e+008
7.64235	-1.64209e+008	0	-2.18504e+008
7.65234	-1.7701e+008	0	-2.35537e+008
7.66233	-1.90829e+008	0	-2.53925e+008
7.67232	-2.05747e+008	0	-2.73775e+008
7.68231	-2.21854e+008	0	-2.95208e+008
7.6923	-2.39246e+008	0	-3.1835e+008
7.70229	-2.58027e+008	0	-3.43342e+008
7.71228	-2.78312e+008	0	-3.70333e+008
7.72227	-3.00221e+008	0	-3.99487e+008
7.73226	-3.23889e+008	0	-4.3098e+008
7.74225	-3.49457e+008	0	-4.65002e+008
7.75224	-3.77082e+008	0	-5.01761e+008
7.76223	-4.06932e+008	0	-5.41481e+008
7.77222	-4.3919e+008	0	-5.84405e+008
7.78221	-4.74053e+008	0	-6.30795e+008
7.7922	-5.11736e+008	0	-6.80937e+008
7.80219	-5.5247e+008	0	-7.35139e+008
7.81218	-5.96507e+008	0	-7.93737e+008
7.82217	-6.44119e+008	0	-8.57092e+008
7.83216	-6.95603e+008	0	-9.25598e+008
7.84215	-7.51277e+008	0	-9.99681e+008
7.85214	-8.1149e+008	0	-1.0798e+009
7.86213	-8.76618e+008	0	-1.16647e+009
7.87212	-9.4707e+008	0	-1.26021e+009
7.88211	-1.02329e+009	0	-1.36163e+009
7.8921	-1.10575e+009	0	-1.47136e+009
7.90209	-1.19498e+009	0	-1.59009e+009
7.91208	-1.29154e+009	0	-1.71858e+009
7.92207	-1.39605e+009	0	-1.85764e+009
7.93206	-1.50916e+009	0	-2.00815e+009
7.94205	-1.63161e+009	0	-2.17108e+009
7.95204	-1.76416e+009	0	-2.34747e+009
7.96203	-1.90769e+009	0	-2.53845e+009
7.97202	-2.06309e+009	0	-2.74524e+009
7.98201	-2.23139e+009	0	-2.96918e+009
7.992	-2.41366e+009	0	-3.21171e+009
8.00199	-2.61108e+009	0	-3.47441e+009
8.01198	-2.82493e+009	0	-3.75897e+009
8.02197	-3.05661e+009	0	-4.06725e+009
8.03196	-3.30763e+009	0	-4.40127e+009
8.04195	-3.57962e+009	0	-4.76319e+009
8.05194	-3.87437e+009	0	-5.1554e+009
8.06193	-4.19382e+009	0	-5.58047e+009
8.07192	-4.54007e+009	0	-6.0412e+009
8.08191	-4.9154e+009	0	-6.54064e+009
8.0919	-5.3223e+009	0	-7.08208e+009
8.10189	-5.76347e+009	0	-7.66912e+009
8.11188	-6.24184e+009	0	-8.30566e+009
8.12187	-6.7606e+009	0	-8.99594e+009
8.13186	-7.32322e+009	0	-9.74459e+009
8.14185	-7.93347e+009	0	-1.05566e+010
8.15184	-8.59543e+009	0	-1.14374e+010
8.16183	-9.31358e+009	0	-1.2393e+010
8.17182	-1.00928e+010	0	-1.34298e+010
8.18181	-1.09382e+010	0	-1.45548e+010
8.1918	-1.18557e+010	0	-1.57757e+010
8.20179	-1.28515e+010	0	-1.71007e+010
8.21178	-1.39322e+010	0	-1.85388e+010
8.22177	-1.51055e+010	0	-2.01e+010
8.23176	-1.63791e+010	0	-2.17948e+010
8.24175	-1.7762e+010	0	-2.36349e+010
8.25174	-1.92636e+010	0	-2.56329e+010
8.26173	-2.08942e+010	0	-2.78027e+010
8.27172	-2.26652e+010	0	-3.01592e+010
8.28171	-2.45887e+010	0	-3.27188e+010
8.2917	-2.66782e+010	0	-3.54992e+010
8.30169	-2.89482e+010	0	-3.85197e+010
8.31168	-3.14146e+010	0	-4.18015e+010
8.32167	-3.40945e+010	0	-4.53676e+010
8.33166	-3.70068e+010	0	-4.92428e+010
8.34165	-4.01719e+010	0	-5.34544e+010
8.35164	-4.36121e+010	0	-5.80321e+010
8.36163	-4.73518e+010	0	-6.30083e+010
8.37162	-5.14173e+010	0	-6.8418e+010
8.38161	-5.58375e+010	0	-7.42998e+010
8.3916	-6.06439e+010	0	-8.06953e+010
8.40159	-6.58707e+010	0	-8.76503e+010
8.41158	-7.15552e+010	0	-9.52143e+010
8.42157	-7.77381e+010	0	-1.03442e+011
8.43156	-8.44639e+010	0	-1.12391e+011
8.44155	-9.17808e+010	0	-1.22127e+011
8.45154	-9.97417e+010	0	-1.3272e+011
8.46153	-1.08404e+011	0	-1.44247e+011
8.47152	-1.17831e+011	0	-1.5679e+011
8.48151	-1.2809e+011	0	-1.70442e+011
8.4915	-1.39257e+011	0	-1.85301e+011
8.50149	-1.51412e+011	0	-2.01475e+011
8.51148	-1.64645e+011	0	-2.19084e+011
8.52147	-1.79053e+011	0	-2.38256e+011
8.53146	-1.94742e+011	0	-2.59131e+011
8.54145	-2.11826e+011	0	-2.81865e+011
8.55144	-2.30433e+011	0	-3.06623e+011
8.56143	-2.50699e+011	0	-3.3359e+011
8.57142	-2.72775e+011	0	-3.62966e+011
8.58141	-2.96826e+011	0	-3.94969e+011
8.5914	-3.23029e+011	0	-4.29836e+011
8.60139	-3.51582e+011	0	-4.67829e+011
8.61138	-3.82696e+011	0	-5.09232e+011
8.62137	-4.16607e+011	0	-5.54355e+011
8.63136	-4.53568e+011	0	-6.03537e+011
8.64135	-4.93859e+011	0	-6.5715e+011
8.65134	-5.37783e+011	0	-7.15597e+011
8.66133	-5.85673e+011	0	-7.79321e+011
8.67132	-6.37892e+011	0	-8.48806e+011
8.68131	-6.94837e+011	0	-9.2458e+011
8.6913	-7.56943e+011	0	-1.00722e+012
8.70129	-8.24683e+011	0	-1.09736e+012
8.71128	-8.98576e+011	0	-1.19568e+012
8.72127	-9.79189e+011	0	-1.30295e+012
8.73126	-1.06714e+012	0	-1.41998e+012
8.74125	-1.16311e+012	0	-1.54769e+012
8.75124	-1.26784e+012	0	-1.68704e+012
8.76123	-1.38214e+012	0	-1.83914e+012
8.77122	-1.5069e+012	0	-2.00514e+012
8.78121	-1.64308e+012	0	-2.18635e+012
8.7912	-1.79175e+012	0	-2.38418e+012
8.80119	-1.95408e+012	0	-2.60018e+012
8.81118	-2.13132e+012	0	-2.83602e+012
8.82117	-2.32488e+012	0	-3.09358e+012
8.83116	-2.53627e+012	0	-3.37486e+012
8.84115	-2.76716e+012	0	-3.68209e+012
8.85114	-3.01937e+012	0	-4.0177e+012
8.86113	-3.29491e+012	0	-4.38434e+012
8.87112	-3.59595e+012	0	-4.78492e+012
8.88111	-3.9249e+012	0	-5.22263e+012
8.8911	-4.28437e+012	0	-5.70096e+012
8.90109	-4.67723e+012	0	-6.22372e+012
8.91108	-5.10664e+012	0	-6.79511e+012
8.92107	-5.57603e+012	0	-7.4197e+012
8.93106	-6.08919e+012	0	-8.10253e+012
8.94105	-6.65024e+012	0	-8.84909e+012
8.95104	-7.26372e+012	0	-9.66541e+012
8.96103	-7.9346e+012	0	-1.05581e+013
8.97102	-8.66832e+012	0	-1.15344e+013
8.98101	-9.47084e+012	0	-1.26023e+013
8.991	-1.03487e+013	0	-1.37704e+013
9.00099	-1.13091e+013	0	-1.50483e+013
9.01098	-1.23598e+013	0	-1.64465e+013
9.02097	-1.35096e+013	0	-1.79764e+013
9.03096	-1.47678e+013	0	-1.96506e+013
9.04095	-1.61448e+013	0	-2.14829e+013
9.05094	-1.7652e+013	0	-2.34884e+013
9.06093	-1.93018e+013	0	-2.56838e+013
9.07092	-2.1108e+013	0	-2.80871e+013
9.08091	-2.30855e+013	0	-3.07185e+013
9.0909	-2.52508e+013	0	-3.35998e+013
9.10089	-2.7622e+013	0	-3.6755e+013
9.11088	-3.0219e+013	0	-4.02106e+013
9.12087	-3.30634e+013	0	-4.39956e+013
9.13086	-3.61793e+013	0	-4.81417e+013
9.14085	-3.95928e+013	0	-5.26838e+013
9.15084	-4.33327e+013	0	-5.76603e+013
9.16083	-4.74307e+013	0	-6.31132e+013
9.17082	-5.19214e+013	0	-6.90888e+013
9.18081	-5.68432e+013	0	-7.56379e+013
9.1908	-6.22377e+013	0	-8.28161e+013
9.20079	-6.81511e+013	0	-9.06846e+013
9.21078	-7.46338e+013	0	-9.93109e+013
9.22077	-8.17415e+013	0	-1.08769e+014
9.23076	-8.95351e+013	0	-1.19139e+014
9.24075	-9.80817e+013	0	-1.30512e+014
9.25074	-1.07455e+014	0	-1.42984e+014
9.26073	-1.17736e+014	0	-1.56664e+014
9.27072	-1.29013e+014	0	-1.71671e+014
9.28071	-1.41386e+014	0	-1.88134e+014
9.2907	-1.5496e+014	0	-2.06196e+014
9.30069	-1.69854e+014	0	-2.26015e+014
9.31068	-1.862e+014	0	-2.47765e+014
9.32067	-2.04138e+014	0	-2.71635e+014
9.33066	-2.23828e+014	0	-2.97834e+014
9.34065	-2.45441e+014	0	-3.26594e+014
9.35064	-2.69168e+014	0	-3.58167e+014
9.36063	-2.95219e+014	0	-3.92831e+014
9.37062	-3.23825e+014	0	-4.30895e+014
9.38061	-3.55237e+014	0	-4.72694e+014
9.3906	-3.89737e+014	0	-5.186e+014
9.40059	-4.27629e+014	0	-5.69021e+014
9.41058	-4.69254e+014	0	-6.24409e+014
9.42057	-5.14982e+014	0	-6.85256e+014
9.43056	-5.65223e+014	0	-7.52109e+014
9.44055	-6.20428e+014	0	-8.25568e+014
9.45054	-6.81094e+014	0	-9.06293e+014
9.46053	-7.47768e+014	0	-9.95011e+014
9.47052	-8.21051e+014	0	-1.09252e+015
9.48051	-9.01607e+014	0	-1.19972e+015
9.4905	-9.90167e+014	0	-1.31756e+015
9.50049	-1.08753e+015	0	-1.44712e+015
9.51048	-1.1946e+015	0	-1.58958e+015
9.52047	-1.31233e+015	0	-1.74625e+015
9.53046	-1.44182e+015	0	-1.91854e+015
9.54045	-1.58424e+015	0	-2.10806e+015
9.55044	-1.7409e+015	0	-2.31652e+015
9.56043	-1.91326e+015	0	-2.54586e+015
9.57042	-2.10288e+015	0	-2.79818e+015
9.58041	-2.31153e+015	0	-3.07582e+015
9.5904	-2.54115e+015	0	-3.38135e+015
9.60039	-2.79385e+015	0	-3.71761e+015
9.61038	-3.07199e+015	0	-4.08772e+015
9.62037	-3.37816e+015	0	-4.49513e+015
9.63036	-3.71523e+015	0	-4.94364e+015
9.64035	-4.08633e+015	0	-5.43745e+015
9.65034	-4.49496e+015	0	-5.98119e+015
9.66033	-4.94496e+015	0	-6.57996e+015
9.67032	-5.44055e+015	0	-7.23942e+015
9.68031	-5.98641e+015	0	-7.96576e+015
9.6903	-6.5877e+015	0	-8.76587e+015
9.70029	-7.25012e+015	0	-9.64732e+015
9.71028	-7.97996e+015	0	-1.06185e+016
9.72027	-8.78415e+015	0	-1.16886e+016
9.73026	-9.67036e+015	0	-1.28678e+016
9.74025	-1.06471e+016	0	-1.41674e+016
9.75024	-1.17236e+016	0	-1.55999e+016
9.76023	-1.29102e+016	0	-1.71789e+016
9.77022	-1.42185e+016	0	-1.89197e+016
9.78021	-1.56608e+016	0	-2.08389e+016
9.7902	-1.72512e+016	0	-2.29552e+016
9.80019	-1.90051e+016	0	-2.5289e+016
9.81018	-2.09393e+016	0	-2.78628e+016
9.82017	-2.30728e+016	0	-3.07016e+016
9.83016	-2.54262e+016	0	-3.38332e+016
9.84015	-2.80225e+016	0	-3.72879e+016
9.85014	-3.08869e+016	0	-4.10994e+016
9.86013	-3.40477e+016	0	-4.53052e+016
9.87012	-3.75356e+016	0	-4.99465e+016
9.88011	-4.13851e+016	0	-5.50687e+016
9.8901	-4.56339e+016	0	-6.07224e+016
9.90009	-5.0324e+016	0	-6.69632e+016
9.91008	-5.55017e+016	0	-7.38529e+016
9.92007	-6.12184e+016	0	-8.14597e+016
9.93006	-6.75306e+016	0	-8.98591e+016
9.94005	-7.45013e+016	0	-9.91345e+016
9.95004	-8.21997e+016	0	-1.09378e+017
9.96003	-9.07028e+016	0	-1.20693e+017
9.97002	-1.00096e+017	0	-1.33191e+017
9.98001	-1.10472e+017	0	-1.46999e+017
9.99	-1.21937e+017	0	-1.62254e+017
