0	0	0	0
0.00999	0.017448	0.017448	0.00998618
0.01998	0.0348559	0.0348559	0.0199494
0.02997	0.0521838	0.0521838	0.0298669
0.03996	0.069392	0.069392	0.0397159
0.04995	0.0864409	0.0864409	0.0494737
0.05994	0.103292	0.103292	0.059118
0.06993	0.119905	0.119905	0.0686266
0.07992	0.136244	0.136244	0.0779778
0.08991	0.15227	0.15227	0.08715
0.0999	0.167946	0.167946	0.0961224
0.10989	0.183237	0.183237	0.104874
0.11988	0.198108	0.198108	0.113386
0.12987	0.212525	0.212525	0.121637
0.13986	0.226455	0.226455	0.129609
0.14985	0.239865	0.239865	0.137284
0.15984	0.252725	0.252725	0.144645
0.16983	0.265006	0.265006	0.151674
0.17982	0.276679	0.276679	0.158355
0.18981	0.287718	0.287718	0.164673
0.1998	0.298099	0.298099	0.170614
0.20979	0.307796	0.307796	0.176164
0.21978	0.316788	0.316788	0.181311
0.22977	0.325055	0.325055	0.186042
0.23976	0.332577	0.332577	0.190348
0.24975	0.339339	0.339339	0.194217
0.25974	0.345323	0.345323	0.197642
0.26973	0.350518	0.350518	0.200615
0.27972	0.35491	0.35491	0.20313
0.28971	0.358491	0.358491	0.205179
0.2997	0.361252	0.361252	0.206759
0.30969	0.363188	0.363188	0.207867
0.31968	0.364293	0.364293	0.2085
0.32967	0.364566	0.364566	0.208656
0.33966	0.364006	0.364006	0.208336
0.34965	0.362616	0.362616	0.20754
0.35964	0.360397	0.360397	0.20627
0.36963	0.357356	0.357356	0.204529
0.37962	0.3535	0.3535	0.202322
0.38961	0.348838	0.348838	0.199654
0.3996	0.34338	0.34338	0.19653
0.40959	0.33714	0.33714	0.192959
0.41958	0.330132	0.330132	0.188948
0.42957	0.322372	0.322372	0.184507
0.43956	0.313878	0.313878	0.179645
0.44955	0.30467	0.30467	0.174375
0.45954	0.294769	0.294769	0.168708
0.46953	0.284197	0.284197	0.162658
0.47952	0.27298	0.27298	0.156237
0.48951	0.261142	0.261142	0.149462
0.4995	0.248712	0.248712	0.142348
0.50949	0.235716	0.235716	0.13491
0.51948	0.222186	0.222186	0.127166
0.52947	0.208153	0.208153	0.119134
0.53946	0.193647	0.193647	0.110832
0.54945	0.178702	0.178702	0.102278
0.55944	0.163353	0.163353	0.0934935
0.56943	0.147634	0.147634	0.0844968
0.57942	0.131581	0.131581	0.0753089
0.58941	0.11523	0.11523	0.0659508
0.5994	0.0986188	0.0986188	0.0564435
0.60939	0.0817849	0.0817849	0.0468088
0.61938	0.0647663	0.0647663	0.0370684
0.62937	0.0476016	0.0476016	0.0272443
0.63936	0.0303295	0.0303295	0.0173588
0.64935	0.012989	0.012989	0.00743414
0.65934	-0.00438071	-0.00438071	-0.00250726
0.66933	-0.0217406	-0.0217406	-0.012443
0.67932	-0.0390515	-0.0390515	-0.0223508
0.68931	-0.0562747	-0.0562747	-0.0322083
0.6993	-0.0733713	-0.0733713	-0.0419934
0.70929	-0.0903032	-0.0903032	-0.0516842
0.71928	-0.107032	-0.107032	-0.061259
0.72927	-0.123521	-0.123521	-0.0706963
0.73926	-0.139734	-0.139734	-0.0799752
0.74925	-0.155633	-0.155633	-0.0890749
0.75924	-0.171183	-0.171183	-0.0979752
0.76923	-0.186351	-0.186351	-0.106656
0.77922	-0.201102	-0.201102	-0.115099
0.78921	-0.215404	-0.215404	-0.123284
0.7992	-0.229225	-0.229225	-0.131195
0.80919	-0.242534	-0.242534	-0.138812
0.81918	-0.255302	-0.255302	-0.14612
0.82917	-0.267502	-0.267502	-0.153102
0.83916	-0.279107	-0.279107	-0.159744
0.84915	-0.29009	-0.29009	-0.16603
0.85914	-0.300428	-0.300428	-0.171947
0.86913	-0.3101	-0.3101	-0.177483
0.87912	-0.319082	-0.319082	-0.182624
0.88911	-0.327358	-0.327358	-0.18736
0.8991	-0.334908	-0.334908	-0.191681
0.90909	-0.341716	-0.341716	-0.195578
0.91908	-0.347768	-0.347768	-0.199042
0.92907	-0.353052	-0.353052	-0.202066
0.93906	-0.357555	-0.357555	-0.204643
0.94905	-0.36127	-0.36127	-0.206769
0.95904	-0.364188	-0.364188	-0.208439
0.96903	-0.366303	-0.366303	-0.20965
0.97902	-0.367613	-0.367613	-0.2104
0.98901	-0.368113	-0.368113	-0.210686
0.999	-0.367805	-0.367805	-0.21051
1.00899	-0.36669	-0.36669	-0.209872
1.01898	-0.36477	-0.36477	-0.208773
1.02897	-0.362051	-0.362051	-0.207217
1.03896	-0.358539	-0.358539	-0.205207
1.04895	-0.354243	-0.354243	-0.202748
1.05894	-0.349173	-0.349173	-0.199846
1.06893	-0.343341	-0.343341	-0.196508
1.07892	-0.33676	-0.33676	-0.192742
1.08891	-0.329446	-0.329446	-0.188555
1.0989	-0.321414	-0.321414	-0.183958
1.10889	-0.312683	-0.312683	-0.178961
1.11888	-0.303273	-0.303273	-0.173576
1.12887	-0.293205	-0.293205	-0.167813
1.13886	-0.282502	-0.282502	-0.161687
1.14885	-0.271186	-0.271186	-0.155211
1.15884	-0.259284	-0.259284	-0.148399
1.16883	-0.246822	-0.246822	-0.141266
1.17882	-0.233827	-0.233827	-0.133829
1.18881	-0.220327	-0.220327	-0.126102
1.1988	-0.206354	-0.206354	-0.118105
1.20879	-0.191936	-0.191936	-0.109853
1.21878	-0.177105	-0.177105	-0.101365
1.22877	-0.161895	-0.161895	-0.0926591
1.23876	-0.146337	-0.146337	-0.0837548
1.24875	-0.130466	-0.130466	-0.0746711
1.25874	-0.114316	-0.114316	-0.0654277
1.26873	-0.0979214	-0.0979214	-0.0560444
1.27872	-0.0813179	-0.0813179	-0.0465416
1.28871	-0.0645411	-0.0645411	-0.0369395
1.2987	-0.0476268	-0.0476268	-0.0272587
1.30869	-0.0306112	-0.0306112	-0.01752
1.31868	-0.0135306	-0.0135306	-0.00774411
1.32867	0.00357872	0.00357872	0.00204825
1.33866	0.0206805	0.0206805	0.0118363
1.34865	0.0377384	0.0377384	0.0215993
1.35864	0.0547167	0.0547167	0.0313166
1.36863	0.0715794	0.0715794	0.0409678
1.37862	0.0882913	0.0882913	0.0505327
1.38861	0.104817	0.104817	0.0599912
1.3986	0.121123	0.121123	0.0693236
1.40859	0.137174	0.137174	0.0785104
1.41858	0.152938	0.152938	0.0875326
1.42857	0.168381	0.168381	0.0963715
1.43856	0.183473	0.183473	0.105009
1.44855	0.198181	0.198181	0.113427
1.45854	0.212476	0.212476	0.121608
1.46853	0.226328	0.226328	0.129537
1.47852	0.239709	0.239709	0.137195
1.48851	0.252593	0.252593	0.144569
1.4985	0.264953	0.264953	0.151643
1.50849	0.276764	0.276764	0.158404
1.51848	0.288003	0.288003	0.164836
1.52847	0.298648	0.298648	0.170928
1.53846	0.308676	0.308676	0.176668
1.54845	0.318069	0.318069	0.182044
1.55844	0.326809	0.326809	0.187046
1.56843	0.334877	0.334877	0.191664
1.57842	0.342259	0.342259	0.195889
1.58841	0.348941	0.348941	0.199713
1.5984	0.35491	0.35491	0.203129
1.60839	0.360154	0.360154	0.206131
1.61838	0.364666	0.364666	0.208713
1.62837	0.368435	0.368435	0.21087
1.63836	0.371457	0.371457	0.2126
1.64835	0.373725	0.373725	0.213898
1.65834	0.375238	0.375238	0.214764
1.66833	0.375992	0.375992	0.215195
1.67832	0.375987	0.375987	0.215193
1.68831	0.375226	0.375226	0.214757
1.6983	0.37371	0.37371	0.213889
1.70829	0.371444	0.371444	0.212592
1.71828	0.368433	0.368433	0.210869
1.72827	0.364686	0.364686	0.208725
1.73826	0.360211	0.360211	0.206163
1.74825	0.355017	0.355017	0.203191
1.75824	0.349117	0.349117	0.199814
1.76823	0.342523	0.342523	0.19604
1.77822	0.33525	0.33525	0.191877
1.78821	0.327314	0.327314	0.187335
1.7982	0.318731	0.318731	0.182423
1.80819	0.309519	0.309519	0.17715
1.81818	0.299698	0.299698	0.171529
1.82817	0.289288	0.289288	0.165571
1.83816	0.27831	0.27831	0.159288
1.84815	0.266788	0.266788	0.152694
1.85814	0.254744	0.254744	0.1458
1.86813	0.242203	0.242203	0.138623
1.87812	0.229191	0.229191	0.131176
1.88811	0.215734	0.215734	0.123473
1.8981	0.201858	0.201858	0.115532
1.90809	0.187592	0.187592	0.107366
1.91808	0.172963	0.172963	0.0989936
1.92807	0.158	0.158	0.09043
1.93806	0.142734	0.142734	0.0816925
1.94805	0.127194	0.127194	0.0727981
1.95804	0.111409	0.111409	0.0637641
1.96803	0.0954122	0.0954122	0.0546083
1.97802	0.0792328	0.0792328	0.0453482
1.98801	0.0629026	0.0629026	0.0360017
1.998	0.0464527	0.0464527	0.0265868
2.00799	0.0299148	0.0299148	0.0171215
2.01798	0.0133202	0.0133202	0.00762371
2.02797	-0.00329949	-0.00329949	-0.00188843
2.03796	-0.019913	-0.019913	-0.011397
2.04795	-0.0364891	-0.0364891	-0.0208842
2.05794	-0.0529967	-0.0529967	-0.0303322
2.06793	-0.0694051	-0.0694051	-0.0397234
2.07792	-0.0856839	-0.0856839	-0.0490404
2.08791	-0.101803	-0.101803	-0.058266
2.0979	-0.117733	-0.117733	-0.0673832
2.10789	-0.133444	-0.133444	-0.0763754
2.11788	-0.148908	-0.148908	-0.0852261
2.12787	-0.164097	-0.164097	-0.0939194
2.13786	-0.178984	-0.178984	-0.10244
2.14785	-0.193541	-0.193541	-0.110772
2.15784	-0.207744	-0.207744	-0.1189
2.16783	-0.221566	-0.221566	-0.126811
2.17782	-0.234983	-0.234983	-0.134491
2.18781	-0.247973	-0.247973	-0.141925
2.1978	-0.260512	-0.260512	-0.149102
2.20779	-0.272579	-0.272579	-0.156008
2.21778	-0.284152	-0.284152	-0.162632
2.22777	-0.295213	-0.295213	-0.168963
2.23776	-0.305743	-0.305743	-0.174989
2.24775	-0.315724	-0.315724	-0.180702
2.25774	-0.325139	-0.325139	-0.18609
2.26773	-0.333974	-0.333974	-0.191147
2.27772	-0.342213	-0.342213	-0.195863
2.28771	-0.349844	-0.349844	-0.20023
2.2977	-0.356856	-0.356856	-0.204243
2.30769	-0.363236	-0.363236	-0.207895
2.31768	-0.368975	-0.368975	-0.21118
2.32767	-0.374066	-0.374066	-0.214093
2.33766	-0.3785	-0.3785	-0.216631
2.34765	-0.382272	-0.382272	-0.21879
2.35764	-0.385377	-0.385377	-0.220567
2.36763	-0.387812	-0.387812	-0.22196
2.37762	-0.389573	-0.389573	-0.222968
2.38761	-0.39066	-0.39066	-0.22359
2.3976	-0.391072	-0.391072	-0.223827
2.40759	-0.390812	-0.390812	-0.223677
2.41758	-0.38988	-0.38988	-0.223144
2.42757	-0.388281	-0.388281	-0.222229
2.43756	-0.38602	-0.38602	-0.220935
2.44755	-0.383101	-0.383101	-0.219264
2.45754	-0.379532	-0.379532	-0.217222
2.46753	-0.375321	-0.375321	-0.214811
2.47752	-0.370476	-0.370476	-0.212039
2.48751	-0.365008	-0.365008	-0.208909
2.4975	-0.358928	-0.358928	-0.205429
2.50749	-0.352248	-0.352248	-0.201606
2.51748	-0.34498	-0.34498	-0.197446
2.52747	-0.337138	-0.337138	-0.192958
2.53746	-0.328738	-0.328738	-0.18815
2.54745	-0.319794	-0.319794	-0.183031
2.55744	-0.310324	-0.310324	-0.177611
2.56743	-0.300344	-0.300344	-0.171899
2.57742	-0.289872	-0.289872	-0.165905
2.58741	-0.278927	-0.278927	-0.159641
2.5974	-0.267528	-0.267528	-0.153117
2.60739	-0.255695	-0.255695	-0.146345
2.61738	-0.243449	-0.243449	-0.139336
2.62737	-0.230811	-0.230811	-0.132102
2.63736	-0.217802	-0.217802	-0.124657
2.64735	-0.204444	-0.204444	-0.117012
2.65734	-0.19076	-0.19076	-0.10918
2.66733	-0.176772	-0.176772	-0.101174
2.67732	-0.162505	-0.162505	-0.0930081
2.68731	-0.14798	-0.14798	-0.0846952
2.6973	-0.133223	-0.133223	-0.076249
2.70729	-0.118257	-0.118257	-0.0676831
2.71728	-0.103105	-0.103105	-0.0590114
2.72727	-0.0877933	-0.0877933	-0.0502477
2.73726	-0.0723449	-0.0723449	-0.041406
2.74725	-0.0567846	-0.0567846	-0.0325002
2.75724	-0.0411368	-0.0411368	-0.0235442
2.76723	-0.0254257	-0.0254257	-0.0145521
2.77722	-0.00967564	-0.00967564	-0.00553776
2.78721	0.00608916	0.00608916	0.00348507
2.7972	0.0218447	0.0218447	0.0125026
2.80719	0.0375672	0.0375672	0.0215013
2.81718	0.0532331	0.0532331	0.0304674
2.82717	0.0688189	0.0688189	0.0393879
2.83716	0.0843017	0.0843017	0.0482493
2.84715	0.0996588	0.0996588	0.0570388
2.85714	0.114868	0.114868	0.0657435
2.86713	0.129907	0.129907	0.0743509
2.87712	0.144754	0.144754	0.0828486
2.88711	0.159389	0.159389	0.0912247
2.8971	0.17379	0.17379	0.0994672
2.90709	0.187938	0.187938	0.107565
2.91708	0.201814	0.201814	0.115506
2.92707	0.215397	0.215397	0.123281
2.93706	0.228671	0.228671	0.130878
2.94705	0.241616	0.241616	0.138287
2.95704	0.254217	0.254217	0.145499
2.96703	0.266456	0.266456	0.152503
2.97702	0.278317	0.278317	0.159292
2.98701	0.289786	0.289786	0.165856
2.997	0.300847	0.300847	0.172187
3.00699	0.311488	0.311488	0.178277
3.01698	0.321695	0.321695	0.184119
3.02697	0.331456	0.331456	0.189706
3.03696	0.340759	0.340759	0.19503
3.04695	0.349594	0.349594	0.200087
3.05694	0.357951	0.357951	0.20487
3.06693	0.365819	0.365819	0.209373
3.07692	0.373192	0.373192	0.213593
3.08691	0.38006	0.38006	0.217524
3.0969	0.386418	0.386418	0.221163
3.10689	0.392259	0.392259	0.224506
3.11688	0.397577	0.397577	0.227549
3.12687	0.402368	0.402368	0.230292
3.13686	0.406628	0.406628	0.23273
3.14685	0.410355	0.410355	0.234863
3.15684	0.413545	0.413545	0.236689
3.16683	0.416197	0.416197	0.238207
3.17682	0.418311	0.418311	0.239416
3.18681	0.419885	0.419885	0.240318
3.1968	0.420922	0.420922	0.240911
3.20679	0.421422	0.421422	0.241197
3.21678	0.421387	0.421387	0.241177
3.22677	0.42082	0.42082	0.240852
3.23676	0.419725	0.419725	0.240225
3.24675	0.418105	0.418105	0.239298
3.25674	0.415965	0.415965	0.238074
3.26673	0.413311	0.413311	0.236555
3.27672	0.410148	0.410148	0.234744
3.28671	0.406484	0.406484	0.232647
3.2967	0.402324	0.402324	0.230267
3.30669	0.397678	0.397678	0.227607
3.31668	0.392553	0.392553	0.224674
3.32667	0.386958	0.386958	0.221472
3.33666	0.380902	0.380902	0.218006
3.34665	0.374395	0.374395	0.214282
3.35664	0.367447	0.367447	0.210305
3.36663	0.360069	0.360069	0.206082
3.37662	0.352272	0.352272	0.20162
3.38661	0.344067	0.344067	0.196924
3.3966	0.335467	0.335467	0.192001
3.40659	0.326482	0.326482	0.186859
3.41658	0.317127	0.317127	0.181504
3.42657	0.307412	0.307412	0.175945
3.43656	0.297353	0.297353	0.170187
3.44655	0.286961	0.286961	0.16424
3.45654	0.276252	0.276252	0.15811
3.46653	0.265237	0.265237	0.151806
3.47652	0.253932	0.253932	0.145335
3.48651	0.24235	0.24235	0.138707
3.4965	0.230505	0.230505	0.131928
3.50649	0.218414	0.218414	0.125007
3.51648	0.206088	0.206088	0.117953
3.52647	0.193544	0.193544	0.110773
3.53646	0.180796	0.180796	0.103477
3.54645	0.167859	0.167859	0.0960724
3.55644	0.154747	0.154747	0.0885679
3.56643	0.141475	0.141475	0.080972
3.57642	0.128058	0.128058	0.0732929
3.58641	0.114511	0.114511	0.0655392
3.5964	0.100847	0.100847	0.0577191
3.60639	0.0870829	0.0870829	0.0498411
3.61638	0.0732314	0.0732314	0.0419133
3.62637	0.0593075	0.0593075	0.0339441
3.63636	0.0453252	0.0453252	0.0259415
3.64635	0.0312987	0.0312987	0.0179135
3.65634	0.0172419	0.0172419	0.00986824
3.66633	0.00316848	0.00316848	0.00181345
3.67632	-0.010908	-0.010908	-0.00624307
3.68631	-0.0249741	-0.0249741	-0.0142937
3.6963	-0.0390168	-0.0390168	-0.0223309
3.70629	-0.0530232	-0.0530232	-0.0303473
3.71628	-0.0669806	-0.0669806	-0.0383357
3.72627	-0.0808765	-0.0808765	-0.0462889
3.73626	-0.094699	-0.094699	-0.0542001
3.74625	-0.108436	-0.108436	-0.0620623
3.75624	-0.122076	-0.122076	-0.0698691
3.76623	-0.135608	-0.135608	-0.0776139
3.77622	-0.14902	-0.14902	-0.0852904
3.78621	-0.162303	-0.162303	-0.0928925
3.7962	-0.175445	-0.175445	-0.100414
3.80619	-0.188437	-0.188437	-0.10785
3.81618	-0.201269	-0.201269	-0.115194
3.82617	-0.213931	-0.213931	-0.122442
3.83616	-0.226415	-0.226415	-0.129587
3.84615	-0.238712	-0.238712	-0.136625
3.85614	-0.250813	-0.250813	-0.143551
3.86613	-0.262711	-0.262711	-0.15036
3.87612	-0.274398	-0.274398	-0.157049
3.88611	-0.285866	-0.285866	-0.163613
3.8961	-0.29711	-0.29711	-0.170048
3.90609	-0.308121	-0.308121	-0.17635
3.91608	-0.318894	-0.318894	-0.182516
3.92607	-0.329424	-0.329424	-0.188543
3.93606	-0.339704	-0.339704	-0.194426
3.94605	-0.349729	-0.349729	-0.200164
3.95604	-0.359496	-0.359496	-0.205754
3.96603	-0.368998	-0.368998	-0.211193
3.97602	-0.378233	-0.378233	-0.216478
3.98601	-0.387197	-0.387197	-0.221609
3.996	-0.395886	-0.395886	-0.226582
4.00599	-0.404297	-0.404297	-0.231396
4.01598	-0.412428	-0.412428	-0.236049
4.02597	-0.420276	-0.420276	-0.240541
4.03596	-0.427839	-0.427839	-0.24487
4.04595	-0.435115	-0.435115	-0.249034
4.05594	-0.442104	-0.442104	-0.253034
4.06593	-0.448804	-0.448804	-0.256869
4.07592	-0.455214	-0.455214	-0.260538
4.08591	-0.461334	-0.461334	-0.26404
4.0959	-0.467164	-0.467164	-0.267377
4.10589	-0.472704	-0.472704	-0.270548
4.11588	-0.477954	-0.477954	-0.273552
4.12587	-0.482915	-0.482915	-0.276392
4.13586	-0.487588	-0.487588	-0.279066
4.14585	-0.491974	-0.491974	-0.281577
4.15584	-0.496075	-0.496075	-0.283924
4.16583	-0.499893	-0.499893	-0.286109
4.17582	-0.503428	-0.503428	-0.288133
4.18581	-0.506685	-0.506685	-0.289996
4.1958	-0.509664	-0.509664	-0.291702
4.20579	-0.512369	-0.512369	-0.29325
4.21578	-0.514803	-0.514803	-0.294643
4.22577	-0.516968	-0.516968	-0.295882
4.23576	-0.518867	-0.518867	-0.296969
4.24575	-0.520505	-0.520505	-0.297906
4.25574	-0.521885	-0.521885	-0.298696
4.26573	-0.52301	-0.52301	-0.29934
4.27572	-0.523884	-0.523884	-0.29984
4.28571	-0.524511	-0.524511	-0.300199
4.2957	-0.524897	-0.524897	-0.30042
4.30569	-0.525044	-0.525044	-0.300504
4.31568	-0.524957	-0.524957	-0.300454
4.32567	-0.524641	-0.524641	-0.300273
4.33566	-0.524101	-0.524101	-0.299964
4.34565	-0.523341	-0.523341	-0.299529
4.35564	-0.522366	-0.522366	-0.298971
4.36563	-0.521181	-0.521181	-0.298293
4.37562	-0.519791	-0.519791	-0.297497
4.38561	-0.518201	-0.518201	-0.296588
4.3956	-0.516417	-0.516417	-0.295566
4.40559	-0.514442	-0.514442	-0.294436
4.41558	-0.512284	-0.512284	-0.293201
4.42557	-0.509947	-0.509947	-0.291863
4.43556	-0.507436	-0.507436	-0.290426
4.44555	-0.504756	-0.504756	-0.288892
4.45554	-0.501914	-0.501914	-0.287266
4.46553	-0.498913	-0.498913	-0.285548
4.47552	-0.495761	-0.495761	-0.283744
4.48551	-0.492461	-0.492461	-0.281856
4.4955	-0.489021	-0.489021	-0.279886
4.50549	-0.485444	-0.485444	-0.277839
4.51548	-0.481736	-0.481736	-0.275717
4.52547	-0.477902	-0.477902	-0.273523
4.53546	-0.473949	-0.473949	-0.27126
4.54545	-0.469881	-0.469881	-0.268932
4.55544	-0.465703	-0.465703	-0.266541
4.56543	-0.46142	-0.46142	-0.26409
4.57542	-0.457038	-0.457038	-0.261582
4.58541	-0.452562	-0.452562	-0.25902
4.5954	-0.447997	-0.447997	-0.256407
4.60539	-0.443348	-0.443348	-0.253746
4.61538	-0.43862	-0.43862	-0.25104
4.62537	-0.433817	-0.433817	-0.248291
4.63536	-0.428945	-0.428945	-0.245503
4.64535	-0.424008	-0.424008	-0.242677
4.65534	-0.419011	-0.419011	-0.239817
4.66533	-0.413958	-0.413958	-0.236925
4.67532	-0.408855	-0.408855	-0.234004
4.68531	-0.403705	-0.403705	-0.231057
4.6953	-0.398513	-0.398513	-0.228085
4.70529	-0.393282	-0.393282	-0.225092
4.71528	-0.388019	-0.388019	-0.222079
4.72527	-0.382725	-0.382725	-0.219049
4.73526	-0.377406	-0.377406	-0.216005
4.74525	-0.372065	-0.372065	-0.212948
4.75524	-0.366706	-0.366706	-0.209881
4.76523	-0.361333	-0.361333	-0.206806
4.77522	-0.355949	-0.355949	-0.203724
4.78521	-0.350559	-0.350559	-0.200639
4.7952	-0.345165	-0.345165	-0.197552
4.80519	-0.339771	-0.339771	-0.194465
4.81518	-0.334379	-0.334379	-0.191379
4.82517	-0.328994	-0.328994	-0.188297
4.83516	-0.323619	-0.323619	-0.18522
4.84515	-0.318255	-0.318255	-0.18215
4.85514	-0.312907	-0.312907	-0.179089
4.86513	-0.307577	-0.307577	-0.176039
4.87512	-0.302267	-0.302267	-0.173
4.88511	-0.29698	-0.29698	-0.169974
4.8951	-0.291719	-0.291719	-0.166963
4.90509	-0.286486	-0.286486	-0.163968
4.91508	-0.281283	-0.281283	-0.16099
4.92507	-0.276113	-0.276113	-0.158031
4.93506	-0.270977	-0.270977	-0.155091
4.94505	-0.265878	-0.265878	-0.152173
4.95504	-0.260818	-0.260818	-0.149277
4.96503	-0.255798	-0.255798	-0.146404
4.97502	-0.25082	-0.25082	-0.143555
4.98501	-0.245887	-0.245887	-0.140731
4.995	-0.240998	-0.240998	-0.137933
5.00499	-0.236156	-0.236156	-0.135162
5.01498	-0.231363	-0.231363	-0.132419
5.02497	-0.22662	-0.22662	-0.129704
5.03496	-0.221927	-0.221927	-0.127018
5.04495	-0.217286	-0.217286	-0.124362
5.05494	-0.212699	-0.212699	-0.121736
5.06493	-0.208166	-0.208166	-0.119142
5.07492	-0.203687	-0.203687	-0.116579
5.08491	-0.199265	-0.199265	-0.114048
5.0949	-0.1949	-0.1949	-0.111549
5.10489	-0.190592	-0.190592	-0.109084
5.11488	-0.186343	-0.186343	-0.106652
5.12487	-0.182152	-0.182152	-0.104253
5.13486	-0.178021	-0.178021	-0.101888
5.14485	-0.173949	-0.173949	-0.0995582
5.15484	-0.169938	-0.169938	-0.0972623
5.16483	-0.165987	-0.165987	-0.0950012
5.17482	-0.162097	-0.162097	-0.0927749
5.18481	-0.158269	-0.158269	-0.0905836
5.1948	-0.154501	-0.154501	-0.0884274
5.20479	-0.150795	-0.150795	-0.0863063
5.21478	-0.147151	-0.147151	-0.0842205
5.22477	-0.143568	-0.143568	-0.08217
5.23476	-0.140047	-0.140047	-0.0801547
5.24475	-0.136588	-0.136588	-0.0781746
5.25474	-0.133189	-0.133189	-0.0762297
5.26473	-0.129853	-0.129853	-0.0743199
5.27472	-0.126577	-0.126577	-0.0724451
5.28471	-0.123362	-0.123362	-0.0706052
5.2947	-0.120208	-0.120208	-0.0688
5.30469	-0.117114	-0.117114	-0.0670293
5.31468	-0.114081	-0.114081	-0.0652931
5.32467	-0.111107	-0.111107	-0.063591
5.33466	-0.108192	-0.108192	-0.0619229
5.34465	-0.105337	-0.105337	-0.0602885
5.35464	-0.10254	-0.10254	-0.0586877
5.36463	-0.0998007	-0.0998007	-0.05712
5.37462	-0.0971193	-0.0971193	-0.0555853
5.38461	-0.0944949	-0.0944949	-0.0540833
5.3946	-0.0919271	-0.0919271	-0.0526136
5.40459	-0.0894152	-0.0894152	-0.051176
5.41458	-0.0869587	-0.0869587	-0.04977
5.42457	-0.0845571	-0.0845571	-0.0483955
5.43456	-0.0822097	-0.0822097	-0.047052
5.44455	-0.079916	-0.079916	-0.0457392
5.45454	-0.0776752	-0.0776752	-0.0444567
5.46453	-0.0754868	-0.0754868	-0.0432042
5.47452	-0.07335	-0.07335	-0.0419812
5.48451	-0.0712643	-0.0712643	-0.0407875
5.4945	-0.069229	-0.069229	-0.0396226
5.50449	-0.0672433	-0.0672433	-0.0384861
5.51448	-0.0653066	-0.0653066	-0.0373777
5.52447	-0.0634183	-0.0634183	-0.0362969
5.53446	-0.0615775	-0.0615775	-0.0352433
5.54445	-0.0597836	-0.0597836	-0.0342166
5.55444	-0.0580359	-0.0580359	-0.0332163
5.56443	-0.0563337	-0.0563337	-0.0322421
5.57442	-0.0546762	-0.0546762	-0.0312934
5.58441	-0.0530628	-0.0530628	-0.03037
5.5944	-0.0514928	-0.0514928	-0.0294714
5.60439	-0.0499654	-0.0499654	-0.0285973
5.61438	-0.04848	-0.04848	-0.0277471
5.62437	-0.0470358	-0.0470358	-0.0269205
5.63436	-0.0456321	-0.0456321	-0.0261171
5.64435	-0.0442682	-0.0442682	-0.0253365
5.65434	-0.0429435	-0.0429435	-0.0245783
5.66433	-0.0416573	-0.0416573	-0.0238422
5.67432	-0.0404088	-0.0404088	-0.0231276
5.68431	-0.0391974	-0.0391974	-0.0224343
5.6943	-0.0380224	-0.0380224	-0.0217618
5.70429	-0.0368833	-0.0368833	-0.0211098
5.71428	-0.0357792	-0.0357792	-0.0204779
5.72427	-0.0347096	-0.0347096	-0.0198657
5.73426	-0.0336738	-0.0336738	-0.0192729
5.74425	-0.0326713	-0.0326713	-0.0186991
5.75424	-0.0317013	-0.0317013	-0.018144
5.76423	-0.0307634	-0.0307634	-0.0176071
5.77422	-0.0298568	-0.0298568	-0.0170883
5.78421	-0.0289811	-0.0289811	-0.016587
5.7942	-0.0281356	-0.0281356	-0.0161031
5.80419	-0.0273198	-0.0273198	-0.0156362
5.81418	-0.0265331	-0.0265331	-0.015186
5.82417	-0.0257751	-0.0257751	-0.0147521
5.83416	-0.0250451	-0.0250451	-0.0143343
5.84415	-0.0243428	-0.0243428	-0.0139324
5.85414	-0.0236675	-0.0236675	-0.0135459
5.86413	-0.0230189	-0.0230189	-0.0131746
5.87412	-0.0223964	-0.0223964	-0.0128184
5.88411	-0.0217997	-0.0217997	-0.0124768
5.8941	-0.0212282	-0.0212282	-0.0121498
5.90409	-0.0206816	-0.0206816	-0.0118369
5.91408	-0.0201595	-0.0201595	-0.0115381
5.92407	-0.0196615	-0.0196615	-0.0112531
5.93406	-0.0191873	-0.0191873	-0.0109817
5.94405	-0.0187364	-0.0187364	-0.0107236
5.95404	-0.0183086	-0.0183086	-0.0104787
5.96403	-0.0179035	-0.0179035	-0.0102469
5.97402	-0.0175209	-0.0175209	-0.0100279
5.98401	-0.0171605	-0.0171605	-0.00982165
5.994	-0.016822	-0.016822	-0.00962793
6.00399	-0.0165053	-0.0165053	-0.00944663
6.01398	-0.01621	-0.01621	-0.00927764
6.02397	-0.015936	-0.015936	-0.00912084
6.03396	-0.0156832	-0.0156832	-0.00897614
6.04395	-0.0154514	-0.0154514	-0.00884345
6.05394	-0.0152404	-0.0152404	-0.0087227
6.06393	-0.0150502	-0.0150502	-0.00861384
6.07392	-0.0148807	-0.0148807	-0.00851682
6.08391	-0.0147318	-0.0147318	-0.00843161
6.0939	-0.0146035	-0.0146035	-0.00835819
6.10389	-0.0144959	-0.0144959	-0.00829657
6.11388	-0.0144088	-0.0144088	-0.00824675
6.12387	-0.0143425	-0.0143425	-0.00820877
6.13386	-0.0142969	-0.0142969	-0.00818267
6.14385	-0.0142721	-0.0142721	-0.00816852
6.15384	-0.0142684	0	-0.00816639
6.16383	-0.0142859	0	-0.00817638
6.17382	-0.0143247	0	-0.00819861
6.18381	-0.0143852	0	-0.00823321
6.1938	-0.0144675	0	-0.00828033
6.20379	-0.014572	0	-0.00834015
6.21378	-0.0146991	0	-0.00841287
6.22377	-0.014849	0	-0.00849869
6.23376	-0.0150223	0	-0.00859787
6.24375	-0.0152193	0	-0.00871065
6.25374	-0.0154407	0	-0.00883733
6.26373	-0.0156869	0	-0.00897823
6.27372	-0.0159584	0	-0.00913367
6.28371	-0.0162561	0	-0.00930403
6.2937	-0.0165805	0	-0.0094897
6.30369	-0.0169324	0	-0.0096911
6.31368	-0.0173126	0	-0.0099087
6.32367	-0.0177219	0	-0.010143
6.33366	-0.0181613	0	-0.0103944
6.34365	-0.0186317	0	-0.0106637
6.35364	-0.0191342	0	-0.0109513
6.36363	-0.0196698	0	-0.0112578
6.37362	-0.0202398	0	-0.0115841
6.38361	-0.0208454	0	-0.0119307
6.3936	-0.021488	0	-0.0122984
6.40359	-0.0221689	0	-0.0126881
6.41358	-0.0228896	0	-0.0131006
6.42357	-0.0236518	0	-0.0135369
6.43356	-0.0244571	0	-0.0139978
6.44355	-0.0253072	0	-0.0144844
6.45354	-0.0262042	0	-0.0149977
6.46353	-0.02715	0	-0.015539
6.47352	-0.0281466	0	-0.0161094
6.48351	-0.0291964	0	-0.0167103
6.4935	-0.0303016	0	-0.0173428
6.50349	-0.0314648	0	-0.0180086
6.51348	-0.0326887	0	-0.0187091
6.52347	-0.0339759	0	-0.0194458
6.53346	-0.0353294	0	-0.0202205
6.54345	-0.0367524	0	-0.0210349
6.55344	-0.038248	0	-0.0218909
6.56343	-0.0398199	0	-0.0227905
6.57342	-0.0414715	0	-0.0237358
6.58341	-0.0432068	0	-0.024729
6.5934	-0.0450299	0	-0.0257724
6.60339	-0.0469449	0	-0.0268685
6.61338	-0.0489566	0	-0.0280198
6.62337	-0.0510696	0	-0.0292292
6.63336	-0.0532889	0	-0.0304994
6.64335	-0.05562	0	-0.0318336
6.65334	-0.0580684	0	-0.0332349
6.66333	-0.0606402	0	-0.0347068
6.67332	-0.0633414	0	-0.0362529
6.68331	-0.0661788	0	-0.0378768
6.6933	-0.0691594	0	-0.0395827
6.70329	-0.0722904	0	-0.0413747
6.71328	-0.0755798	0	-0.0432574
6.72327	-0.0790356	0	-0.0452353
6.73326	-0.0826666	0	-0.0473135
6.74325	-0.086482	0	-0.0494972
6.75324	-0.0904913	0	-0.0517919
6.76323	-0.0947049	0	-0.0542035
6.77322	-0.0991334	0	-0.0567381
6.78321	-0.103788	0	-0.0594023
6.7932	-0.108682	0	-0.062203
6.80319	-0.113826	0	-0.0651474
6.81318	-0.119235	0	-0.0682433
6.82317	-0.124923	0	-0.0714986
6.83316	-0.130905	0	-0.0749221
6.84315	-0.137196	0	-0.0785229
6.85314	-0.143814	0	-0.0823104
6.86313	-0.150775	0	-0.0862948
6.87312	-0.1581	0	-0.0904868
6.88311	-0.165807	0	-0.0948978
6.8931	-0.173917	0	-0.0995398
6.90309	-0.182453	0	-0.104425
6.91308	-0.191438	0	-0.109568
6.92307	-0.200897	0	-0.114982
6.93306	-0.210856	0	-0.120681
6.94305	-0.221342	0	-0.126683
6.95304	-0.232386	0	-0.133004
6.96303	-0.244017	0	-0.139661
6.97302	-0.25627	0	-0.146673
6.98301	-0.269177	0	-0.154061
6.993	-0.282777	0	-0.161845
7.00299	-0.297108	0	-0.170047
7.01298	-0.312212	0	-0.178692
7.02297	-0.328132	0	-0.187803
7.03296	-0.344914	0	-0.197408
7.04295	-0.362607	0	-0.207535
7.05294	-0.381263	0	-0.218212
7.06293	-0.400937	0	-0.229472
7.07292	-0.421687	0	-0.241348
7.08291	-0.443574	0	-0.253876
7.0929	-0.466665	0	-0.267092
7.10289	-0.491028	0	-0.281036
7.11288	-0.516737	0	-0.29575
7.12287	-0.543869	0	-0.311278
7.13286	-0.572507	0	-0.327669
7.14285	-0.602738	0	-0.344972
7.15284	-0.634656	0	-0.363239
7.16283	-0.668357	0	-0.382528
7.17282	-0.703948	0	-0.402898
7.18281	-0.741537	0	-0.424412
7.1928	-0.781244	0	-0.447138
7.20279	-0.823191	0	-0.471146
7.21278	-0.867512	0	-0.496513
7.22277	-0.914347	0	-0.523318
7.23276	-0.963844	0	-0.551647
7.24275	-1.01616	0	-0.581591
7.25274	-1.07147	0	-0.613244
7.26273	-1.12994	0	-0.64671
7.27272	-1.19177	0	-0.682097
7.28271	-1.25715	0	-0.719519
7.2927	-1.32631	0	-0.759099
7.30269	-1.39946	0	-0.800966
7.31268	-1.47685	0	-0.845259
7.32267	-1.55873	0	-0.892123
7.33266	-1.64537	0	-0.941714
7.34265	-1.73707	0	-0.994198
7.35264	-1.83414	0	-1.04975
7.36263	-1.93688	0	-1.10856
7.37262	-2.04567	0	-1.17082
7.38261	-2.16085	0	-1.23675
7.3926	-2.28284	0	-1.30656
7.40259	-2.41203	0	-1.38051
7.41258	-2.54889	0	-1.45883
7.42257	-2.69387	0	-1.54181
7.43256	-2.84748	0	-1.62973
7.44255	-3.01026	0	-1.7229
7.45254	-3.18278	0	-1.82163
7.46253	-3.36563	0	-1.92629
7.47252	-3.55947	0	-2.03723
7.48251	-3.76498	0	-2.15485
7.4925	-3.98288	0	-2.27957
7.50249	-4.21397	0	-2.41183
7.51248	-4.45905	0	-2.5521
7.52247	-4.71903	0	-2.70089
7.53246	-4.99482	0	-2.85874
7.54245	-5.28744	0	-3.02622
7.55244	-5.59795	0	-3.20394
7.56243	-5.92748	0	-3.39254
7.57242	-6.27725	0	-3.59272
7.58241	-6.64853	0	-3.80523
7.5924	-7.04272	0	-4.03083
7.60239	-7.46126	0	-4.27038
7.61238	-7.90572	0	-4.52476
7.62237	-8.37776	0	-4.79493
7.63236	-8.87916	0	-5.08191
7.64235	-9.41181	0	-5.38676
7.65234	-9.97773	0	-5.71066
7.66233	-10.5791	0	-6.05483
7.67232	-11.2181	0	-6.42059
7.68231	-11.8974	0	-6.80934
7.6923	-12.6194	0	-7.22258
7.70229	-13.3869	0	-7.66189
7.71228	-14.2031	0	-8.129
7.72227	-15.0709	0	-8.62571
7.73226	-15.9939	0	-9.15396
7.74225	-16.9756	0	-9.71584
7.75224	-18.0199	0	-10.3135
7.76223	-19.131	0	-10.9495
7.77222	-20.3132	0	-11.6261
7.78221	-21.5713	0	-12.3461
7.7922	-22.9103	0	-13.1125
7.80219	-24.3355	0	-13.9282
7.81218	-25.8528	0	-14.7966
7.82217	-27.4682	0	-15.7212
7.83216	-29.1884	0	-16.7057
7.84215	-31.0203	0	-17.7542
7.85214	-32.9714	0	-18.8709
7.86213	-35.0498	0	-20.0604
7.87212	-37.264	0	-21.3277
7.88211	-39.6231	0	-22.6779
7.8921	-42.1371	0	-24.1168
7.90209	-44.8163	0	-25.6502
7.91208	-47.672	0	-27.2846
7.92207	-50.7162	0	-29.027
7.93206	-53.9617	0	-30.8845
7.94205	-57.4223	0	-32.8651
7.95204	-61.1126	0	-34.9772
7.96203	-65.0484	0	-37.2299
7.97202	-69.2466	0	-39.6326
7.98201	-73.7251	0	-42.1959
7.992	-78.5033	0	-44.9306
8.00199	-83.6018	0	-47.8487
8.01198	-89.0429	0	-50.9629
8.02197	-94.8501	0	-54.2866
8.03196	-101.049	0	-57.8344
8.04195	-107.667	0	-61.6219
8.05194	-114.732	0	-65.6659
8.06193	-122.277	0	-69.9841
8.07192	-130.334	0	-74.5957
8.08191	-138.94	0	-79.5213
8.0919	-148.133	0	-84.7828
8.10189	-157.955	0	-90.404
8.11188	-168.449	0	-96.41
8.12187	-179.662	0	-102.828
8.13186	-191.647	0	-109.687
8.14185	-204.456	0	-117.019
8.15184	-218.149	0	-124.856
8.16183	-232.789	0	-133.235
8.17182	-248.442	0	-142.194
8.18181	-265.182	0	-151.774
8.1918	-283.084	0	-162.021
8.20179	-302.234	0	-172.981
8.21178	-322.719	0	-184.705
8.22177	-344.636	0	-197.249
8.23176	-368.087	0	-210.671
8.24175	-393.184	0	-225.035
8.25174	-420.044	0	-240.408
8.26173	-448.795	0	-256.864
8.27172	-479.574	0	-274.48
8.28171	-512.528	0	-293.341
8.2917	-547.815	0	-313.537
8.30169	-585.604	0	-335.165
8.31168	-626.078	0	-358.33
8.32167	-669.433	0	-383.144
8.33166	-715.879	0	-409.727
8.34165	-765.643	0	-438.208
8.35164	-818.967	0	-468.728
8.36163	-876.115	0	-501.436
8.37162	-937.367	0	-536.493
8.38161	-1003.02	0	-574.072
8.3916	-1073.42	0	-614.359
8.40159	-1148.89	0	-657.555
8.41158	-1229.82	0	-703.875
8.42157	-1316.61	0	-753.552
8.43156	-1409.71	0	-806.834
8.44155	-1509.57	0	-863.99
8.45154	-1616.71	0	-925.309
8.46153	-1731.67	0	-991.103
8.47152	-1855.02	0	-1061.71
8.48151	-1987.41	0	-1137.48
8.4915	-2129.51	0	-1218.81
8.50149	-2282.06	0	-1306.11
8.51148	-2445.83	0	-1399.85
8.52147	-2621.67	0	-1500.49
8.53146	-2810.5	0	-1608.56
8.54145	-3013.31	0	-1724.64
8.55144	-3231.14	0	-1849.31
8.56143	-3465.14	0	-1983.24
8.57142	-3716.55	0	-2127.13
8.58141	-3986.69	0	-2281.74
8.5914	-4276.98	0	-2447.89
8.60139	-4588.98	0	-2626.46
8.61138	-4924.33	0	-2818.39
8.62137	-5284.84	0	-3024.73
8.63136	-5672.43	0	-3246.56
8.64135	-6089.19	0	-3485.09
8.65134	-6537.37	0	-3741.6
8.66133	-7019.39	0	-4017.48
8.67132	-7537.87	0	-4314.23
8.68131	-8095.63	0	-4633.46
8.6913	-8695.71	0	-4976.91
8.70129	-9341.42	0	-5346.48
8.71128	-10036.3	0	-5744.18
8.72127	-10784.2	0	-6172.22
8.73126	-11589.2	0	-6632.96
8.74125	-12455.8	0	-7128.95
8.75124	-13388.8	0	-7662.96
8.76123	-14393.5	0	-8237.98
8.77122	-15475.4	0	-8857.21
8.78121	-16640.7	0	-9524.15
8.7912	-17895.9	0	-10242.5
8.80119	-19248.1	0	-11016.4
8.81118	-20704.9	0	-11850.3
8.82117	-22274.7	0	-12748.7
8.83116	-23966.4	0	-13717
8.84115	-25789.8	0	-14760.5
8.85114	-27755.1	0	-15885.4
8.86113	-29873.9	0	-17098
8.87112	-32158.2	0	-18405.5
8.88111	-34621.5	0	-19815.3
8.8911	-37277.8	0	-21335.6
8.90109	-40142.8	0	-22975.4
8.91108	-43233.2	0	-24744.1
8.92107	-46567.1	0	-26652.3
8.93106	-50164.1	0	-28711
8.94105	-54045.5	0	-30932.4
8.95104	-58234.1	0	-33329.8
8.96103	-62754.9	0	-35917.2
8.97102	-67634.8	0	-38710.1
8.98101	-72902.8	0	-41725.2
8.991	-78590.6	0	-44980.6
9.00099	-84732.2	0	-48495.7
9.01098	-91364.7	0	-52291.8
9.02097	-98528.2	0	-56391.7
9.03096	-106266	0	-60820.4
9.04095	-114625	0	-65604.7
9.05094	-123657	0	-70773.8
9.06093	-133416	0	-76359.2
9.07092	-143962	0	-82395.3
9.08091	-155361	0	-88919.2
9.0909	-167682	0	-95971
9.10089	-181001	0	-103594
9.11088	-195402	0	-111837
9.12087	-210974	0	-120749
9.13086	-227814	0	-130387
9.14085	-246027	0	-140811
9.15084	-265728	0	-152087
9.16083	-287041	0	-164285
9.17082	-310100	0	-177483
9.18081	-335050	0	-191763
9.1908	-362052	0	-207217
9.20079	-391275	0	-223943
9.21078	-422908	0	-242047
9.22077	-457152	0	-261647
9.23076	-494227	0	-282866
9.24075	-534373	0	-305843
9.25074	-577848	0	-330726
9.26073	-624933	0	-357675
9.27072	-675935	0	-386865
9.28071	-731186	0	-418487
9.2907	-791046	0	-452748
9.30069	-855908	0	-489871
9.31068	-926197	0	-530100
9.32067	-1.00238e+006	0	-573701
9.33066	-1.08495e+006	0	-620961
9.34065	-1.17446e+006	0	-672193
9.35064	-1.27151e+006	0	-727738
9.36063	-1.37674e+006	0	-787966
9.37062	-1.49086e+006	0	-853278
9.38061	-1.61462e+006	0	-924113
9.3906	-1.74886e+006	0	-1.00094e+006
9.40059	-1.89449e+006	0	-1.08429e+006
9.41058	-2.05248e+006	0	-1.17472e+006
9.42057	-2.22391e+006	0	-1.27283e+006
9.43056	-2.40994e+006	0	-1.37931e+006
9.44055	-2.61184e+006	0	-1.49486e+006
9.45054	-2.83099e+006	0	-1.62029e+006
9.46053	-3.06888e+006	0	-1.75644e+006
9.47052	-3.32715e+006	0	-1.90426e+006
9.48051	-3.60758e+006	0	-2.06476e+006
9.4905	-3.9121e+006	0	-2.23906e+006
9.50049	-4.24283e+006	0	-2.42834e+006
9.51048	-4.60205e+006	0	-2.63394e+006
9.52047	-4.99227e+006	0	-2.85728e+006
9.53046	-5.41621e+006	0	-3.09992e+006
9.54045	-5.87684e+006	0	-3.36356e+006
9.55044	-6.37739e+006	0	-3.65004e+006
9.56043	-6.92138e+006	0	-3.96138e+006
9.57042	-7.51264e+006	0	-4.29979e+006
9.58041	-8.15537e+006	0	-4.66765e+006
9.5904	-8.85411e+006	0	-5.06757e+006
9.60039	-9.61384e+006	0	-5.50239e+006
9.61038	-1.044e+007	0	-5.97523e+006
9.62037	-1.13384e+007	0	-6.48944e+006
9.63036	-1.23156e+007	0	-7.04874e+006
9.64035	-1.33786e+007	0	-7.65712e+006
9.65034	-1.4535e+007	0	-8.31899e+006
9.66033	-1.57932e+007	0	-9.03911e+006
9.67032	-1.71623e+007	0	-9.82271e+006
9.68031	-1.86523e+007	0	-1.06755e+007
9.6903	-2.0274e+007	0	-1.16036e+007
9.70029	-2.20392e+007	0	-1.26139e+007
9.71028	-2.39609e+007	0	-1.37138e+007
9.72027	-2.60532e+007	0	-1.49113e+007
9.73026	-2.83315e+007	0	-1.62153e+007
9.74025	-3.08126e+007	0	-1.76353e+007
9.75024	-3.35148e+007	0	-1.91819e+007
9.76023	-3.64583e+007	0	-2.08665e+007
9.77022	-3.96648e+007	0	-2.27018e+007
9.78021	-4.31583e+007	0	-2.47013e+007
9.7902	-4.6965e+007	0	-2.688e+007
9.80019	-5.11134e+007	0	-2.92543e+007
9.81018	-5.56346e+007	0	-3.18419e+007
9.82017	-6.05627e+007	0	-3.46625e+007
9.83016	-6.5935e+007	0	-3.77373e+007
9.84015	-7.17921e+007	0	-4.10895e+007
9.85014	-7.81785e+007	0	-4.47448e+007
9.86013	-8.51429e+007	0	-4.87308e+007
9.87012	-9.27384e+007	0	-5.3078e+007
9.88011	-1.01023e+008	0	-5.78197e+007
9.8901	-1.10061e+008	0	-6.29922e+007
9.90009	-1.1992e+008	0	-6.86354e+007
9.91008	-1.30679e+008	0	-7.47927e+007
9.92007	-1.42418e+008	0	-8.15118e+007
9.93006	-1.55231e+008	0	-8.88448e+007
9.94005	-1.69215e+008	0	-9.68486e+007
9.95004	-1.8448e+008	0	-1.05586e+008
9.96003	-2.01146e+008	0	-1.15124e+008
9.97002	-2.19342e+008	0	-1.25539e+008
9.98001	-2.39212e+008	0	-1.36911e+008
9.99	-2.60912e+008	0	-1.49331e+008
