0	1
0.00999	0.999998
0.01998	0.999992
0.02997	0.999982
0.03996	0.999968
0.04995	0.999951
0.05994	0.999929
0.06993	0.999904
0.07992	0.999876
0.08991	0.999844
0.0999	0.999809
0.10989	0.999771
0.11988	0.99973
0.12987	0.999686
0.13986	0.999641
0.14985	0.999593
0.15984	0.999543
0.16983	0.999493
0.17982	0.999441
0.18981	0.999388
0.1998	0.999334
0.20979	0.999281
0.21978	0.999228
0.22977	0.999177
0.23976	0.999126
0.24975	0.999077
0.25974	0.99903
0.26973	0.998986
0.27972	0.998945
0.28971	0.998909
0.2997	0.998876
0.30969	0.998848
0.31968	0.998827
0.32967	0.998811
0.33966	0.998802
0.34965	0.9988
0.35964	0.998807
0.36963	0.998823
0.37962	0.998848
0.38961	0.998884
0.3996	0.998931
0.40959	0.99899
0.41958	0.999061
0.42957	0.999146
0.43956	0.999246
0.44955	0.99936
0.45954	0.999491
0.46953	0.999639
0.47952	0.999806
0.48951	0.999991
0.4995	1.0002
0.50949	1.00042
0.51948	1.00067
0.52947	1.00094
0.53946	1.00123
0.54945	1.00155
0.55944	1.0019
0.56943	1.00227
0.57942	1.00268
0.58941	1.00311
0.5994	1.00357
0.60939	1.00406
0.61938	1.00459
0.62937	1.00515
0.63936	1.00575
0.64935	1.00638
0.65934	1.00706
0.66933	1.00777
0.67932	1.00852
0.68931	1.00932
0.6993	1.01016
0.70929	1.01104
0.71928	1.01197
0.72927	1.01295
0.73926	1.01398
0.74925	1.01507
0.75924	1.0162
0.76923	1.01739
0.77922	1.01863
0.78921	1.01993
0.7992	1.02129
0.80919	1.02272
0.81918	1.0242
0.82917	1.02575
0.83916	1.02737
0.84915	1.02905
0.85914	1.03081
0.86913	1.03263
0.87912	1.03453
0.88911	1.03651
0.8991	1.03856
0.90909	1.04069
0.91908	1.0429
0.92907	1.0452
0.93906	1.04759
0.94905	1.05006
0.95904	1.05262
0.96903	1.05527
0.97902	1.05802
0.98901	1.06087
0.999	1.06381
1.00899	1.06686
1.01898	1.07001
1.02897	1.07327
1.03896	1.07664
1.04895	1.08011
1.05894	1.08371
1.06893	1.08742
1.07892	1.09125
1.08891	1.0952
1.0989	1.09928
1.10889	1.10348
1.11888	1.10782
1.12887	1.11229
1.13886	1.11689
1.14885	1.12164
1.15884	1.12653
1.16883	1.13157
1.17882	1.13676
1.18881	1.1421
1.1988	1.14759
1.20879	1.15325
1.21878	1.15907
1.22877	1.16506
1.23876	1.17122
1.24875	1.17755
1.25874	1.18406
1.26873	1.19075
1.27872	1.19764
1.28871	1.20471
1.2987	1.21197
1.30869	1.21944
1.31868	1.22711
1.32867	1.23498
1.33866	1.24307
1.34865	1.25138
1.35864	1.25991
1.36863	1.26867
1.37862	1.27765
1.38861	1.28688
1.3986	1.29635
1.40859	1.30606
1.41858	1.31603
1.42857	1.32626
1.43856	1.33675
1.44855	1.34752
1.45854	1.35856
1.46853	1.36988
1.47852	1.3815
1.48851	1.39341
1.4985	1.40562
1.50849	1.41814
1.51848	1.43098
1.52847	1.44414
1.53846	1.45763
1.54845	1.47146
1.55844	1.48564
1.56843	1.50017
1.57842	1.51506
1.58841	1.53033
1.5984	1.54597
1.60839	1.562
1.61838	1.57843
1.62837	1.59526
1.63836	1.61251
1.64835	1.63019
1.65834	1.6483
1.66833	1.66686
1.67832	1.68587
1.68831	1.70535
1.6983	1.72531
1.70829	1.74576
1.71828	1.76671
1.72827	1.78818
1.73826	1.81017
1.74825	1.8327
1.75824	1.85578
1.76823	1.87942
1.77822	1.90365
1.78821	1.92847
1.7982	1.95389
1.80819	1.97994
1.81818	2.00663
1.82817	2.03397
1.83816	2.06198
1.84815	2.09068
1.85814	2.12008
1.86813	2.1502
1.87812	2.18107
1.88811	2.21269
1.8981	2.24509
1.90809	2.2783
1.91808	2.31231
1.92807	2.34717
1.93806	2.3829
1.94805	2.4195
1.95804	2.45701
1.96803	2.49545
1.97802	2.53485
1.98801	2.57523
1.998	2.61661
2.00799	2.65902
2.01798	2.7025
2.02797	2.74706
2.03796	2.79273
2.04795	2.83956
2.05794	2.88756
2.06793	2.93677
2.07792	2.98722
2.08791	3.03895
2.0979	3.09199
2.10789	3.14637
2.11788	3.20214
2.12787	3.25932
2.13786	3.31797
2.14785	3.37812
2.15784	3.43981
2.16783	3.50308
2.17782	3.56798
2.18781	3.63456
2.1978	3.70286
2.20779	3.77293
2.21778	3.84482
2.22777	3.91858
2.23776	3.99427
2.24775	4.07194
2.25774	4.15164
2.26773	4.23344
2.27772	4.3174
2.28771	4.40358
2.2977	4.49203
2.30769	4.58284
2.31768	4.67607
2.32767	4.77178
2.33766	4.87005
2.34765	4.97096
2.35764	5.07459
2.36763	5.18101
2.37762	5.29031
2.38761	5.40257
2.3976	5.51789
2.40759	5.63634
2.41758	5.75804
2.42757	5.88307
2.43756	6.01154
2.44755	6.14355
2.45754	6.27921
2.46753	6.41863
2.47752	6.56193
2.48751	6.70922
2.4975	6.86062
2.50749	7.01627
2.51748	7.17629
2.52747	7.34083
2.53746	7.51001
2.54745	7.68399
2.55744	7.86292
2.56743	8.04695
2.57742	8.23624
2.58741	8.43096
2.5974	8.63128
2.60739	8.83738
2.61738	9.04944
2.62737	9.26765
2.63736	9.49221
2.64735	9.72332
2.65734	9.96119
2.66733	10.206
2.67732	10.4581
2.68731	10.7176
2.6973	10.9848
2.70729	11.2599
2.71728	11.5432
2.72727	11.835
2.73726	12.1355
2.74725	12.445
2.75724	12.7639
2.76723	13.0924
2.77722	13.4308
2.78721	13.7796
2.7972	14.1389
2.80719	14.5093
2.81718	14.891
2.82717	15.2844
2.83716	15.69
2.84715	16.1081
2.85714	16.5392
2.86713	16.9837
2.87712	17.442
2.88711	17.9147
2.8971	18.4023
2.90709	18.9051
2.91708	19.4239
2.92707	19.9591
2.93706	20.5112
2.94705	21.0809
2.95704	21.6689
2.96703	22.2756
2.97702	22.9018
2.98701	23.5482
2.997	24.2155
3.00699	24.9044
3.01698	25.6157
3.02697	26.3501
3.03696	27.1085
3.04695	27.8918
3.05694	28.7008
3.06693	29.5365
3.07692	30.3998
3.08691	31.2916
3.0969	32.2132
3.10689	33.1654
3.11688	34.1494
3.12687	35.1664
3.13686	36.2176
3.14685	37.3043
3.15684	38.4276
3.16683	39.589
3.17682	40.7899
3.18681	42.0318
3.1968	43.316
3.20679	44.6443
3.21678	46.0182
3.22677	47.4394
3.23676	48.9098
3.24675	50.4311
3.25674	52.0053
3.26673	53.6343
3.27672	55.3203
3.28671	57.0653
3.2967	58.8716
3.30669	60.7415
3.31668	62.6775
3.32667	64.682
3.33666	66.7578
3.34665	68.9074
3.35664	71.1338
3.36663	73.4399
3.37662	75.8289
3.38661	78.3038
3.3966	80.868
3.40659	83.525
3.41658	86.2785
3.42657	89.1321
3.43656	92.0898
3.44655	95.1558
3.45654	98.3341
3.46653	101.629
3.47652	105.046
3.48651	108.589
3.4965	112.263
3.50649	116.074
3.51648	120.027
3.52647	124.128
3.53646	128.382
3.54645	132.796
3.55644	137.376
3.56643	142.129
3.57642	147.062
3.58641	152.182
3.5964	157.496
3.60639	163.014
3.61638	168.742
3.62637	174.69
3.63636	180.867
3.64635	187.281
3.65634	193.944
3.66633	200.864
3.67632	208.053
3.68631	215.522
3.6963	223.283
3.70629	231.347
3.71628	239.727
3.72627	248.437
3.73626	257.49
3.74625	266.901
3.75624	276.685
3.76623	286.857
3.77622	297.435
3.78621	308.434
3.7962	319.874
3.80619	331.772
3.81618	344.149
3.82617	357.025
3.83616	370.421
3.84615	384.359
3.85614	398.864
3.86613	413.959
3.87612	429.67
3.88611	446.024
3.8961	463.048
3.90609	480.772
3.91608	499.226
3.92607	518.442
3.93606	538.455
3.94605	559.297
3.95604	581.007
3.96603	603.622
3.97602	627.182
3.98601	651.729
3.996	677.307
4.00599	703.963
4.01598	731.743
4.02597	760.698
4.03596	790.881
4.04595	822.346
4.05594	855.152
4.06593	889.359
4.07592	925.03
4.08591	962.231
4.0959	1001.03
4.10589	1041.5
4.11588	1083.73
4.12587	1127.78
4.13586	1173.74
4.14585	1221.7
4.15584	1271.75
4.16583	1323.99
4.17582	1378.52
4.18581	1435.44
4.1958	1494.86
4.20579	1556.91
4.21578	1621.7
4.22577	1689.36
4.23576	1760.03
4.24575	1833.83
4.25574	1910.94
4.26573	1991.49
4.27572	2075.64
4.28571	2163.58
4.2957	2255.48
4.30569	2351.52
4.31568	2451.9
4.32567	2556.84
4.33566	2666.53
4.34565	2781.22
4.35564	2901.15
4.36563	3026.55
4.37562	3157.7
4.38561	3294.87
4.3956	3438.36
4.40559	3588.46
4.41558	3745.5
4.42557	3909.82
4.43556	4081.76
4.44555	4261.7
4.45554	4450.04
4.46553	4647.17
4.47552	4853.54
4.48551	5069.59
4.4955	5295.8
4.50549	5532.67
4.51548	5780.73
4.52547	6040.54
4.53546	6312.67
4.54545	6597.74
4.55544	6896.38
4.56543	7209.29
4.57542	7537.16
4.58541	7880.76
4.5954	8240.87
4.60539	8618.31
4.61538	9013.97
4.62537	9428.75
4.63536	9863.64
4.64535	10319.6
4.65534	10797.8
4.66533	11299.3
4.67532	11825.3
4.68531	12377.1
4.6953	12955.9
4.70529	13563.2
4.71528	14200.5
4.72527	14869.1
4.73526	15570.9
4.74525	16307.5
4.75524	17080.6
4.76523	17892.2
4.77522	18744.3
4.78521	19639
4.7952	20578.5
4.80519	21565.2
4.81518	22601.5
4.82517	23690
4.83516	24833.5
4.84515	26034.8
4.85514	27297
4.86513	28623.4
4.87512	30017.3
4.88511	31482.2
4.8951	33022.1
4.90509	34640.7
4.91508	36342.5
4.92507	38131.7
4.93506	40013.2
4.94505	41991.7
4.95504	44072.6
4.96503	46261.3
4.97502	48563.7
4.98501	50985.9
4.995	53534.3
5.00499	56215.9
5.01498	59037.8
5.02497	62007.7
5.03496	65133.6
5.04495	68424.2
5.05494	71888.3
5.06493	75535.4
5.07492	79375.7
5.08491	83419.8
5.0949	87678.8
5.10489	92164.7
5.11488	96890
5.12487	101868
5.13486	107113
5.14485	112639
5.15484	118462
5.16483	124599
5.17482	131067
5.18481	137886
5.1948	145073
5.20479	152651
5.21478	160641
5.22477	169067
5.23476	177952
5.24475	187324
5.25474	197209
5.26473	207637
5.27472	218639
5.28471	230247
5.2947	242496
5.30469	255423
5.31468	269067
5.32467	283468
5.33466	298670
5.34465	314719
5.35464	331665
5.36463	349558
5.37462	368455
5.38461	388412
5.3946	409492
5.40459	431761
5.41458	455286
5.42457	480142
5.43456	506407
5.44455	534162
5.45454	563497
5.46453	594502
5.47452	627278
5.48451	661927
5.4945	698562
5.50449	737299
5.51448	778264
5.52447	821587
5.53446	867411
5.54445	915884
5.55444	967164
5.56443	1.02142e+006
5.57442	1.07883e+006
5.58441	1.13958e+006
5.5944	1.20387e+006
5.60439	1.27192e+006
5.61438	1.34395e+006
5.62437	1.42021e+006
5.63436	1.50094e+006
5.64435	1.58643e+006
5.65434	1.67696e+006
5.66433	1.77283e+006
5.67432	1.87437e+006
5.68431	1.98193e+006
5.6943	2.09588e+006
5.70429	2.2166e+006
5.71428	2.34451e+006
5.72427	2.48006e+006
5.73426	2.62371e+006
5.74425	2.77596e+006
5.75424	2.93734e+006
5.76423	3.10842e+006
5.77422	3.2898e+006
5.78421	3.48212e+006
5.7942	3.68605e+006
5.80419	3.90233e+006
5.81418	4.13171e+006
5.82417	4.37502e+006
5.83416	4.63313e+006
5.84415	4.90696e+006
5.85414	5.1975e+006
5.86413	5.50581e+006
5.87412	5.83299e+006
5.88411	6.18024e+006
5.8941	6.54884e+006
5.90409	6.94011e+006
5.91408	7.35552e+006
5.92407	7.79657e+006
5.93406	8.26491e+006
5.94405	8.76227e+006
5.95404	9.29051e+006
5.96403	9.85159e+006
5.97402	1.04476e+007
5.98401	1.10808e+007
5.994	1.17536e+007
6.00399	1.24685e+007
6.01398	1.32282e+007
6.02397	1.40356e+007
6.03396	1.48938e+007
6.04395	1.58061e+007
6.05394	1.67759e+007
6.06393	1.78071e+007
6.07392	1.89036e+007
6.08391	2.00696e+007
6.0939	2.13097e+007
6.10389	2.26288e+007
6.11388	2.40319e+007
6.12387	2.55246e+007
6.13386	2.71127e+007
6.14385	2.88026e+007
6.15384	3.06009e+007
6.16383	3.25148e+007
6.17382	3.45519e+007
6.18381	3.67203e+007
6.1938	3.90288e+007
6.20379	4.14865e+007
6.21378	4.41036e+007
6.22377	4.68904e+007
6.23376	4.98584e+007
6.24375	5.30197e+007
6.25374	5.6387e+007
6.26373	5.99744e+007
6.27372	6.37964e+007
6.28371	6.78688e+007
6.2937	7.22085e+007
6.30369	7.68335e+007
6.31368	8.17629e+007
6.32367	8.70175e+007
6.33366	9.26191e+007
6.34365	9.85912e+007
6.35364	1.04959e+008
6.36363	1.1175e+008
6.37362	1.18991e+008
6.38361	1.26715e+008
6.3936	1.34954e+008
6.40359	1.43743e+008
6.41358	1.53121e+008
6.42357	1.63126e+008
6.43356	1.73803e+008
6.44355	1.85197e+008
6.45354	1.97358e+008
6.46353	2.10339e+008
6.47352	2.24196e+008
6.48351	2.38991e+008
6.4935	2.54787e+008
6.50349	2.71655e+008
6.51348	2.8967e+008
6.52347	3.0891e+008
6.53346	3.29461e+008
6.54345	3.51415e+008
6.55344	3.7487e+008
6.56343	3.9993e+008
6.57342	4.26709e+008
6.58341	4.55328e+008
6.5934	4.85914e+008
6.60339	5.18608e+008
6.61338	5.53558e+008
6.62337	5.90922e+008
6.63336	6.30872e+008
6.64335	6.73592e+008
6.65334	7.19276e+008
6.66333	7.68137e+008
6.67332	8.204e+008
6.68331	8.76307e+008
6.6933	9.36118e+008
6.70329	1.00011e+009
6.71328	1.06859e+009
6.72327	1.14187e+009
6.73326	1.2203e+009
6.74325	1.30425e+009
6.75324	1.39412e+009
6.76323	1.49033e+009
6.77322	1.59333e+009
6.78321	1.70363e+009
6.7932	1.82175e+009
6.80319	1.94826e+009
6.81318	2.08376e+009
6.82317	2.22891e+009
6.83316	2.38441e+009
6.84315	2.55102e+009
6.85314	2.72954e+009
6.86313	2.92085e+009
6.87312	3.12589e+009
6.88311	3.34566e+009
6.8931	3.58124e+009
6.90309	3.83379e+009
6.91308	4.10458e+009
6.92307	4.39493e+009
6.93306	4.70629e+009
6.94305	5.04022e+009
6.95304	5.39839e+009
6.96303	5.7826e+009
6.97302	6.19477e+009
6.98301	6.63699e+009
6.993	7.11151e+009
7.00299	7.62071e+009
7.01298	8.1672e+009
7.02297	8.75376e+009
7.03296	9.3834e+009
7.04295	1.00593e+010
7.05294	1.07851e+010
7.06293	1.15643e+010
7.07292	1.24011e+010
7.08291	1.32998e+010
7.0929	1.4265e+010
7.10289	1.53019e+010
7.11288	1.64157e+010
7.12287	1.76125e+010
7.13286	1.88983e+010
7.14285	2.02801e+010
7.15284	2.17652e+010
7.16283	2.33613e+010
7.17282	2.5077e+010
7.18281	2.69214e+010
7.1928	2.89044e+010
7.20279	3.10366e+010
7.21278	3.33295e+010
7.22277	3.57953e+010
7.23276	3.84475e+010
7.24275	4.13003e+010
7.25274	4.43693e+010
7.26273	4.76711e+010
7.27272	5.12238e+010
7.28271	5.50468e+010
7.2927	5.91612e+010
7.30269	6.35894e+010
7.31268	6.8356e+010
7.32267	7.34873e+010
7.33266	7.90117e+010
7.34265	8.49601e+010
7.35264	9.13654e+010
7.36263	9.82636e+010
7.37262	1.05693e+011
7.38261	1.13696e+011
7.3926	1.22317e+011
7.40259	1.31605e+011
7.41258	1.41613e+011
7.42257	1.52397e+011
7.43256	1.64019e+011
7.44255	1.76545e+011
7.45254	1.90046e+011
7.46253	2.04601e+011
7.47252	2.20292e+011
7.48251	2.37211e+011
7.4925	2.55456e+011
7.50249	2.75131e+011
7.51248	2.96351e+011
7.52247	3.1924e+011
7.53246	3.43932e+011
7.54245	3.7057e+011
7.55244	3.99312e+011
7.56243	4.30327e+011
7.57242	4.63798e+011
7.58241	4.99922e+011
7.5924	5.38914e+011
7.60239	5.81006e+011
7.61238	6.26449e+011
7.62237	6.75513e+011
7.63236	7.28495e+011
7.64235	7.8571e+011
7.65234	8.47505e+011
7.66233	9.14252e+011
7.67232	9.86354e+011
7.68231	1.06425e+012
7.6923	1.14841e+012
7.70229	1.23936e+012
7.71228	1.33764e+012
7.72227	1.44386e+012
7.73226	1.55867e+012
7.74225	1.68278e+012
7.75224	1.81696e+012
7.76223	1.96203e+012
7.77222	2.1189e+012
7.78221	2.28855e+012
7.7922	2.47202e+012
7.80219	2.67047e+012
7.81218	2.88514e+012
7.82217	3.11739e+012
7.83216	3.36866e+012
7.84215	3.64056e+012
7.85214	3.9348e+012
7.86213	4.25325e+012
7.87212	4.59793e+012
7.88211	4.97105e+012
7.8921	5.37499e+012
7.90209	5.81234e+012
7.91208	6.2859e+012
7.92207	6.79874e+012
7.93206	7.35415e+012
7.94205	7.95573e+012
7.95204	8.6074e+012
7.96203	9.31338e+012
7.97202	1.00783e+013
7.98201	1.09071e+013
7.992	1.18053e+013
8.00199	1.27787e+013
8.01198	1.38337e+013
8.02197	1.49774e+013
8.03196	1.62173e+013
8.04195	1.75616e+013
8.05194	1.90192e+013
8.06193	2.05999e+013
8.07192	2.23142e+013
8.08191	2.41736e+013
8.0919	2.61905e+013
8.10189	2.83786e+013
8.11188	3.07526e+013
8.12187	3.33286e+013
8.13186	3.6124e+013
8.14185	3.91577e+013
8.15184	4.24505e+013
8.16183	4.60249e+013
8.17182	4.99052e+013
8.18181	5.41181e+013
8.1918	5.86925e+013
8.20179	6.36601e+013
8.21178	6.9055e+013
8.22177	7.49146e+013
8.23176	8.12796e+013
8.24175	8.81943e+013
8.25174	9.57069e+013
8.26173	1.0387e+014
8.27172	1.1274e+014
8.28171	1.22381e+014
8.2917	1.32859e+014
8.30169	1.44249e+014
8.31168	1.56631e+014
8.32167	1.70092e+014
8.33166	1.8473e+014
8.34165	2.00647e+014
8.35164	2.17958e+014
8.36163	2.36786e+014
8.37162	2.57266e+014
8.38161	2.79545e+014
8.3916	3.03785e+014
8.40159	3.3016e+014
8.41158	3.58861e+014
8.42157	3.90095e+014
8.43156	4.24092e+014
8.44155	4.61097e+014
8.45154	5.01382e+014
8.46153	5.45241e+014
8.47152	5.92996e+014
8.48151	6.44999e+014
8.4915	7.01633e+014
8.50149	7.63316e+014
8.51148	8.30505e+014
8.52147	9.037e+014
8.53146	9.83444e+014
8.54145	1.07033e+015
8.55144	1.16502e+015
8.56143	1.2682e+015
8.57142	1.38066e+015
8.58141	1.50325e+015
8.5914	1.63689e+015
8.60139	1.78259e+015
8.61138	1.94145e+015
8.62137	2.11468e+015
8.63136	2.30359e+015
8.64135	2.50964e+015
8.65134	2.73439e+015
8.66133	2.97957e+015
8.67132	3.24706e+015
8.68131	3.53892e+015
8.6913	3.8574e+015
8.70129	4.20497e+015
8.71128	4.58431e+015
8.72127	4.99838e+015
8.73126	5.45039e+015
8.74125	5.94388e+015
8.75124	6.4827e+015
8.76123	7.07107e+015
8.77122	7.71362e+015
8.78121	8.41541e+015
8.7912	9.18197e+015
8.80119	1.00194e+016
8.81118	1.09342e+016
8.82117	1.19338e+016
8.83116	1.30261e+016
8.84115	1.42198e+016
8.85114	1.55244e+016
8.86113	1.69504e+016
8.87112	1.85093e+016
8.88111	2.02136e+016
8.8911	2.2077e+016
8.90109	2.41147e+016
8.91108	2.6343e+016
8.92107	2.87802e+016
8.93106	3.14459e+016
8.94105	3.43621e+016
8.95104	3.75525e+016
8.96103	4.10431e+016
8.97102	4.48628e+016
8.98101	4.90429e+016
8.991	5.36178e+016
9.00099	5.86255e+016
9.01098	6.41072e+016
9.02097	7.01085e+016
9.03096	7.66794e+016
9.04095	8.38745e+016
9.05094	9.1754e+016
9.06093	1.00384e+017
9.07092	1.09836e+017
9.08091	1.20191e+017
9.0909	1.31535e+017
9.10089	1.43964e+017
9.11088	1.57583e+017
9.12087	1.72509e+017
9.13086	1.88867e+017
9.14085	2.06796e+017
9.15084	2.26451e+017
9.16083	2.47998e+017
9.17082	2.71623e+017
9.18081	2.97529e+017
9.1908	3.25938e+017
9.20079	3.57095e+017
9.21078	3.9127e+017
9.22077	4.28759e+017
9.23076	4.69887e+017
9.24075	5.15012e+017
9.25074	5.64527e+017
9.26073	6.18865e+017
9.27072	6.78501e+017
9.28071	7.43958e+017
9.2907	8.15813e+017
9.30069	8.94697e+017
9.31068	9.81307e+017
9.32067	1.07641e+018
9.33066	1.18085e+018
9.34065	1.29555e+018
9.35064	1.42153e+018
9.36063	1.55993e+018
9.37062	1.71197e+018
9.38061	1.87901e+018
9.3906	2.06256e+018
9.40059	2.26427e+018
9.41058	2.48596e+018
9.42057	2.72962e+018
9.43056	2.99747e+018
9.44055	3.29193e+018
9.45054	3.61568e+018
9.46053	3.97167e+018
9.47052	4.36315e+018
9.48051	4.79369e+018
9.4905	5.26725e+018
9.50049	5.78818e+018
9.51048	6.36126e+018
9.52047	6.99178e+018
9.53046	7.68557e+018
9.54045	8.44905e+018
9.55044	9.28931e+018
9.56043	1.02142e+019
9.57042	1.12322e+019
9.58041	1.2353e+019
9.5904	1.35869e+019
9.60039	1.49457e+019
9.61038	1.64419e+019
9.62037	1.80898e+019
9.63036	1.99048e+019
9.64035	2.19041e+019
9.65034	2.41066e+019
9.66033	2.65333e+019
9.67032	2.92072e+019
9.68031	3.21538e+019
9.6903	3.54012e+019
9.70029	3.89805e+019
9.71028	4.2926e+019
9.72027	4.72756e+019
9.73026	5.20711e+019
9.74025	5.73589e+019
9.75024	6.319e+019
9.76023	6.96208e+019
9.77022	7.67138e+019
9.78021	8.45379e+019
9.7902	9.31694e+019
9.80019	1.02692e+020
9.81018	1.132e+020
9.82017	1.24796e+020
9.83016	1.37593e+020
9.84015	1.51717e+020
9.85014	1.67309e+020
9.86013	1.84521e+020
9.87012	2.03524e+020
9.88011	2.24507e+020
9.8901	2.47678e+020
9.90009	2.73268e+020
9.91008	3.01532e+020
9.92007	3.32752e+020
9.93006	3.67242e+020
9.94005	4.05348e+020
9.95004	4.47453e+020
9.96003	4.9398e+020
9.97002	5.45401e+020
9.98001	6.02234e+020
9.99	6.65057e+020
