0	0	0	0
0.00999	0.0193732	0.0193732	0.00998419
0.01998	0.0386788	0.0386788	0.0199335
0.02997	0.0578493	0.0578493	0.0298132
0.03996	0.0768178	0.0768178	0.0395888
0.04995	0.0955181	0.0955181	0.0492262
0.05994	0.113885	0.113885	0.0586917
0.06993	0.131854	0.131854	0.0679523
0.07992	0.149363	0.149363	0.0769756
0.08991	0.16635	0.16635	0.0857302
0.0999	0.182757	0.182757	0.0941855
0.10989	0.198525	0.198525	0.102312
0.11988	0.213601	0.213601	0.110081
0.12987	0.227931	0.227931	0.117466
0.13986	0.241465	0.241465	0.124442
0.14985	0.254157	0.254157	0.130982
0.15984	0.265962	0.265962	0.137066
0.16983	0.276839	0.276839	0.142672
0.17982	0.28675	0.28675	0.147779
0.18981	0.29566	0.29566	0.152372
0.1998	0.30354	0.30354	0.156432
0.20979	0.31036	0.31036	0.159947
0.21978	0.316098	0.316098	0.162904
0.22977	0.320734	0.320734	0.165293
0.23976	0.324252	0.324252	0.167106
0.24975	0.326639	0.326639	0.168336
0.25974	0.327887	0.327887	0.16898
0.26973	0.327993	0.327993	0.169035
0.27972	0.326956	0.326956	0.1685
0.28971	0.32478	0.32478	0.167378
0.2997	0.321472	0.321472	0.165674
0.30969	0.317045	0.317045	0.163392
0.31968	0.311513	0.311513	0.160542
0.32967	0.304898	0.304898	0.157132
0.33966	0.29722	0.29722	0.153175
0.34965	0.288508	0.288508	0.148686
0.35964	0.278793	0.278793	0.143679
0.36963	0.268107	0.268107	0.138172
0.37962	0.256489	0.256489	0.132184
0.38961	0.243979	0.243979	0.125737
0.3996	0.23062	0.23062	0.118852
0.40959	0.21646	0.21646	0.111555
0.41958	0.201548	0.201548	0.10387
0.42957	0.185936	0.185936	0.0958237
0.43956	0.169677	0.169677	0.0874448
0.44955	0.15283	0.15283	0.0787623
0.45954	0.135451	0.135451	0.0698062
0.46953	0.117603	0.117603	0.0606079
0.47952	0.0993467	0.0993467	0.0511993
0.48951	0.0807457	0.0807457	0.0416131
0.4995	0.0618646	0.0618646	0.0318826
0.50949	0.0427691	0.0427691	0.0220415
0.51948	0.0235253	0.0235253	0.012124
0.52947	0.00420001	0.00420001	0.00216452
0.53946	-0.0151398	-0.0151398	-0.00780247
0.54945	-0.0344273	-0.0344273	-0.0177424
0.55944	-0.0535955	-0.0535955	-0.027621
0.56943	-0.0725783	-0.0725783	-0.037404
0.57942	-0.09131	-0.09131	-0.0470575
0.58941	-0.109726	-0.109726	-0.0565483
0.5994	-0.127762	-0.127762	-0.0658437
0.60939	-0.145357	-0.145357	-0.0749114
0.61938	-0.16245	-0.16245	-0.0837204
0.62937	-0.178982	-0.178982	-0.0922402
0.63936	-0.194896	-0.194896	-0.100442
0.64935	-0.210137	-0.210137	-0.108296
0.65934	-0.224654	-0.224654	-0.115777
0.66933	-0.238395	-0.238395	-0.122859
0.67932	-0.251315	-0.251315	-0.129518
0.68931	-0.263369	-0.263369	-0.13573
0.6993	-0.274515	-0.274515	-0.141474
0.70929	-0.284717	-0.284717	-0.146732
0.71928	-0.293938	-0.293938	-0.151484
0.72927	-0.302149	-0.302149	-0.155715
0.73926	-0.30932	-0.30932	-0.159411
0.74925	-0.315428	-0.315428	-0.162559
0.75924	-0.320452	-0.320452	-0.165148
0.76923	-0.324376	-0.324376	-0.16717
0.77922	-0.327186	-0.327186	-0.168618
0.78921	-0.328873	-0.328873	-0.169488
0.7992	-0.329433	-0.329433	-0.169776
0.80919	-0.328863	-0.328863	-0.169483
0.81918	-0.327166	-0.327166	-0.168608
0.82917	-0.324349	-0.324349	-0.167156
0.83916	-0.320421	-0.320421	-0.165132
0.84915	-0.315397	-0.315397	-0.162543
0.85914	-0.309294	-0.309294	-0.159398
0.86913	-0.302134	-0.302134	-0.155708
0.87912	-0.293942	-0.293942	-0.151486
0.88911	-0.284746	-0.284746	-0.146747
0.8991	-0.274578	-0.274578	-0.141507
0.90909	-0.263474	-0.263474	-0.135784
0.91908	-0.251471	-0.251471	-0.129598
0.92907	-0.238611	-0.238611	-0.122971
0.93906	-0.224939	-0.224939	-0.115924
0.94905	-0.2105	-0.2105	-0.108483
0.95904	-0.195346	-0.195346	-0.100674
0.96903	-0.179528	-0.179528	-0.0925214
0.97902	-0.163099	-0.163099	-0.0840548
0.98901	-0.146117	-0.146117	-0.0753027
0.999	-0.128638	-0.128638	-0.066295
1.00899	-0.110723	-0.110723	-0.0570624
1.01898	-0.092433	-0.092433	-0.0476363
1.02897	-0.0738296	-0.0738296	-0.0380488
1.03896	-0.0549761	-0.0549761	-0.0283325
1.04895	-0.0359366	-0.0359366	-0.0185203
1.05894	-0.0167755	-0.0167755	-0.00864542
1.06893	0.0024423	0.0024423	0.00125866
1.07892	0.0216519	0.0216519	0.0111585
1.08891	0.0407883	0.0407883	0.0210207
1.0989	0.0597872	0.0597872	0.0308119
1.10889	0.0785845	0.0785845	0.0404993
1.11888	0.097117	0.097117	0.0500502
1.12887	0.115323	0.115323	0.0594326
1.13886	0.13314	0.13314	0.0686151
1.14885	0.15051	0.15051	0.0775668
1.15884	0.167374	0.167374	0.0862579
1.16883	0.183676	0.183676	0.0946593
1.17882	0.199362	0.199362	0.102743
1.18881	0.214379	0.214379	0.110482
1.1988	0.228678	0.228678	0.117851
1.20879	0.242211	0.242211	0.124826
1.21878	0.254934	0.254934	0.131383
1.22877	0.266804	0.266804	0.1375
1.23876	0.277782	0.277782	0.143158
1.24875	0.287834	0.287834	0.148338
1.25874	0.296925	0.296925	0.153023
1.26873	0.305026	0.305026	0.157198
1.27872	0.312111	0.312111	0.160849
1.28871	0.318157	0.318157	0.163965
1.2987	0.323144	0.323144	0.166536
1.30869	0.327058	0.327058	0.168553
1.31868	0.329885	0.329885	0.17001
1.32867	0.331618	0.331618	0.170903
1.33866	0.332251	0.332251	0.171229
1.34865	0.331784	0.331784	0.170988
1.35864	0.330218	0.330218	0.170181
1.36863	0.327559	0.327559	0.168811
1.37862	0.323818	0.323818	0.166883
1.38861	0.319008	0.319008	0.164404
1.3986	0.313145	0.313145	0.161383
1.40859	0.30625	0.30625	0.157829
1.41858	0.298346	0.298346	0.153756
1.42857	0.28946	0.28946	0.149176
1.43856	0.279622	0.279622	0.144106
1.44855	0.268866	0.268866	0.138563
1.45854	0.257227	0.257227	0.132564
1.46853	0.244744	0.244744	0.126131
1.47852	0.231459	0.231459	0.119285
1.48851	0.217417	0.217417	0.112048
1.4985	0.202663	0.202663	0.104444
1.50849	0.187247	0.187247	0.0964997
1.51848	0.17122	0.17122	0.0882398
1.52847	0.154634	0.154634	0.0796922
1.53846	0.137544	0.137544	0.0708848
1.54845	0.120007	0.120007	0.0618466
1.55844	0.102079	0.102079	0.0526073
1.56843	0.0838191	0.0838191	0.043197
1.57842	0.0652873	0.0652873	0.0336465
1.58841	0.0465437	0.0465437	0.0239868
1.5984	0.0276493	0.0276493	0.0142494
1.60839	0.00866543	0.00866543	0.00446581
1.61838	-0.0103465	-0.0103465	-0.00533218
1.62837	-0.029325	-0.029325	-0.0151129
1.63836	-0.0482089	-0.0482089	-0.0248449
1.64835	-0.0669374	-0.0669374	-0.0344968
1.65834	-0.0854502	-0.0854502	-0.0440376
1.66833	-0.103688	-0.103688	-0.0534367
1.67832	-0.121593	-0.121593	-0.0626641
1.68831	-0.139107	-0.139107	-0.0716902
1.6983	-0.156175	-0.156175	-0.0804864
1.70829	-0.172743	-0.172743	-0.0890247
1.71828	-0.188758	-0.188758	-0.0972781
1.72827	-0.204169	-0.204169	-0.10522
1.73826	-0.218928	-0.218928	-0.112827
1.74825	-0.232988	-0.232988	-0.120073
1.75824	-0.246307	-0.246307	-0.126937
1.76823	-0.258841	-0.258841	-0.133396
1.77822	-0.270551	-0.270551	-0.139431
1.78821	-0.281403	-0.281403	-0.145024
1.7982	-0.291361	-0.291361	-0.150156
1.80819	-0.300397	-0.300397	-0.154812
1.81818	-0.308481	-0.308481	-0.158979
1.82817	-0.315589	-0.315589	-0.162642
1.83816	-0.321701	-0.321701	-0.165792
1.84815	-0.326798	-0.326798	-0.168419
1.85814	-0.330865	-0.330865	-0.170515
1.86813	-0.333891	-0.333891	-0.172074
1.87812	-0.335867	-0.335867	-0.173092
1.88811	-0.336789	-0.336789	-0.173567
1.8981	-0.336654	-0.336654	-0.173498
1.90809	-0.335464	-0.335464	-0.172885
1.91808	-0.333225	-0.333225	-0.171731
1.92807	-0.329945	-0.329945	-0.17004
1.93806	-0.325635	-0.325635	-0.167819
1.94805	-0.32031	-0.32031	-0.165075
1.95804	-0.313987	-0.313987	-0.161816
1.96803	-0.306688	-0.306688	-0.158055
1.97802	-0.298437	-0.298437	-0.153802
1.98801	-0.28926	-0.28926	-0.149073
1.998	-0.279187	-0.279187	-0.143882
2.00799	-0.26825	-0.26825	-0.138245
2.01798	-0.256485	-0.256485	-0.132182
2.02797	-0.243928	-0.243928	-0.125711
2.03796	-0.230619	-0.230619	-0.118852
2.04795	-0.216601	-0.216601	-0.111627
2.05794	-0.201916	-0.201916	-0.10406
2.06793	-0.186612	-0.186612	-0.0961726
2.07792	-0.170736	-0.170736	-0.0879907
2.08791	-0.154338	-0.154338	-0.0795394
2.0979	-0.137467	-0.137467	-0.070845
2.10789	-0.120177	-0.120177	-0.0619343
2.11788	-0.10252	-0.10252	-0.0528348
2.12787	-0.0845514	-0.0845514	-0.0435744
2.13786	-0.0663256	-0.0663256	-0.0341815
2.14785	-0.0478983	-0.0478983	-0.0246849
2.15784	-0.0293259	-0.0293259	-0.0151134
2.16783	-0.0106646	-0.0106646	-0.0054961
2.17782	0.00802892	0.00802892	0.00413778
2.18781	0.0266982	0.0266982	0.0137592
2.1978	0.045287	0.045287	0.0233391
2.20779	0.0637395	0.0637395	0.0328488
2.21778	0.0820005	0.0820005	0.0422598
2.22777	0.100015	0.100015	0.0515439
2.23776	0.11773	0.11773	0.0606736
2.24775	0.135093	0.135093	0.0696217
2.25774	0.152053	0.152053	0.0783618
2.26773	0.168558	0.168558	0.0868681
2.27772	0.184562	0.184562	0.0951156
2.28771	0.200016	0.200016	0.10308
2.2977	0.214877	0.214877	0.110739
2.30769	0.2291	0.2291	0.118069
2.31768	0.242645	0.242645	0.125049
2.32767	0.255473	0.255473	0.13166
2.33766	0.267546	0.267546	0.137883
2.34765	0.278832	0.278832	0.143699
2.35764	0.289297	0.289297	0.149092
2.36763	0.298912	0.298912	0.154047
2.37762	0.307651	0.307651	0.158551
2.38761	0.315488	0.315488	0.16259
2.3976	0.322404	0.322404	0.166154
2.40759	0.328378	0.328378	0.169233
2.41758	0.333396	0.333396	0.171819
2.42757	0.337444	0.337444	0.173905
2.43756	0.340512	0.340512	0.175486
2.44755	0.342593	0.342593	0.176559
2.45754	0.343682	0.343682	0.17712
2.46753	0.343778	0.343778	0.17717
2.47752	0.342883	0.342883	0.176708
2.48751	0.341	0.341	0.175738
2.4975	0.338137	0.338137	0.174262
2.50749	0.334303	0.334303	0.172286
2.51748	0.329512	0.329512	0.169817
2.52747	0.323778	0.323778	0.166862
2.53746	0.31712	0.31712	0.163431
2.54745	0.309559	0.309559	0.159534
2.55744	0.301117	0.301117	0.155183
2.56743	0.291819	0.291819	0.150392
2.57742	0.281695	0.281695	0.145174
2.58741	0.270774	0.270774	0.139546
2.5974	0.259088	0.259088	0.133523
2.60739	0.246671	0.246671	0.127125
2.61738	0.233561	0.233561	0.120368
2.62737	0.219794	0.219794	0.113273
2.63736	0.205412	0.205412	0.105861
2.64735	0.190454	0.190454	0.0981525
2.65734	0.174965	0.174965	0.0901699
2.66733	0.158988	0.158988	0.081936
2.67732	0.142568	0.142568	0.0734741
2.68731	0.125753	0.125753	0.0648081
2.6973	0.108589	0.108589	0.0559625
2.70729	0.0911249	0.0911249	0.0469621
2.71728	0.073409	0.073409	0.0378321
2.72727	0.0554908	0.0554908	0.0285978
2.73726	0.0374201	0.0374201	0.0192848
2.74725	0.0192465	0.0192465	0.0099189
2.75724	0.00102031	0.00102031	0.000525826
2.76723	-0.0172087	-0.0172087	-0.00886869
2.77722	-0.0353909	-0.0353909	-0.018239
2.78721	-0.0534766	-0.0534766	-0.0275597
2.7972	-0.0714171	-0.0714171	-0.0368055
2.80719	-0.089164	-0.089164	-0.0459516
2.81718	-0.10667	-0.10667	-0.0549733
2.82717	-0.123887	-0.123887	-0.0638465
2.83716	-0.140771	-0.140771	-0.0725477
2.84715	-0.157276	-0.157276	-0.0810539
2.85714	-0.17336	-0.17336	-0.0893426
2.86713	-0.188979	-0.188979	-0.097392
2.87712	-0.204093	-0.204093	-0.105181
2.88711	-0.218663	-0.218663	-0.11269
2.8971	-0.232651	-0.232651	-0.119899
2.90709	-0.246022	-0.246022	-0.12679
2.91708	-0.258741	-0.258741	-0.133345
2.92707	-0.270776	-0.270776	-0.139547
2.93706	-0.282097	-0.282097	-0.145382
2.94705	-0.292676	-0.292676	-0.150833
2.95704	-0.302486	-0.302486	-0.155889
2.96703	-0.311504	-0.311504	-0.160537
2.97702	-0.319708	-0.319708	-0.164765
2.98701	-0.327078	-0.327078	-0.168563
2.997	-0.333597	-0.333597	-0.171922
3.00699	-0.339249	-0.339249	-0.174836
3.01698	-0.344024	-0.344024	-0.177296
3.02697	-0.347909	-0.347909	-0.179298
3.03696	-0.350898	-0.350898	-0.180839
3.04695	-0.352984	-0.352984	-0.181914
3.05694	-0.354164	-0.354164	-0.182522
3.06693	-0.354438	-0.354438	-0.182663
3.07692	-0.353806	-0.353806	-0.182338
3.08691	-0.352273	-0.352273	-0.181548
3.0969	-0.349845	-0.349845	-0.180296
3.10689	-0.34653	-0.34653	-0.178588
3.11688	-0.342339	-0.342339	-0.176428
3.12687	-0.337284	-0.337284	-0.173823
3.13686	-0.33138	-0.33138	-0.17078
3.14685	-0.324645	-0.324645	-0.167309
3.15684	-0.317096	-0.317096	-0.163419
3.16683	-0.308755	-0.308755	-0.15912
3.17682	-0.299645	-0.299645	-0.154425
3.18681	-0.28979	-0.28979	-0.149346
3.1968	-0.279217	-0.279217	-0.143897
3.20679	-0.267954	-0.267954	-0.138093
3.21678	-0.25603	-0.25603	-0.131947
3.22677	-0.243476	-0.243476	-0.125478
3.23676	-0.230324	-0.230324	-0.1187
3.24675	-0.216609	-0.216609	-0.111632
3.25674	-0.202366	-0.202366	-0.104291
3.26673	-0.18763	-0.18763	-0.0966967
3.27672	-0.172438	-0.172438	-0.0888676
3.28671	-0.156829	-0.156829	-0.0808233
3.2967	-0.140841	-0.140841	-0.0725838
3.30669	-0.124514	-0.124514	-0.0641696
3.31668	-0.107888	-0.107888	-0.0556013
3.32667	-0.0910041	-0.0910041	-0.0468998
3.33666	-0.0739025	-0.0739025	-0.0380864
3.34665	-0.0566249	-0.0566249	-0.0291822
3.35664	-0.0392128	-0.0392128	-0.0202087
3.36663	-0.0217078	-0.0217078	-0.0111874
3.37662	-0.00415161	-0.00415161	-0.00213957
3.38661	0.0134144	0.0134144	0.00691325
3.3966	0.030949	0.030949	0.0159499
3.40659	0.0484111	0.0484111	0.0249491
3.41658	0.0657602	0.0657602	0.0338902
3.42657	0.0829563	0.0829563	0.0427524
3.43656	0.0999599	0.0999599	0.0515153
3.44655	0.116732	0.116732	0.0601591
3.45654	0.133235	0.133235	0.0686641
3.46653	0.149432	0.149432	0.0770112
3.47652	0.165286	0.165286	0.0851817
3.48651	0.180762	0.180762	0.0931575
3.4965	0.195826	0.195826	0.100921
3.50649	0.210445	0.210445	0.108455
3.51648	0.224587	0.224587	0.115743
3.52647	0.238223	0.238223	0.12277
3.53646	0.251322	0.251322	0.129521
3.54645	0.263856	0.263856	0.135981
3.55644	0.275801	0.275801	0.142137
3.56643	0.28713	0.28713	0.147975
3.57642	0.297821	0.297821	0.153485
3.58641	0.307853	0.307853	0.158655
3.5964	0.317204	0.317204	0.163474
3.60639	0.325857	0.325857	0.167933
3.61638	0.333794	0.333794	0.172024
3.62637	0.341002	0.341002	0.175739
3.63636	0.347466	0.347466	0.17907
3.64635	0.353175	0.353175	0.182012
3.65634	0.35812	0.35812	0.184561
3.66633	0.362291	0.362291	0.18671
3.67632	0.365683	0.365683	0.188459
3.68631	0.368292	0.368292	0.189803
3.6963	0.370113	0.370113	0.190741
3.70629	0.371146	0.371146	0.191274
3.71628	0.371392	0.371392	0.191401
3.72627	0.370853	0.370853	0.191123
3.73626	0.369533	0.369533	0.190442
3.74625	0.367436	0.367436	0.189362
3.75624	0.364571	0.364571	0.187886
3.76623	0.360947	0.360947	0.186017
3.77622	0.356572	0.356572	0.183763
3.78621	0.351459	0.351459	0.181128
3.7962	0.345622	0.345622	0.17812
3.80619	0.339075	0.339075	0.174746
3.81618	0.331834	0.331834	0.171014
3.82617	0.323916	0.323916	0.166933
3.83616	0.31534	0.31534	0.162514
3.84615	0.306126	0.306126	0.157765
3.85614	0.296294	0.296294	0.152698
3.86613	0.285868	0.285868	0.147325
3.87612	0.274869	0.274869	0.141657
3.88611	0.263323	0.263323	0.135706
3.8961	0.251254	0.251254	0.129486
3.90609	0.238688	0.238688	0.12301
3.91608	0.225651	0.225651	0.116292
3.92607	0.212172	0.212172	0.109345
3.93606	0.198278	0.198278	0.102185
3.94605	0.183998	0.183998	0.0948254
3.95604	0.169362	0.169362	0.0872823
3.96603	0.154398	0.154398	0.0795708
3.97602	0.139138	0.139138	0.0717062
3.98601	0.123611	0.123611	0.0637042
3.996	0.107849	0.107849	0.0555808
4.00599	0.0918811	0.0918811	0.0473519
4.01598	0.07574	0.07574	0.0390333
4.02597	0.0594561	0.0594561	0.0306413
4.03596	0.0430608	0.0430608	0.0221918
4.04595	0.026585	0.026585	0.0137009
4.05594	0.0100598	0.0100598	0.00518443
4.06593	-0.00648402	-0.00648402	-0.0033416
4.07592	-0.0230159	-0.0230159	-0.0118615
4.08591	-0.0395056	-0.0395056	-0.0203596
4.0959	-0.0559232	-0.0559232	-0.0288206
4.10589	-0.0722391	-0.0722391	-0.0372292
4.11588	-0.0884243	-0.0884243	-0.0455703
4.12587	-0.10445	-0.10445	-0.0538294
4.13586	-0.120289	-0.120289	-0.061992
4.14585	-0.135912	-0.135912	-0.0700438
4.15584	-0.151295	-0.151295	-0.0779712
4.16583	-0.166409	-0.166409	-0.0857606
4.17582	-0.181231	-0.181231	-0.0933991
4.18581	-0.195735	-0.195735	-0.100874
4.1958	-0.209898	-0.209898	-0.108173
4.20579	-0.223696	-0.223696	-0.115284
4.21578	-0.237108	-0.237108	-0.122196
4.22577	-0.250112	-0.250112	-0.128898
4.23576	-0.262689	-0.262689	-0.135379
4.24575	-0.274819	-0.274819	-0.14163
4.25574	-0.286483	-0.286483	-0.147642
4.26573	-0.297664	-0.297664	-0.153404
4.27572	-0.308346	-0.308346	-0.158909
4.28571	-0.318514	-0.318514	-0.164149
4.2957	-0.328153	-0.328153	-0.169117
4.30569	-0.337251	-0.337251	-0.173806
4.31568	-0.345795	-0.345795	-0.178209
4.32567	-0.353773	-0.353773	-0.182321
4.33566	-0.361177	-0.361177	-0.186136
4.34565	-0.367997	-0.367997	-0.189651
4.35564	-0.374225	-0.374225	-0.19286
4.36563	-0.379854	-0.379854	-0.195762
4.37562	-0.384879	-0.384879	-0.198351
4.38561	-0.389296	-0.389296	-0.200627
4.3956	-0.3931	-0.3931	-0.202588
4.40559	-0.396289	-0.396289	-0.204231
4.41558	-0.398861	-0.398861	-0.205557
4.42557	-0.400817	-0.400817	-0.206565
4.43556	-0.402156	-0.402156	-0.207255
4.44555	-0.40288	-0.40288	-0.207628
4.45554	-0.402991	-0.402991	-0.207686
4.46553	-0.402494	-0.402494	-0.207429
4.47552	-0.401391	-0.401391	-0.206861
4.48551	-0.399689	-0.399689	-0.205984
4.4955	-0.397394	-0.397394	-0.204801
4.50549	-0.394512	-0.394512	-0.203316
4.51548	-0.391051	-0.391051	-0.201532
4.52547	-0.387021	-0.387021	-0.199455
4.53546	-0.382429	-0.382429	-0.197089
4.54545	-0.377287	-0.377287	-0.194439
4.55544	-0.371605	-0.371605	-0.19151
4.56543	-0.365395	-0.365395	-0.18831
4.57542	-0.358669	-0.358669	-0.184843
4.58541	-0.351439	-0.351439	-0.181117
4.5954	-0.343719	-0.343719	-0.177139
4.60539	-0.335523	-0.335523	-0.172915
4.61538	-0.326865	-0.326865	-0.168453
4.62537	-0.317761	-0.317761	-0.163761
4.63536	-0.308225	-0.308225	-0.158847
4.64535	-0.298273	-0.298273	-0.153718
4.65534	-0.287922	-0.287922	-0.148384
4.66533	-0.277188	-0.277188	-0.142852
4.67532	-0.266088	-0.266088	-0.137131
4.68531	-0.254639	-0.254639	-0.131231
4.6953	-0.242859	-0.242859	-0.12516
4.70529	-0.230764	-0.230764	-0.118927
4.71528	-0.218374	-0.218374	-0.112541
4.72527	-0.205705	-0.205705	-0.106012
4.73526	-0.192776	-0.192776	-0.0993492
4.74525	-0.179605	-0.179605	-0.0925614
4.75524	-0.166211	-0.166211	-0.0856584
4.76523	-0.152611	-0.152611	-0.0786495
4.77522	-0.138824	-0.138824	-0.0715441
4.78521	-0.124867	-0.124867	-0.0643516
4.7952	-0.11076	-0.11076	-0.0570814
4.80519	-0.0965205	-0.0965205	-0.0497428
4.81518	-0.0821661	-0.0821661	-0.0423451
4.82517	-0.0677147	-0.0677147	-0.0348974
4.83516	-0.0531841	-0.0531841	-0.027409
4.84515	-0.0385919	-0.0385919	-0.0198887
4.85514	-0.0239552	-0.0239552	-0.0123455
4.86513	-0.00929118	-0.00929118	-0.0047883
4.87512	0.00538336	0.00538336	0.00277437
4.88511	0.0200519	0.0200519	0.0103339
4.8951	0.0346981	0.0346981	0.017882
4.90509	0.0493062	0.0493062	0.0254105
4.91508	0.0638605	0.0638605	0.0329111
4.92507	0.0783457	0.0783457	0.0403762
4.93506	0.0927469	0.0927469	0.0477981
4.94505	0.10705	0.10705	0.0551691
4.95504	0.12124	0.12124	0.0624821
4.96503	0.135304	0.135304	0.06973
4.97502	0.149228	0.149228	0.0769059
4.98501	0.162999	0.162999	0.0840032
4.995	0.176605	0.176605	0.0910154
5.00499	0.190035	0.190035	0.0979363
5.01498	0.203275	0.203275	0.10476
5.02497	0.216316	0.216316	0.111481
5.03496	0.229147	0.229147	0.118093
5.04495	0.241757	0.241757	0.124592
5.05494	0.254136	0.254136	0.130972
5.06493	0.266276	0.266276	0.137228
5.07492	0.278168	0.278168	0.143357
5.08491	0.289803	0.289803	0.149353
5.0949	0.301174	0.301174	0.155213
5.10489	0.312273	0.312273	0.160933
5.11488	0.323093	0.323093	0.166509
5.12487	0.333628	0.333628	0.171939
5.13486	0.343873	0.343873	0.177218
5.14485	0.353822	0.353822	0.182346
5.15484	0.363469	0.363469	0.187317
5.16483	0.372811	0.372811	0.192132
5.17482	0.381843	0.381843	0.196786
5.18481	0.390561	0.390561	0.20128
5.1948	0.398964	0.398964	0.20561
5.20479	0.407047	0.407047	0.209776
5.21478	0.414809	0.414809	0.213776
5.22477	0.422249	0.422249	0.21761
5.23476	0.429363	0.429363	0.221277
5.24475	0.436152	0.436152	0.224775
5.25474	0.442615	0.442615	0.228106
5.26473	0.448752	0.448752	0.231269
5.27472	0.454563	0.454563	0.234263
5.28471	0.460048	0.460048	0.23709
5.2947	0.465208	0.465208	0.23975
5.30469	0.470045	0.470045	0.242243
5.31468	0.474561	0.474561	0.24457
5.32467	0.478756	0.478756	0.246732
5.33466	0.482634	0.482634	0.24873
5.34465	0.486197	0.486197	0.250567
5.35464	0.489448	0.489448	0.252242
5.36463	0.49239	0.49239	0.253758
5.37462	0.495026	0.495026	0.255117
5.38461	0.49736	0.49736	0.256319
5.3946	0.499396	0.499396	0.257369
5.40459	0.501138	0.501138	0.258267
5.41458	0.502591	0.502591	0.259015
5.42457	0.503759	0.503759	0.259617
5.43456	0.504646	0.504646	0.260074
5.44455	0.505259	0.505259	0.26039
5.45454	0.505601	0.505601	0.260566
5.46453	0.505678	0.505678	0.260606
5.47452	0.505496	0.505496	0.260513
5.48451	0.505061	0.505061	0.260288
5.4945	0.504377	0.504377	0.259936
5.50449	0.503452	0.503452	0.259459
5.51448	0.50229	0.50229	0.25886
5.52447	0.500898	0.500898	0.258143
5.53446	0.499283	0.499283	0.25731
5.54445	0.497449	0.497449	0.256366
5.55444	0.495405	0.495405	0.255312
5.56443	0.493155	0.493155	0.254152
5.57442	0.490706	0.490706	0.25289
5.58441	0.488066	0.488066	0.251529
5.5944	0.485239	0.485239	0.250073
5.60439	0.482233	0.482233	0.248524
5.61438	0.479055	0.479055	0.246886
5.62437	0.47571	0.47571	0.245162
5.63436	0.472206	0.472206	0.243356
5.64435	0.468548	0.468548	0.241471
5.65434	0.464743	0.464743	0.23951
5.66433	0.460798	0.460798	0.237477
5.67432	0.456719	0.456719	0.235374
5.68431	0.452512	0.452512	0.233206
5.6943	0.448183	0.448183	0.230976
5.70429	0.44374	0.44374	0.228686
5.71428	0.439188	0.439188	0.22634
5.72427	0.434532	0.434532	0.223941
5.73426	0.42978	0.42978	0.221492
5.74425	0.424937	0.424937	0.218996
5.75424	0.42001	0.42001	0.216456
5.76423	0.415003	0.415003	0.213876
5.77422	0.409922	0.409922	0.211257
5.78421	0.404774	0.404774	0.208604
5.7942	0.399564	0.399564	0.205919
5.80419	0.394296	0.394296	0.203204
5.81418	0.388977	0.388977	0.200463
5.82417	0.383612	0.383612	0.197698
5.83416	0.378205	0.378205	0.194912
5.84415	0.372762	0.372762	0.192107
5.85414	0.367288	0.367288	0.189285
5.86413	0.361786	0.361786	0.18645
5.87412	0.356263	0.356263	0.183604
5.88411	0.350722	0.350722	0.180748
5.8941	0.345169	0.345169	0.177886
5.90409	0.339606	0.339606	0.175019
5.91408	0.334038	0.334038	0.17215
5.92407	0.328469	0.328469	0.16928
5.93406	0.322904	0.322904	0.166412
5.94405	0.317346	0.317346	0.163547
5.95404	0.311798	0.311798	0.160688
5.96403	0.306264	0.306264	0.157836
5.97402	0.300747	0.300747	0.154993
5.98401	0.295252	0.295252	0.152161
5.994	0.28978	0.28978	0.149341
6.00399	0.284334	0.284334	0.146535
6.01398	0.278919	0.278919	0.143744
6.02397	0.273536	0.273536	0.14097
6.03396	0.268189	0.268189	0.138214
6.04395	0.262879	0.262879	0.135477
6.05394	0.257609	0.257609	0.132761
6.06393	0.252381	0.252381	0.130067
6.07392	0.247199	0.247199	0.127396
6.08391	0.242063	0.242063	0.124749
6.0939	0.236975	0.236975	0.122128
6.10389	0.231938	0.231938	0.119532
6.11388	0.226954	0.226954	0.116963
6.12387	0.222023	0.222023	0.114422
6.13386	0.217148	0.217148	0.111909
6.14385	0.212329	0.212329	0.109426
6.15384	0.207569	0.207569	0.106973
6.16383	0.202868	0.202868	0.10455
6.17382	0.198228	0.198228	0.102159
6.18381	0.19365	0.19365	0.0997994
6.1938	0.189134	0.189134	0.0974721
6.20379	0.184682	0.184682	0.0951775
6.21378	0.180294	0.180294	0.0929161
6.22377	0.175971	0.175971	0.0906882
6.23376	0.171713	0.171713	0.088494
6.24375	0.167522	0.167522	0.086334
6.25374	0.163397	0.163397	0.0842082
6.26373	0.159339	0.159339	0.0821171
6.27372	0.155349	0.155349	0.0800606
6.28371	0.151426	0.151426	0.078039
6.2937	0.147571	0.147571	0.0760523
6.30369	0.143784	0.143784	0.0741006
6.31368	0.140065	0.140065	0.0721839
6.32367	0.136414	0.136414	0.0703022
6.33366	0.132831	0.132831	0.0684556
6.34365	0.129315	0.129315	0.0666439
6.35364	0.125868	0.125868	0.0648671
6.36363	0.122487	0.122487	0.063125
6.37362	0.119174	0.119174	0.0614176
6.38361	0.115928	0.115928	0.0597446
6.3936	0.112748	0.112748	0.058106
6.40359	0.109635	0.109635	0.0565014
6.41358	0.106587	0.106587	0.0549307
6.42357	0.103604	0.103604	0.0533936
6.43356	0.100687	0.100687	0.0518899
6.44355	0.0978331	0.0978331	0.0504193
6.45354	0.0950432	0.0950432	0.0489814
6.46353	0.0923163	0.0923163	0.0475761
6.47352	0.0896519	0.0896519	0.046203
6.48351	0.0870493	0.0870493	0.0448617
6.4935	0.0845079	0.0845079	0.043552
6.50349	0.0820268	0.0820268	0.0422733
6.51348	0.0796055	0.0796055	0.0410255
6.52347	0.0772432	0.0772432	0.0398081
6.53346	0.0749392	0.0749392	0.0386206
6.54345	0.0726926	0.0726926	0.0374628
6.55344	0.0705027	0.0705027	0.0363343
6.56343	0.0683688	0.0683688	0.0352345
6.57342	0.06629	0.06629	0.0341632
6.58341	0.0642655	0.0642655	0.0331199
6.5934	0.0622945	0.0622945	0.0321041
6.60339	0.0603762	0.0603762	0.0311155
6.61338	0.0585097	0.0585097	0.0301536
6.62337	0.0566943	0.0566943	0.029218
6.63336	0.0549291	0.0549291	0.0283082
6.64335	0.0532132	0.0532132	0.0274239
6.65334	0.0515458	0.0515458	0.0265646
6.66333	0.0499261	0.0499261	0.0257299
6.67332	0.0483532	0.0483532	0.0249193
6.68331	0.0468264	0.0468264	0.0241324
6.6933	0.0453447	0.0453447	0.0233688
6.70329	0.0439074	0.0439074	0.0226281
6.71328	0.0425136	0.0425136	0.0219098
6.72327	0.0411625	0.0411625	0.0212135
6.73326	0.0398533	0.0398533	0.0205388
6.74325	0.0385853	0.0385853	0.0198853
6.75324	0.0373576	0.0373576	0.0192526
6.76323	0.0361694	0.0361694	0.0186403
6.77322	0.03502	0.03502	0.0180479
6.78321	0.0339087	0.0339087	0.0174752
6.7932	0.0328346	0.0328346	0.0169216
6.80319	0.031797	0.031797	0.0163869
6.81318	0.0307952	0.0307952	0.0158706
6.82317	0.0298286	0.0298286	0.0153725
6.83316	0.0288963	0.0288963	0.014892
6.84315	0.0279978	0.0279978	0.0144289
6.85314	0.0271323	0.0271323	0.0139829
6.86313	0.0262992	0.0262992	0.0135536
6.87312	0.0254979	0.0254979	0.0131406
6.88311	0.0247278	0.0247278	0.0127437
6.8931	0.0239882	0.0239882	0.0123625
6.90309	0.0232785	0.0232785	0.0119968
6.91308	0.0225983	0.0225983	0.0116462
6.92307	0.0219469	0.0219469	0.0113105
6.93306	0.0213238	0.0213238	0.0109894
6.94305	0.0207285	0.0207285	0.0106827
6.95304	0.0201606	0.0201606	0.01039
6.96303	0.0196195	0.0196195	0.0101111
6.97302	0.0191048	0.0191048	0.00984587
6.98301	0.0186161	0.0186161	0.00959401
6.993	0.018153	0.018153	0.00935533
7.00299	0.0177151	0.0177151	0.00912963
7.01298	0.0173019	0.0173019	0.00891673
7.02297	0.0169133	0.0169133	0.00871645
7.03296	0.0165489	0.0165489	0.00852863
7.04295	0.0162083	0.0162083	0.00835312
7.05294	0.0158914	0.0158914	0.00818979
7.06293	0.0155979	0.0155979	0.00803851
7.07292	0.0153275	0.0153275	0.00789917
7.08291	0.0150801	0.0150801	0.00777169
7.0929	0.0148556	0.0148556	0.00765596
7.10289	0.0146537	0.0146537	0.00755194
7.11288	0.0144745	0.0144745	0.00745956
7.12287	0.0143178	0.0143178	0.0073788
7.13286	0.0141835	0.0141835	0.00730962
7.14285	0.0140718	0.0140718	0.00725203
7.15284	0.0139825	0.0139825	0.00720603
7.16283	0.0139158	0.0139158	0.00717166
7.17282	0.0138718	0.0138718	0.00714897
7.18281	0.0138505	0.0138505	0.00713801
7.1928	0.0138522	0	0.00713887
7.20279	0.013877	0	0.00715166
7.21278	0.0139252	0	0.0071765
7.22277	0.0139971	0	0.00721354
7.23276	0.0140929	0	0.00726294
7.24275	0.0142131	0	0.00732489
7.25274	0.0143581	0	0.0073996
7.26273	0.0145283	0	0.00748732
7.27272	0.0147243	0	0.0075883
7.28271	0.0149465	0	0.00770283
7.2927	0.0151957	0	0.00783123
7.30269	0.0154724	0	0.00797385
7.31268	0.0157774	0	0.00813105
7.32267	0.0161116	0	0.00830326
7.33266	0.0164757	0	0.00849089
7.34265	0.0168706	0	0.00869444
7.35264	0.0172974	0	0.0089144
7.36263	0.0177571	0	0.00915132
7.37262	0.0182509	0	0.00940579
7.38261	0.0187799	0	0.00967843
7.3926	0.0193455	0	0.00996991
7.40259	0.0199491	0	0.010281
7.41258	0.020592	0	0.0106123
7.42257	0.021276	0	0.0109648
7.43256	0.0220027	0	0.0113393
7.44255	0.0227738	0	0.0117367
7.45254	0.0235912	0	0.012158
7.46253	0.0244571	0	0.0126042
7.47252	0.0253734	0	0.0130765
7.48251	0.0263426	0	0.0135759
7.4925	0.0273669	0	0.0141038
7.50249	0.028449	0	0.0146615
7.51248	0.0295915	0	0.0152503
7.52247	0.0307974	0	0.0158717
7.53246	0.0320696	0	0.0165274
7.54245	0.0334114	0	0.0172189
7.55244	0.0348262	0	0.017948
7.56243	0.0363177	0	0.0187167
7.57242	0.0378896	0	0.0195268
7.58241	0.039546	0	0.0203804
7.5924	0.0412911	0	0.0212798
7.60239	0.0431297	0	0.0222273
7.61238	0.0450664	0	0.0232254
7.62237	0.0471063	0	0.0242767
7.63236	0.0492549	0	0.025384
7.64235	0.0515177	0	0.0265502
7.65234	0.053901	0	0.0277784
7.66233	0.056411	0	0.029072
7.67232	0.0590546	0	0.0304344
7.68231	0.0618388	0	0.0318693
7.6923	0.0647713	0	0.0333806
7.70229	0.0678601	0	0.0349724
7.71228	0.0711137	0	0.0366492
7.72227	0.0745411	0	0.0384155
7.73226	0.0781518	0	0.0402763
7.74225	0.0819559	0	0.0422368
7.75224	0.085964	0	0.0443024
7.76223	0.0901875	0	0.046479
7.77222	0.0946384	0	0.0487728
7.78221	0.0993293	0	0.0511903
7.7922	0.104274	0	0.0537385
7.80219	0.109486	0	0.0564246
7.81218	0.114981	0	0.0592565
7.82217	0.120774	0	0.0622423
7.83216	0.126884	0	0.0653908
7.84215	0.133327	0	0.0687114
7.85214	0.140123	0	0.0722136
7.86213	0.147291	0	0.0759081
7.87212	0.154854	0	0.0798057
7.88211	0.162834	0	0.0839183
7.8921	0.171255	0	0.088258
7.90209	0.180142	0	0.0928382
7.91208	0.189523	0	0.0976727
7.92207	0.199426	0	0.102776
7.93206	0.209882	0	0.108165
7.94205	0.220923	0	0.113855
7.95204	0.232583	0	0.119864
7.96203	0.244898	0	0.126211
7.97202	0.257908	0	0.132915
7.98201	0.271653	0	0.139999
7.992	0.286176	0	0.147484
8.00199	0.301525	0	0.155394
8.01198	0.317747	0	0.163754
8.02197	0.334895	0	0.172592
8.03196	0.353025	0	0.181935
8.04195	0.372195	0	0.191814
8.05194	0.392467	0	0.202262
8.06193	0.413908	0	0.213312
8.07192	0.436589	0	0.225
8.08191	0.460584	0	0.237366
8.0919	0.485973	0	0.250451
8.10189	0.512841	0	0.264298
8.11188	0.541277	0	0.278953
8.12187	0.571378	0	0.294465
8.13186	0.603245	0	0.310889
8.14185	0.636987	0	0.328278
8.15184	0.672719	0	0.346692
8.16183	0.710563	0	0.366196
8.17182	0.75065	0	0.386855
8.18181	0.793118	0	0.408741
8.1918	0.838115	0	0.431931
8.20179	0.885799	0	0.456505
8.21178	0.936337	0	0.48255
8.22177	0.989906	0	0.510158
8.23176	1.0467	0	0.539426
8.24175	1.10691	0	0.570458
8.25174	1.17076	0	0.603365
8.26173	1.23848	0	0.638265
8.27172	1.31032	0	0.675285
8.28171	1.38652	0	0.714558
8.2917	1.46738	0	0.756227
8.30169	1.55317	0	0.800444
8.31168	1.64423	0	0.847371
8.32167	1.74088	0	0.897182
8.33166	1.84349	0	0.950061
8.34165	1.95243	0	1.0062
8.35164	2.06811	0	1.06582
8.36163	2.19097	0	1.12914
8.37162	2.32146	0	1.19639
8.38161	2.46008	0	1.26783
8.3916	2.60737	0	1.34373
8.40159	2.76387	0	1.42439
8.41158	2.93019	0	1.5101
8.42157	3.10697	0	1.60121
8.43156	3.2949	0	1.69806
8.44155	3.49469	0	1.80102
8.45154	3.70714	0	1.91051
8.46153	3.93307	0	2.02695
8.47152	4.17337	0	2.15079
8.48151	4.42899	0	2.28252
8.4915	4.70094	0	2.42268
8.50149	4.99031	0	2.57181
8.51148	5.29825	0	2.73051
8.52147	5.62599	0	2.89941
8.53146	5.97487	0	3.07921
8.54145	6.34628	0	3.27062
8.55144	6.74175	0	3.47443
8.56143	7.16287	0	3.69146
8.57142	7.61139	0	3.9226
8.58141	8.08913	0	4.16881
8.5914	8.59809	0	4.43111
8.60139	9.14036	0	4.71057
8.61138	9.7182	0	5.00837
8.62137	10.334	0	5.32575
8.63136	10.9905	0	5.66404
8.64135	11.6902	0	6.02467
8.65134	12.4363	0	6.40916
8.66133	13.2318	0	6.81914
8.67132	14.0802	0	7.25637
8.68131	14.9851	0	7.72272
8.6913	15.9504	0	8.2202
8.70129	16.9803	0	8.75094
8.71128	18.0791	0	9.31726
8.72127	19.2518	0	9.9216
8.73126	20.5034	0	10.5666
8.74125	21.8394	0	11.2551
8.75124	23.2657	0	11.9902
8.76123	24.7886	0	12.775
8.77122	26.4148	0	13.6131
8.78121	28.1517	0	14.5082
8.7912	30.0069	0	15.4643
8.80119	31.9887	0	16.4857
8.81118	34.1062	0	17.577
8.82117	36.3689	0	18.7431
8.83116	38.787	0	19.9893
8.84115	41.3716	0	21.3213
8.85114	44.1346	0	22.7452
8.86113	47.0885	0	24.2675
8.87112	50.247	0	25.8953
8.88111	53.6247	0	27.636
8.8911	57.2373	0	29.4978
8.90109	61.1017	0	31.4894
8.91108	65.2359	0	33.62
8.92107	69.6594	0	35.8996
8.93106	74.3929	0	38.3391
8.94105	79.4589	0	40.9499
8.95104	84.8815	0	43.7445
8.96103	90.6865	0	46.7362
8.97102	96.9016	0	49.9392
8.98101	103.557	0	53.369
8.991	110.684	0	57.0421
9.00099	118.318	0	60.9762
9.01098	126.495	0	65.1906
9.02097	135.256	0	69.7056
9.03096	144.643	0	74.5434
9.04095	154.703	0	79.7277
9.05094	165.484	0	85.2841
9.06093	177.041	0	91.24
9.07092	189.431	0	97.6249
9.08091	202.714	0	104.471
9.0909	216.959	0	111.812
9.10089	232.235	0	119.685
9.11088	248.62	0	128.129
9.12087	266.197	0	137.187
9.13086	285.055	0	146.906
9.14085	305.29	0	157.334
9.15084	327.005	0	168.525
9.16083	350.311	0	180.536
9.17082	375.328	0	193.429
9.18081	402.185	0	207.27
9.1908	431.022	0	222.131
9.20079	461.988	0	238.09
9.21078	495.244	0	255.229
9.22077	530.964	0	273.638
9.23076	569.337	0	293.413
9.24075	610.564	0	314.66
9.25074	654.862	0	337.49
9.26073	702.468	0	362.024
9.27072	753.634	0	388.393
9.28071	808.634	0	416.737
9.2907	867.762	0	447.21
9.30069	931.336	0	479.973
9.31068	999.7	0	515.205
9.32067	1073.22	0	553.096
9.33066	1152.31	0	593.852
9.34065	1237.38	0	637.695
9.35064	1328.91	0	684.865
9.36063	1427.39	0	735.62
9.37062	1533.38	0	790.24
9.38061	1647.45	0	849.028
9.3906	1770.23	0	912.308
9.40059	1902.42	0	980.432
9.41058	2044.75	0	1053.78
9.42057	2198.01	0	1132.77
9.43056	2363.07	0	1217.83
9.44055	2540.85	0	1309.45
9.45054	2732.37	0	1408.15
9.46053	2938.7	0	1514.49
9.47052	3161.03	0	1629.07
9.48051	3400.62	0	1752.54
9.4905	3658.84	0	1885.62
9.50049	3937.18	0	2029.07
9.51048	4237.25	0	2183.71
9.52047	4560.78	0	2350.44
9.53046	4909.64	0	2530.23
9.54045	5285.88	0	2724.13
9.55044	5691.68	0	2933.26
9.56043	6129.43	0	3158.86
9.57042	6601.7	0	3402.25
9.58041	7111.28	0	3664.87
9.5904	7661.17	0	3948.26
9.60039	8254.65	0	4254.12
9.61038	8895.26	0	4584.26
9.62037	9586.81	0	4940.66
9.63036	10333.5	0	5325.45
9.64035	11139.7	0	5740.94
9.65034	12010.3	0	6189.65
9.66033	12950.7	0	6674.29
9.67032	13966.5	0	7197.79
9.68031	15063.9	0	7763.35
9.6903	16249.7	0	8374.43
9.70029	17531	0	9034.75
9.71028	18915.7	0	9748.4
9.72027	20412.4	0	10519.8
9.73026	22030.4	0	11353.6
9.74025	23779.7	0	12255.1
9.75024	25671.1	0	13229.9
9.76023	27716.5	0	14284
9.77022	29928.7	0	15424
9.78021	32321.5	0	16657.2
9.7902	34910.2	0	17991.3
9.80019	37710.9	0	19434.7
9.81018	40741.5	0	20996.5
9.82017	44021.3	0	22686.8
9.83016	47571.1	0	24516.2
9.84015	51413.7	0	26496.5
9.85014	55573.7	0	28640.4
9.86013	60077.9	0	30961.7
9.87012	64955.4	0	33475.4
9.88011	70237.7	0	36197.7
9.8901	75959.3	0	39146.4
9.90009	82157.3	0	42340.6
9.91008	88872.2	0	45801.2
9.92007	96148.1	0	49550.9
9.93006	104033	0	53614.3
9.94005	112578	0	58018.3
9.95004	121841	0	62792
9.96003	131882	0	67966.9
9.97002	142769	0	73577.7
9.98001	154575	0	79661.6
9.99	167377	0	86259.3
