0	0	0	0
0.00999	0.0199063	0.0199063	0.00998899
0.01998	0.0398005	0.0398005	0.0199719
0.02997	0.0596705	0.0596705	0.0299427
0.03996	0.0795042	0.0795042	0.0398953
0.04995	0.0992897	0.0992897	0.0498237
0.05994	0.119015	0.119015	0.0597218
0.06993	0.138668	0.138668	0.0695837
0.07992	0.158237	0.158237	0.0794033
0.08991	0.177709	0.177709	0.0891748
0.0999	0.197074	0.197074	0.0988922
0.10989	0.21632	0.21632	0.10855
0.11988	0.235434	0.235434	0.118141
0.12987	0.254406	0.254406	0.127661
0.13986	0.273224	0.273224	0.137104
0.14985	0.291876	0.291876	0.146464
0.15984	0.310351	0.310351	0.155735
0.16983	0.328639	0.328639	0.164912
0.17982	0.346729	0.346729	0.173989
0.18981	0.364609	0.364609	0.182961
0.1998	0.382269	0.382269	0.191823
0.20979	0.399698	0.399698	0.200569
0.21978	0.416887	0.416887	0.209194
0.22977	0.433825	0.433825	0.217694
0.23976	0.450502	0.450502	0.226062
0.24975	0.466908	0.466908	0.234295
0.25974	0.483034	0.483034	0.242387
0.26973	0.498871	0.498871	0.250334
0.27972	0.514409	0.514409	0.258131
0.28971	0.529639	0.529639	0.265773
0.2997	0.544553	0.544553	0.273258
0.30969	0.559143	0.559143	0.280579
0.31968	0.5734	0.5734	0.287733
0.32967	0.587317	0.587317	0.294716
0.33966	0.600885	0.600885	0.301525
0.34965	0.614097	0.614097	0.308155
0.35964	0.626947	0.626947	0.314603
0.36963	0.639427	0.639427	0.320865
0.37962	0.651531	0.651531	0.326939
0.38961	0.663252	0.663252	0.332821
0.3996	0.674586	0.674586	0.338508
0.40959	0.685525	0.685525	0.343997
0.41958	0.696066	0.696066	0.349287
0.42957	0.706202	0.706202	0.354373
0.43956	0.71593	0.71593	0.359254
0.44955	0.725244	0.725244	0.363928
0.45954	0.734141	0.734141	0.368393
0.46953	0.742618	0.742618	0.372647
0.47952	0.750671	0.750671	0.376688
0.48951	0.758297	0.758297	0.380514
0.4995	0.765494	0.765494	0.384126
0.50949	0.772259	0.772259	0.38752
0.51948	0.77859	0.77859	0.390697
0.52947	0.784486	0.784486	0.393656
0.53946	0.789947	0.789947	0.396396
0.54945	0.79497	0.79497	0.398917
0.55944	0.799556	0.799556	0.401218
0.56943	0.803705	0.803705	0.4033
0.57942	0.807417	0.807417	0.405163
0.58941	0.810693	0.810693	0.406807
0.5994	0.813534	0.813534	0.408232
0.60939	0.815942	0.815942	0.40944
0.61938	0.817918	0.817918	0.410432
0.62937	0.819464	0.819464	0.411208
0.63936	0.820583	0.820583	0.41177
0.64935	0.821279	0.821279	0.412119
0.65934	0.821554	0.821554	0.412256
0.66933	0.821412	0.821412	0.412185
0.67932	0.820857	0.820857	0.411907
0.68931	0.819893	0.819893	0.411423
0.6993	0.818526	0.818526	0.410737
0.70929	0.816761	0.816761	0.409851
0.71928	0.814602	0.814602	0.408768
0.72927	0.812055	0.812055	0.40749
0.73926	0.809128	0.809128	0.406021
0.74925	0.805825	0.805825	0.404364
0.75924	0.802154	0.802154	0.402522
0.76923	0.798122	0.798122	0.400498
0.77922	0.793735	0.793735	0.398297
0.78921	0.789002	0.789002	0.395922
0.7992	0.783931	0.783931	0.393377
0.80919	0.778529	0.778529	0.390667
0.81918	0.772805	0.772805	0.387795
0.82917	0.766768	0.766768	0.384765
0.83916	0.760426	0.760426	0.381583
0.84915	0.753789	0.753789	0.378252
0.85914	0.746865	0.746865	0.374777
0.86913	0.739664	0.739664	0.371164
0.87912	0.732196	0.732196	0.367417
0.88911	0.724471	0.724471	0.36354
0.8991	0.716498	0.716498	0.35954
0.90909	0.708289	0.708289	0.35542
0.91908	0.699852	0.699852	0.351186
0.92907	0.691198	0.691198	0.346844
0.93906	0.682339	0.682339	0.342398
0.94905	0.673284	0.673284	0.337854
0.95904	0.664044	0.664044	0.333218
0.96903	0.654629	0.654629	0.328494
0.97902	0.645052	0.645052	0.323688
0.98901	0.635321	0.635321	0.318805
0.999	0.625449	0.625449	0.313851
1.00899	0.615445	0.615445	0.308831
1.01898	0.605321	0.605321	0.303751
1.02897	0.595088	0.595088	0.298616
1.03896	0.584755	0.584755	0.293431
1.04895	0.574335	0.574335	0.288202
1.05894	0.563837	0.563837	0.282934
1.06893	0.553271	0.553271	0.277632
1.07892	0.542649	0.542649	0.272302
1.08891	0.531981	0.531981	0.266948
1.0989	0.521276	0.521276	0.261577
1.10889	0.510545	0.510545	0.256192
1.11888	0.499797	0.499797	0.250799
1.12887	0.489043	0.489043	0.245402
1.13886	0.478292	0.478292	0.240007
1.14885	0.467553	0.467553	0.234619
1.15884	0.456835	0.456835	0.22924
1.16883	0.446148	0.446148	0.223878
1.17882	0.4355	0.4355	0.218534
1.18881	0.424899	0.424899	0.213215
1.1988	0.414355	0.414355	0.207924
1.20879	0.403874	0.403874	0.202664
1.21878	0.393465	0.393465	0.197441
1.22877	0.383135	0.383135	0.192258
1.23876	0.372892	0.372892	0.187118
1.24875	0.362742	0.362742	0.182024
1.25874	0.352693	0.352693	0.176982
1.26873	0.34275	0.34275	0.171992
1.27872	0.332919	0.332919	0.167059
1.28871	0.323208	0.323208	0.162186
1.2987	0.31362	0.31362	0.157375
1.30869	0.304162	0.304162	0.152629
1.31868	0.294838	0.294838	0.14795
1.32867	0.285653	0.285653	0.143341
1.33866	0.276611	0.276611	0.138804
1.34865	0.267717	0.267717	0.134341
1.35864	0.258974	0.258974	0.129953
1.36863	0.250385	0.250385	0.125643
1.37862	0.241954	0.241954	0.121413
1.38861	0.233684	0.233684	0.117263
1.3986	0.225576	0.225576	0.113194
1.40859	0.217635	0.217635	0.109209
1.41858	0.20986	0.20986	0.105308
1.42857	0.202255	0.202255	0.101492
1.43856	0.19482	0.19482	0.0977609
1.44855	0.187557	0.187557	0.0941162
1.45854	0.180466	0.180466	0.0905582
1.46853	0.173549	0.173549	0.087087
1.47852	0.166805	0.166805	0.083703
1.48851	0.160235	0.160235	0.0804061
1.4985	0.153838	0.153838	0.0771963
1.50849	0.147615	0.147615	0.0740734
1.51848	0.141564	0.141564	0.0710372
1.52847	0.135686	0.135686	0.0680873
1.53846	0.129978	0.129978	0.0652231
1.54845	0.12444	0.12444	0.0624441
1.55844	0.11907	0.11907	0.0597496
1.56843	0.113867	0.113867	0.0571388
1.57842	0.10883	0.10883	0.0546108
1.58841	0.103955	0.103955	0.0521647
1.5984	0.0992416	0.0992416	0.0497995
1.60839	0.0946871	0.0946871	0.0475141
1.61838	0.0902892	0.0902892	0.0453072
1.62837	0.0860455	0.0860455	0.0431777
1.63836	0.0819534	0.0819534	0.0411243
1.64835	0.0780103	0.0780103	0.0391457
1.65834	0.0742134	0.0742134	0.0372404
1.66833	0.0705598	0.0705598	0.035407
1.67832	0.0670466	0.0670466	0.033644
1.68831	0.0636708	0.0636708	0.0319501
1.6983	0.0604292	0.0604292	0.0303235
1.70829	0.0573189	0.0573189	0.0287627
1.71828	0.0543366	0.0543366	0.0272662
1.72827	0.0514791	0.0514791	0.0258323
1.73826	0.0487432	0.0487432	0.0244594
1.74825	0.0461256	0.0461256	0.0231459
1.75824	0.0436231	0.0436231	0.0218901
1.76823	0.0412323	0.0412323	0.0206904
1.77822	0.0389501	0.0389501	0.0195452
1.78821	0.0367731	0.0367731	0.0184528
1.7982	0.034698	0.034698	0.0174115
1.80819	0.0327217	0.0327217	0.0164198
1.81818	0.030841	0.030841	0.015476
1.82817	0.0290526	0.0290526	0.0145786
1.83816	0.0273534	0.0273534	0.0137259
1.84815	0.0257403	0.0257403	0.0129165
1.85814	0.0242102	0.0242102	0.0121487
1.86813	0.0227602	0.0227602	0.0114211
1.87812	0.0213874	0.0213874	0.0107322
1.88811	0.0200887	0.0200887	0.0100805
1.8981	0.0188614	0.0188614	0.00946466
1.90809	0.0177027	0.0177027	0.00888325
1.91808	0.01661	0.01661	0.00833492
1.92807	0.0155806	0.0155806	0.00781837
1.93806	0.014612	0.014612	0.00733233
1.94805	0.0137018	0.0137018	0.00687555
1.95804	0.0128474	0.0128474	0.00644685
1.96803	0.0120468	0.0120468	0.00604508
1.97802	0.0112976	0.0112976	0.00566913
1.98801	0.0105977	0.0105977	0.00531793
1.998	0.00994512	0.00994512	0.00499047
2.00799	0.00933794	0.00933794	0.00468579
2.01798	0.0087743	0.0087743	0.00440295
2.02797	0.00825247	0.00825247	0.0041411
2.03796	0.00777081	0.00777081	0.0038994
2.04795	0.0073278	0.0073278	0.0036771
2.05794	0.006922	0.006922	0.00347347
2.06793	0.00655211	0.00655211	0.00328785
2.07792	0.00621691	0.00621691	0.00311965
2.08791	0.00591533	0.00591533	0.00296832
2.0979	0.0056464	0.0056464	0.00283337
2.10789	0.00540927	0.00540927	0.00271438
2.11788	0.00520324	0.00520324	0.00261099
2.12787	0.00502774	0.00502774	0.00252292
2.13786	0.00488232	0.00488232	0.00244995
2.14785	0.00476671	0.00476671	0.00239194
2.15784	0.00468079	0.00468079	0.00234883
2.16783	0.0046246	0.0046246	0.00232063
2.17782	0.00459837	0.00459837	0.00230747
2.18781	0.0046025	0	0.00230954
2.1978	0.00463763	0	0.00232717
2.20779	0.00470459	0	0.00236077
2.21778	0.00480448	0	0.00241089
2.22777	0.00493862	0	0.00247821
2.23776	0.00510866	0	0.00256353
2.24775	0.00531653	0	0.00266784
2.25774	0.00556451	0	0.00279228
2.26773	0.00585527	0	0.00293818
2.27772	0.00619187	0	0.00310709
2.28771	0.00657786	0	0.00330078
2.2977	0.00701729	0	0.00352128
2.30769	0.00751475	0	0.00377091
2.31768	0.00807552	0	0.0040523
2.32767	0.00870554	0	0.00436845
2.33766	0.00941156	0	0.00472273
2.34765	0.0102012	0	0.00511899
2.35764	0.0110832	0	0.00556155
2.36763	0.0120672	0	0.00605532
2.37762	0.0131642	0	0.00660583
2.38761	0.0143868	0	0.00721933
2.3976	0.015749	0	0.00790287
2.40759	0.0172666	0	0.00866441
2.41758	0.0189576	0	0.00951296
2.42757	0.0208423	0	0.0104587
2.43756	0.0229435	0	0.0115131
2.44755	0.0252872	0	0.0126891
2.45754	0.0279027	0	0.0140016
2.46753	0.0308231	0	0.0154671
2.47752	0.034086	0	0.0171044
2.48751	0.0377341	0	0.018935
2.4975	0.0418157	0	0.0209832
2.50749	0.0463857	0	0.0232764
2.51748	0.0515063	0	0.0258459
2.52747	0.0572484	0	0.0287273
2.53746	0.0636926	0	0.031961
2.54745	0.0709306	0	0.0355931
2.55744	0.0790671	0	0.039676
2.56743	0.0882213	0	0.0442695
2.57742	0.0985292	0	0.049442
2.58741	0.110146	0	0.0552715
2.5974	0.12325	0	0.061847
2.60739	0.138044	0	0.0692707
2.61738	0.154761	0	0.0776592
2.62737	0.173668	0	0.0871466
2.63736	0.19507	0	0.0978862
2.64735	0.219319	0	0.110054
2.65734	0.246819	0	0.123854
2.66733	0.278033	0	0.139517
2.67732	0.313496	0	0.157313
2.68731	0.353824	0	0.177549
2.6973	0.399725	0	0.200582
2.70729	0.452019	0	0.226824
2.71728	0.511652	0	0.256747
2.72727	0.579716	0	0.290902
2.73726	0.657478	0	0.329923
2.74725	0.746402	0	0.374545
2.75724	0.848188	0	0.425621
2.76723	0.964805	0	0.48414
2.77722	1.09854	0	0.55125
2.78721	1.25206	0	0.628286
2.7972	1.42846	0	0.7168
2.80719	1.63133	0	0.818603
2.81718	1.86488	0	0.935801
2.82717	2.13402	0	1.07085
2.83716	2.44446	0	1.22663
2.84715	2.8029	0	1.4065
2.85714	3.21715	0	1.61437
2.86713	3.69639	0	1.85485
2.87712	4.25136	0	2.13334
2.88711	4.89466	0	2.45615
2.8971	5.6411	0	2.83071
2.90709	6.50806	0	3.26575
2.91708	7.51603	0	3.77155
2.92707	8.68912	0	4.36021
2.93706	10.0557	0	5.04599
2.94705	11.6495	0	5.84572
2.95704	13.5099	0	6.77928
2.96703	15.6839	0	7.8702
2.97702	18.2269	0	9.14628
2.98701	21.2046	0	10.6405
2.997	24.6949	0	12.3919
3.00699	28.7903	0	14.447
3.01698	33.6007	0	16.8608
3.02697	39.2566	0	19.699
3.03696	45.9139	0	23.0396
3.04695	53.7578	0	26.9757
3.05694	63.0098	0	31.6184
3.06693	73.9339	0	37.1001
3.07692	86.8461	0	43.5795
3.08691	102.124	0	51.2461
3.0969	120.222	0	60.3274
3.10689	141.681	0	71.0956
3.11688	167.154	0	83.878
3.12687	197.424	0	99.0675
3.13686	233.433	0	117.137
3.14685	276.316	0	138.656
3.15684	327.44	0	164.31
3.16683	388.456	0	194.928
3.17682	461.357	0	231.509
3.18681	548.553	0	275.264
3.1968	652.962	0	327.657
3.20679	778.12	0	390.462
3.21678	928.317	0	465.831
3.22677	1108.76	0	556.378
3.23676	1325.79	0	665.282
3.24675	1587.1	0	796.41
3.25674	1902.1	0	954.474
3.26673	2282.22	0	1145.22
3.27672	2741.46	0	1375.67
3.28671	3296.92	0	1654.4
3.2967	3969.5	0	1991.9
3.30669	4784.83	0	2401.04
3.31668	5774.35	0	2897.58
3.32667	6976.64	0	3500.89
3.33666	8439.12	0	4234.76
3.34665	10220.2	0	5128.48
3.35664	12391.6	0	6218.13
3.36663	15042.2	0	7548.2
3.37662	18281.4	0	9173.61
3.38661	22244.4	0	11162.3
3.3966	27098.8	0	13598.2
3.40659	33051.9	0	16585.5
3.41658	40361	0	20253.2
3.42657	49345.7	0	24761.7
3.43656	60403	0	30310.3
3.44655	74027.2	0	37146.9
3.45654	90834.2	0	45580.7
3.46653	111592	0	55997.1
3.47652	137261	0	68877.6
3.48651	169040	0	84824.4
3.4965	208431	0	104591
3.50649	257317	0	129122
3.51648	318059	0	159602
3.52647	393624	0	197521
3.53646	487745	0	244751
3.54645	605122	0	303651
3.55644	751678	0	377193
3.56643	934893	0	469130
3.57642	1.16422e+006	0	584206
3.58641	1.45161e+006	0	728422
3.5964	1.81223e+006	0	909379
3.60639	2.26528e+006	0	1.13672e+006
3.61638	2.83517e+006	0	1.42269e+006
3.62637	3.55293e+006	0	1.78286e+006
3.63636	4.45805e+006	0	2.23705e+006
3.64635	5.60087e+006	0	2.81052e+006
3.65634	7.04563e+006	0	3.53551e+006
3.66633	8.87443e+006	0	4.4532e+006
3.67632	1.11923e+007	0	5.61629e+006
3.68631	1.41336e+007	0	7.09227e+006
3.6963	1.7871e+007	0	8.9677e+006
3.70629	2.2626e+007	0	1.13537e+007
3.71628	2.86832e+007	0	1.43932e+007
3.72627	3.64092e+007	0	1.82702e+007
3.73626	4.62766e+007	0	2.32216e+007
3.74625	5.8895e+007	0	2.95536e+007
3.75624	7.50523e+007	0	3.76613e+007
3.76623	9.5768e+007	0	4.80565e+007
3.77622	1.22362e+008	0	6.14016e+007
3.78621	1.56548e+008	0	7.85561e+007
3.7962	2.0055e+008	0	1.00636e+008
3.80619	2.57261e+008	0	1.29094e+008
3.81618	3.30448e+008	0	1.65819e+008
3.82617	4.25021e+008	0	2.13276e+008
3.83616	5.47391e+008	0	2.74681e+008
3.84615	7.05938e+008	0	3.54241e+008
3.85614	9.11632e+008	0	4.57458e+008
3.86613	1.17884e+009	0	5.91546e+008
3.87612	1.52644e+009	0	7.6597e+008
3.88611	1.97921e+009	0	9.93168e+008
3.8961	2.56975e+009	0	1.2895e+009
3.90609	3.34104e+009	0	1.67654e+009
3.91608	4.34975e+009	0	2.18271e+009
3.92607	5.67075e+009	0	2.84559e+009
3.93606	7.40307e+009	0	3.71487e+009
3.94605	9.67786e+009	0	4.85636e+009
3.95604	1.26691e+010	0	6.35735e+009
3.96603	1.66077e+010	0	8.33376e+009
3.97602	2.18009e+010	0	1.09397e+010
3.98601	2.86578e+010	0	1.43805e+010
3.996	3.77237e+010	0	1.89298e+010
4.00599	4.97269e+010	0	2.4953e+010
4.01598	6.56409e+010	0	3.29387e+010
4.02597	8.67693e+010	0	4.35409e+010
4.03596	1.1486e+011	0	5.76366e+010
4.04595	1.52258e+011	0	7.64031e+010
4.05594	2.02118e+011	0	1.01423e+011
4.06593	2.68685e+011	0	1.34826e+011
4.07592	3.57682e+011	0	1.79485e+011
4.08591	4.76835e+011	0	2.39276e+011
4.0959	6.36587e+011	0	3.1944e+011
4.10589	8.51073e+011	0	4.2707e+011
4.11588	1.13946e+012	0	5.71781e+011
4.12587	1.52775e+012	0	7.66625e+011
4.13586	2.0513e+012	0	1.02934e+012
4.14585	2.75824e+012	0	1.38409e+012
4.15584	3.71419e+012	0	1.86378e+012
4.16583	5.00868e+012	0	2.51336e+012
4.17582	6.76415e+012	0	3.39426e+012
4.18581	9.14817e+012	0	4.59056e+012
4.1958	1.23905e+013	0	6.21757e+012
4.20579	1.68065e+013	0	8.43353e+012
4.21578	2.28298e+013	0	1.1456e+013
4.22577	3.10574e+013	0	1.55847e+013
4.23576	4.23124e+013	0	2.12324e+013
4.24575	5.7731e+013	0	2.89695e+013
4.25574	7.88848e+013	0	3.95845e+013
4.26573	1.0795e+014	0	5.41692e+013
4.27572	1.47943e+014	0	7.42378e+013
4.28571	2.03054e+014	0	1.01893e+014
4.2957	2.79112e+014	0	1.40059e+014
4.30569	3.84233e+014	0	1.92809e+014
4.31568	5.29738e+014	0	2.65823e+014
4.32567	7.31443e+014	0	3.67039e+014
4.33566	1.01147e+015	0	5.07557e+014
4.34565	1.40082e+015	0	7.02931e+014
4.35564	1.94297e+015	0	9.74984e+014
4.36563	2.69904e+015	0	1.35438e+015
4.37562	3.75501e+015	0	1.88427e+015
4.38561	5.23208e+015	0	2.62546e+015
4.3956	7.30131e+015	0	3.6638e+015
4.40559	1.02045e+016	0	5.12062e+015
4.41558	1.42839e+016	0	7.16768e+015
4.42557	2.00249e+016	0	1.00485e+016
4.43556	2.81165e+016	0	1.41089e+016
4.44555	3.95387e+016	0	1.98406e+016
4.45554	5.56872e+016	0	2.79439e+016
4.46553	7.85526e+016	0	3.94178e+016
4.47552	1.10979e+017	0	5.56894e+016
4.48551	1.57035e+017	0	7.88004e+016
4.4955	2.22551e+017	0	1.11677e+017
4.50549	3.15895e+017	0	1.58516e+017
4.51548	4.49092e+017	0	2.25355e+017
4.52547	6.39454e+017	0	3.20879e+017
4.53546	9.11942e+017	0	4.57613e+017
4.54545	1.30259e+018	0	6.53644e+017
4.55544	1.86354e+018	0	9.35125e+017
4.56543	2.67027e+018	0	1.33994e+018
4.57542	3.8323e+018	0	1.92305e+018
4.58541	5.50879e+018	0	2.76432e+018
4.5954	7.93131e+018	0	3.97994e+018
4.60539	1.14374e+019	0	5.73929e+018
4.61538	1.65198e+019	0	8.28964e+018
4.62537	2.38989e+019	0	1.19925e+019
4.63536	3.46298e+019	0	1.73773e+019
4.64535	5.02598e+019	0	2.52204e+019
4.65534	7.30623e+019	0	3.66627e+019
4.66533	1.06382e+020	0	5.33826e+019
4.67532	1.55148e+020	0	7.78536e+019
4.68531	2.26638e+020	0	1.13727e+020
4.6953	3.31607e+020	0	1.66401e+020
4.70529	4.85985e+020	0	2.43868e+020
4.71528	7.134e+020	0	3.57985e+020
4.72527	1.04895e+021	0	5.26364e+020
4.73526	1.54486e+021	0	7.75211e+020
4.74525	2.27896e+021	0	1.14359e+021
4.75524	3.36745e+021	0	1.68979e+021
4.76523	4.98406e+021	0	2.50101e+021
4.77522	7.38896e+021	0	3.70779e+021
4.78521	1.09725e+022	0	5.506e+021
4.7952	1.6321e+022	0	8.1899e+021
4.80519	2.43172e+022	0	1.22024e+022
4.81518	3.62914e+022	0	1.82111e+022
4.82517	5.42526e+022	0	2.7224e+022
4.83516	8.12391e+022	0	4.07659e+022
4.84515	1.21854e+023	0	6.11463e+022
4.85514	1.83081e+023	0	9.18703e+022
4.86513	2.75537e+023	0	1.38265e+023
4.87512	4.15385e+023	0	2.0844e+023
4.88511	6.27272e+023	0	3.14766e+023
4.8951	9.48851e+023	0	4.76134e+023
4.90509	1.43773e+024	0	7.21456e+023
4.91508	2.18222e+024	0	1.09504e+024
4.92507	3.31787e+024	0	1.66491e+024
4.93506	5.05315e+024	0	2.53568e+024
4.94505	7.70921e+024	0	3.86849e+024
4.95504	1.17816e+025	0	5.912e+024
4.96503	1.80361e+025	0	9.05054e+024
4.97502	2.76587e+025	0	1.38791e+025
4.98501	4.24883e+025	0	2.13207e+025
4.995	6.53822e+025	0	3.28089e+025
5.00499	1.00787e+026	0	5.05748e+025
5.01498	1.55632e+026	0	7.80965e+025
5.02497	2.40743e+026	0	1.20805e+026
5.03496	3.73047e+026	0	1.87196e+026
5.04495	5.79073e+026	0	2.9058e+026
5.05494	9.00458e+026	0	4.51851e+026
5.06493	1.40267e+027	0	7.03861e+026
5.07492	2.18882e+027	0	1.09835e+027
5.08491	3.42161e+027	0	1.71697e+027
5.0949	5.35818e+027	0	2.68874e+027
5.10489	8.40565e+027	0	4.21796e+027
5.11488	1.32098e+028	0	6.62867e+027
5.12487	2.07964e+028	0	1.04357e+028
5.13486	3.27986e+028	0	1.64584e+028
5.14485	5.18198e+028	0	2.60032e+028
5.15484	8.20184e+028	0	4.11569e+028
5.16483	1.30048e+029	0	6.52582e+028
5.17482	2.06573e+029	0	1.03659e+029
5.18481	3.28719e+029	0	1.64951e+029
5.1948	5.24029e+029	0	2.62959e+029
5.20479	8.36893e+029	0	4.19954e+029
5.21478	1.33896e+030	0	6.71892e+029
5.22477	2.14611e+030	0	1.07692e+030
5.23476	3.44606e+030	0	1.72924e+030
5.24475	5.54348e+030	0	2.78173e+030
5.25474	8.93372e+030	0	4.48295e+030
5.26473	1.44236e+031	0	7.23778e+030
5.27472	2.33297e+031	0	1.17068e+031
5.28471	3.7804e+031	0	1.89701e+031
5.2947	6.13709e+031	0	3.0796e+031
5.30469	9.98125e+031	0	5.0086e+031
5.31468	1.62632e+032	0	8.16091e+031
5.32467	2.65478e+032	0	1.33217e+032
5.33466	4.34164e+032	0	2.17864e+032
5.34465	7.11347e+032	0	3.56954e+032
5.35464	1.16765e+033	0	5.8593e+032
5.36463	1.92023e+033	0	9.63574e+032
5.37462	3.16374e+033	0	1.58757e+033
5.38461	5.22225e+033	0	2.62053e+033
5.3946	8.63624e+033	0	4.33368e+033
5.40459	1.43089e+034	0	7.1802e+033
5.41458	2.37519e+034	0	1.19187e+034
5.42457	3.9501e+034	0	1.98217e+034
5.43456	6.58165e+034	0	3.30268e+034
5.44455	1.0987e+035	0	5.51329e+034
5.45454	1.83757e+035	0	9.22095e+034
5.46453	3.07915e+035	0	1.54512e+035
5.47452	5.16939e+035	0	2.594e+035
5.48451	8.69506e+035	0	4.36319e+035
5.4945	1.46532e+036	0	7.35297e+035
5.50449	2.4741e+036	0	1.24151e+036
5.51448	4.18536e+036	0	2.10022e+036
5.52447	7.0938e+036	0	3.55967e+036
5.53446	1.20464e+037	0	6.04488e+036
5.54445	2.04959e+037	0	1.02849e+037
5.55444	3.49391e+037	0	1.75325e+037
5.56443	5.96752e+037	0	2.99451e+037
5.57442	1.02121e+038	0	5.12442e+037
5.58441	1.75094e+038	0	8.78625e+037
5.5944	3.00796e+038	0	1.5094e+038
5.60439	5.17742e+038	0	2.59803e+038
5.61438	8.92891e+038	0	4.48054e+038
5.62437	1.54287e+039	0	7.74213e+038
5.63436	2.6712e+039	0	1.34041e+039
5.64435	4.63374e+039	0	2.32522e+039
5.65434	8.05391e+039	0	4.04146e+039
5.66433	1.4026e+040	0	7.03825e+039
5.67432	2.44744e+040	0	1.22813e+040
5.68431	4.27903e+040	0	2.14722e+040
5.6943	7.49608e+040	0	3.76154e+040
5.70429	1.31577e+041	0	6.60255e+040
5.71428	2.31411e+041	0	1.16123e+041
5.72427	4.07802e+041	0	2.04636e+041
5.73426	7.20072e+041	0	3.61333e+041
5.74425	1.27399e+042	0	6.39289e+041
5.75424	2.2585e+042	0	1.13332e+042
5.76423	4.0118e+042	0	2.01313e+042
5.77422	7.14047e+042	0	3.5831e+042
5.78421	1.27346e+043	0	6.39021e+042
5.7942	2.27568e+043	0	1.14194e+043
5.80419	4.07484e+043	0	2.04476e+043
5.81418	7.31111e+043	0	3.66872e+043
5.82417	1.31441e+044	0	6.59573e+043
5.83416	2.36786e+044	0	1.18819e+044
5.84415	4.27423e+044	0	2.14481e+044
5.85414	7.73107e+044	0	3.87946e+044
5.86413	1.40121e+045	0	7.03128e+044
5.87412	2.54477e+045	0	1.27697e+045
5.88411	4.63103e+045	0	2.32386e+045
5.8941	8.44486e+045	0	4.23764e+045
5.90409	1.5431e+046	0	7.74329e+045
5.91408	2.82543e+046	0	1.4178e+046
5.92407	5.18399e+046	0	2.60133e+046
5.93406	9.53095e+046	0	4.78264e+046
5.94405	1.7559e+047	0	8.81115e+046
5.95404	3.2416e+047	0	1.62664e+047
5.96403	5.99673e+047	0	3.00917e+047
5.97402	1.11165e+048	0	5.57826e+047
5.98401	2.06499e+048	0	1.03621e+048
5.994	3.84388e+048	0	1.92886e+048
6.00399	7.17007e+048	0	3.59795e+048
6.01398	1.34023e+049	0	6.7253e+048
6.02397	2.51039e+049	0	1.25972e+049
6.03396	4.71205e+049	0	2.36451e+049
6.04395	8.8631e+049	0	4.44751e+049
6.05394	1.67059e+050	0	8.38306e+049
6.06393	3.15549e+050	0	1.58343e+050
6.07392	5.97277e+050	0	2.99714e+050
6.08391	1.13292e+051	0	5.68499e+050
6.0939	2.15345e+051	0	1.08061e+051
6.10389	4.10195e+051	0	2.05836e+051
6.11388	7.83001e+051	0	3.92911e+051
6.12387	1.4978e+052	0	7.516e+051
6.13386	2.87124e+052	0	1.44079e+052
6.14385	5.51576e+052	0	2.76781e+052
6.15384	1.06186e+053	0	5.32841e+052
6.16383	2.04858e+053	0	1.02798e+053
6.17382	3.96065e+053	0	1.98746e+053
6.18381	7.67378e+053	0	3.85071e+053
6.1938	1.48999e+054	0	7.47676e+053
6.20379	2.89926e+054	0	1.45485e+054
6.21378	5.65359e+054	0	2.83698e+054
6.22377	1.10483e+055	0	5.54407e+054
6.23376	2.16374e+055	0	1.08577e+055
6.24375	4.2467e+055	0	2.131e+055
6.25374	8.35291e+055	0	4.1915e+055
6.26373	1.64651e+056	0	8.2622e+055
6.27372	3.25261e+056	0	1.63216e+056
6.28371	6.43939e+056	0	3.23129e+056
6.2937	1.27762e+057	0	6.41112e+056
6.30369	2.54042e+057	0	1.27479e+057
6.31368	5.06242e+057	0	2.54033e+057
6.32367	1.01102e+058	0	5.07331e+057
6.33366	2.02355e+058	0	1.01542e+058
6.34365	4.059e+058	0	2.03681e+058
6.35364	8.15978e+058	0	4.09459e+058
6.36363	1.64397e+059	0	8.24946e+058
6.37362	3.31945e+059	0	1.66571e+059
6.38361	6.71735e+059	0	3.37077e+059
6.3936	1.36235e+060	0	6.83629e+059
6.40359	2.76912e+060	0	1.38955e+060
6.41358	5.64102e+060	0	2.83067e+060
6.42357	1.1517e+061	0	5.77923e+060
6.43356	2.3566e+061	0	1.18254e+061
6.44355	4.83281e+061	0	2.42511e+061
6.45354	9.93305e+061	0	4.98442e+061
6.46353	2.04615e+062	0	1.02676e+062
6.47352	4.22438e+062	0	2.1198e+062
6.48351	8.74102e+062	0	4.38625e+062
6.4935	1.81274e+063	0	9.09637e+062
6.50349	3.7678e+063	0	1.89069e+063
6.51348	7.84905e+063	0	3.93866e+063
6.52347	1.6388e+064	0	8.22351e+063
6.53346	3.42938e+064	0	1.72087e+064
6.54345	7.19263e+064	0	3.60927e+064
6.55344	1.51197e+065	0	7.58709e+064
6.56343	3.18556e+065	0	1.59852e+065
6.57342	6.72689e+065	0	3.37556e+065
6.58341	1.42374e+066	0	7.14436e+065
6.5934	3.02022e+066	0	1.51555e+066
6.60339	6.42152e+066	0	3.22232e+066
6.61338	1.36845e+067	0	6.8669e+066
6.62337	2.92291e+067	0	1.46672e+067
6.63336	6.25746e+067	0	3.14e+067
6.64335	1.3427e+068	0	6.73766e+067
6.65334	2.88773e+068	0	1.44906e+068
6.66333	6.22494e+068	0	3.12368e+068
6.67332	1.34498e+069	0	6.74913e+068
6.68331	2.91273e+069	0	1.46161e+069
6.6933	6.32252e+069	0	3.17265e+069
6.70329	1.37558e+070	0	6.90268e+069
6.71328	2.99978e+070	0	1.50529e+070
6.72327	6.55696e+070	0	3.29029e+070
6.73326	1.43657e+071	0	7.20873e+070
6.74325	3.15474e+071	0	1.58305e+071
6.75324	6.94407e+071	0	3.48454e+071
6.76323	1.53207e+072	0	7.68796e+071
6.77322	3.38815e+072	0	1.70018e+072
6.78321	7.51041e+072	0	3.76873e+072
6.7932	1.66872e+073	0	8.37368e+072
6.80319	3.71644e+073	0	1.86491e+073
6.81318	8.29645e+073	0	4.16317e+073
6.82317	1.85644e+074	0	9.31566e+073
6.83316	4.16387e+074	0	2.08944e+074
6.84315	9.36139e+074	0	4.69756e+074
6.85314	2.10966e+075	0	1.05863e+075
6.86313	4.76556e+075	0	2.39136e+075
6.87312	1.07907e+076	0	5.41477e+075
6.88311	2.44915e+076	0	1.22899e+076
6.8931	5.57208e+076	0	2.79608e+076
6.90309	1.27074e+077	0	6.37658e+076
6.91308	2.90491e+077	0	1.45769e+077
6.92307	6.65653e+077	0	3.34025e+077
6.93306	1.52899e+078	0	7.67248e+077
6.94305	3.52049e+078	0	1.76659e+078
6.95304	8.12542e+078	0	4.07734e+078
6.96303	1.87989e+079	0	9.43333e+078
6.97302	4.35982e+079	0	2.18776e+079
6.98301	1.01356e+080	0	5.08607e+079
6.993	2.36202e+080	0	1.18526e+080
7.00299	5.51782e+080	0	2.76885e+080
7.01298	1.29213e+081	0	6.4839e+080
7.02297	3.03316e+081	0	1.52204e+081
7.03296	7.13744e+081	0	3.58158e+081
7.04295	1.68363e+082	0	8.44848e+081
7.05294	3.98116e+082	0	1.99775e+082
7.06293	9.43698e+082	0	4.73549e+082
7.07292	2.24242e+083	0	1.12525e+083
7.08291	5.34153e+083	0	2.68039e+083
7.0929	1.2755e+084	0	6.40045e+083
7.10289	3.05322e+084	0	1.53211e+084
7.11288	7.32664e+084	0	3.67652e+084
7.12287	1.76247e+085	0	8.84408e+084
7.13286	4.25019e+085	0	2.13275e+085
7.14285	1.02747e+086	0	5.15583e+085
7.15284	2.49e+086	0	1.24949e+086
7.16283	6.04934e+086	0	3.03557e+086
7.17282	1.47331e+087	0	7.39306e+086
7.18281	3.59713e+087	0	1.80504e+087
7.1928	8.80437e+087	0	4.41804e+087
7.20279	2.16034e+088	0	1.08406e+088
7.21278	5.31409e+088	0	2.66662e+088
7.22277	1.31045e+089	0	6.57584e+088
7.23276	3.23963e+089	0	1.62565e+089
7.24275	8.02897e+089	0	4.02894e+089
7.25274	1.99486e+090	0	1.00102e+090
7.26273	4.96883e+090	0	2.49337e+090
7.27272	1.24076e+091	0	6.22616e+090
7.28271	3.1061e+091	0	1.55865e+091
7.2927	7.79539e+091	0	3.91174e+091
7.30269	1.96135e+092	0	9.8421e+091
7.31268	4.94734e+092	0	2.48258e+092
7.32267	1.25109e+093	0	6.27796e+092
7.33266	3.17178e+093	0	1.5916e+093
7.34265	8.06158e+093	0	4.04531e+093
7.35264	2.0542e+094	0	1.0308e+094
7.36263	5.24769e+094	0	2.6333e+094
7.37262	1.34401e+095	0	6.74424e+094
7.38261	3.45098e+095	0	1.73171e+095
7.3926	8.88369e+095	0	4.45785e+095
7.40259	2.29274e+096	0	1.1505e+096
7.41258	5.9324e+096	0	2.97688e+096
7.42257	1.53893e+097	0	7.72237e+096
7.43256	4.00243e+097	0	2.00842e+097
7.44255	1.04363e+098	0	5.23693e+097
7.45254	2.72826e+098	0	1.36904e+098
7.46253	7.15065e+098	0	3.5882e+098
7.47252	1.879e+099	0	9.42885e+098
7.48251	4.95031e+099	0	2.48407e+099
7.4925	1.30756e+100	0	6.56135e+099
7.50249	3.46272e+100	0	1.7376e+100
7.51248	9.19391e+100	0	4.61351e+100
7.52247	2.44744e+101	0	1.22813e+101
7.53246	6.53214e+101	0	3.27783e+101
7.54245	1.74795e+102	0	8.77126e+101
7.55244	4.68963e+102	0	2.35326e+102
7.56243	1.26149e+103	0	6.33015e+102
7.57242	3.40222e+103	0	1.70724e+103
7.58241	9.19984e+103	0	4.61649e+103
7.5924	2.49424e+104	0	1.25161e+104
7.60239	6.78011e+104	0	3.40227e+104
7.61238	1.8479e+105	0	9.27277e+104
7.62237	5.04967e+105	0	2.53393e+105
7.63236	1.38355e+106	0	6.94266e+105
7.64235	3.80077e+106	0	1.90723e+106
7.65234	1.04688e+107	0	5.25327e+106
7.66233	2.89118e+107	0	1.4508e+107
7.67232	8.00577e+107	0	4.0173e+107
7.68231	2.22272e+108	0	1.11536e+108
7.6923	6.18756e+108	0	3.10492e+108
7.70229	1.72707e+109	0	8.66648e+108
7.71228	4.83348e+109	0	2.42545e+109
7.72227	1.35634e+110	0	6.80612e+109
7.73226	3.81625e+110	0	1.915e+110
7.74225	1.07663e+111	0	5.40255e+110
7.75224	3.04552e+111	0	1.52825e+111
7.76223	8.63814e+111	0	4.33463e+111
7.77222	2.45667e+112	0	1.23276e+112
7.78221	7.00551e+112	0	3.51537e+112
7.7922	2.0031e+113	0	1.00516e+113
7.80219	5.74297e+113	0	2.88183e+113
7.81218	1.65099e+114	0	8.28466e+113
7.82217	4.75909e+114	0	2.38812e+114
7.83216	1.37556e+115	0	6.90258e+114
7.84215	3.98669e+115	0	2.00053e+115
7.85214	1.15857e+116	0	5.81374e+115
7.86213	3.3761e+116	0	1.69413e+116
7.87212	9.8648e+116	0	4.95017e+116
7.88211	2.89031e+117	0	1.45036e+117
7.8921	8.4915e+117	0	4.26104e+117
7.90209	2.50156e+118	0	1.25528e+118
7.91208	7.38966e+118	0	3.70814e+118
7.92207	2.1889e+119	0	1.09839e+119
7.93206	6.50159e+119	0	3.26251e+119
7.94205	1.93644e+120	0	9.71709e+119
7.95204	5.7834e+120	0	2.90212e+120
7.96203	1.73203e+121	0	8.69137e+120
7.97202	5.20147e+121	0	2.61011e+121
7.98201	1.56637e+122	0	7.86006e+121
7.992	4.73e+122	0	2.37352e+122
8.00199	1.43228e+123	0	7.18722e+122
8.01198	4.34911e+123	0	2.18239e+123
8.02197	1.32426e+124	0	6.64517e+123
8.03196	4.04347e+124	0	2.02902e+124
8.04195	1.23806e+125	0	6.21259e+124
8.05194	3.80133e+125	0	1.90751e+125
8.06193	1.17042e+126	0	5.87317e+125
8.07192	3.61375e+126	0	1.81338e+126
8.08191	1.11889e+127	0	5.6146e+126
8.0919	3.47401e+127	0	1.74326e+127
8.10189	1.08166e+128	0	5.42778e+127
8.11188	3.37728e+128	0	1.69472e+128
8.12187	1.05746e+129	0	5.30634e+128
8.13186	3.32032e+129	0	1.66614e+129
8.14185	1.04549e+130	0	5.24626e+129
8.15184	3.30126e+130	0	1.65658e+130
8.16183	1.04536e+131	0	5.24563e+130
8.17182	3.31955e+131	0	1.66575e+131
8.18181	1.05711e+132	0	5.30458e+131
8.1918	3.3759e+132	0	1.69403e+132
8.20179	1.08116e+133	0	5.42528e+132
8.21178	3.47235e+133	0	1.74243e+133
8.22177	1.11838e+134	0	5.61207e+133
8.23176	3.61238e+134	0	1.8127e+134
8.24175	1.17013e+135	0	5.87171e+134
8.25174	3.80112e+135	0	1.9074e+135
8.26173	1.23831e+136	0	6.21384e+135
8.27172	4.04564e+136	0	2.03011e+136
8.28171	1.32553e+137	0	6.65152e+136
8.2917	4.35548e+137	0	2.18558e+137
8.30169	1.43525e+138	0	7.2021e+137
8.31168	4.74315e+138	0	2.38012e+138
8.32167	1.57201e+139	0	7.88836e+138
8.33166	5.22509e+139	0	2.62196e+139
8.34165	1.74174e+140	0	8.74009e+139
8.35164	5.82275e+140	0	2.92186e+140
8.36163	1.95221e+141	0	9.79621e+140
8.37162	6.56419e+141	0	3.29392e+141
8.38161	2.21357e+142	0	1.11077e+142
8.3916	7.48627e+142	0	3.75662e+142
8.40159	2.53921e+143	0	1.27418e+143
8.41158	8.63761e+143	0	4.33436e+143
8.42157	2.94681e+144	0	1.47871e+144
8.43156	1.00827e+145	0	5.05951e+144
8.44155	3.45993e+145	0	1.7362e+145
8.45154	1.19077e+146	0	5.97529e+145
8.46153	4.11014e+146	0	2.06247e+146
8.47152	1.42284e+147	0	7.13984e+146
8.48151	4.94004e+147	0	2.47892e+147
8.4915	1.72019e+148	0	8.63196e+147
8.50149	6.0076e+148	0	3.01462e+148
8.51148	2.10427e+149	0	1.05593e+149
8.52147	7.39232e+149	0	3.70948e+149
8.53146	2.6046e+150	0	1.30699e+150
8.54145	9.20412e+150	0	4.61864e+150
8.55144	3.26217e+151	0	1.63696e+151
8.56143	1.15962e+152	0	5.819e+151
8.57142	4.1344e+152	0	2.07465e+152
8.58141	1.47841e+153	0	7.41869e+152
8.5914	5.30235e+153	0	2.66073e+153
8.60139	1.90736e+154	0	9.57115e+153
8.61138	6.88158e+154	0	3.45319e+154
8.62137	2.49022e+155	0	1.2496e+155
8.63136	9.03822e+155	0	4.53539e+155
8.64135	3.29022e+156	0	1.65103e+156
8.65134	1.20134e+157	0	6.02832e+156
8.66133	4.39951e+157	0	2.20768e+157
8.67132	1.61601e+158	0	8.10918e+157
8.68131	5.95373e+158	0	2.98759e+158
8.6913	2.20007e+159	0	1.104e+159
8.70129	8.15437e+159	0	4.09187e+159
8.71128	3.03146e+160	0	1.52119e+160
8.72127	1.13037e+161	0	5.67222e+160
8.73126	4.22767e+161	0	2.12145e+161
8.74125	1.58596e+162	0	7.95838e+161
8.75124	5.96757e+162	0	2.99453e+162
8.76123	2.25225e+163	0	1.13018e+163
8.77122	8.52616e+163	0	4.27843e+163
8.78121	3.23748e+164	0	1.62457e+164
8.7912	1.23305e+165	0	6.18745e+164
8.80119	4.71057e+165	0	2.36377e+165
8.81118	1.80505e+166	0	9.05776e+165
8.82117	6.93791e+166	0	3.48145e+166
8.83116	2.67481e+167	0	1.34222e+167
8.84115	1.03439e+168	0	5.19059e+167
8.85114	4.0124e+168	0	2.01343e+168
8.86113	1.56118e+169	0	7.83403e+168
8.87112	6.09305e+169	0	3.0575e+169
8.88111	2.38533e+170	0	1.19696e+170
8.8911	9.36689e+170	0	4.70031e+170
8.90109	3.68959e+171	0	1.85144e+171
8.91108	1.4578e+172	0	7.31527e+171
8.92107	5.77774e+172	0	2.89928e+172
8.93106	2.29698e+173	0	1.15263e+173
8.94105	9.16006e+173	0	4.59653e+173
8.95104	3.66423e+174	0	1.83871e+174
8.96103	1.47032e+175	0	7.37807e+174
8.97102	5.91816e+175	0	2.96974e+175
8.98101	2.38951e+176	0	1.19906e+176
8.991	9.6779e+176	0	4.85638e+176
9.00099	3.93191e+177	0	1.97304e+177
9.01098	1.60243e+178	0	8.04101e+177
9.02097	6.55099e+178	0	3.2873e+178
9.03096	2.68653e+179	0	1.3481e+179
9.04095	1.10518e+180	0	5.54578e+179
9.05094	4.56068e+180	0	2.28856e+180
9.06093	1.88794e+181	0	9.4737e+180
9.07092	7.83985e+181	0	3.93404e+181
9.08091	3.2658e+182	0	1.63878e+182
9.0909	1.3647e+183	0	6.84806e+182
9.10089	5.72068e+183	0	2.87064e+183
9.11088	2.40562e+184	0	1.20714e+184
9.12087	1.01479e+185	0	5.09221e+184
9.13086	4.2943e+185	0	2.15488e+185
9.14085	1.82298e+186	0	9.14773e+185
9.15084	7.76327e+186	0	3.89562e+186
9.16083	3.31651e+187	0	1.66423e+187
9.17082	1.42133e+188	0	7.13226e+187
9.18081	6.11064e+188	0	3.06633e+188
9.1908	2.63546e+189	0	1.32248e+189
9.20079	1.14027e+190	0	5.72189e+189
9.21078	4.94927e+190	0	2.48355e+190
9.22077	2.15505e+191	0	1.08141e+191
9.23076	9.41368e+191	0	4.7238e+191
9.24075	4.12523e+192	0	2.07004e+192
9.25074	1.81353e+193	0	9.10031e+192
9.26073	7.99818e+193	0	4.01349e+193
9.27072	3.53874e+194	0	1.77574e+194
9.28071	1.57072e+195	0	7.88189e+194
9.2907	6.99428e+195	0	3.50974e+195
9.30069	3.12451e+196	0	1.56788e+196
9.31068	1.40029e+197	0	7.0267e+196
9.32067	6.29586e+197	0	3.15927e+197
9.33066	2.83982e+198	0	1.42502e+198
9.34065	1.28507e+199	0	6.44851e+198
9.35064	5.83403e+199	0	2.92752e+199
9.36063	2.65714e+200	0	1.33335e+200
9.37062	1.21413e+201	0	6.09251e+200
9.38061	5.56575e+201	0	2.7929e+201
9.3906	2.55971e+202	0	1.28447e+202
9.40059	1.18105e+203	0	5.92655e+202
9.41058	5.46715e+203	0	2.74342e+203
9.42057	2.53901e+204	0	1.27408e+204
9.43056	1.183e+205	0	5.9363e+204
9.44055	5.52994e+205	0	2.77493e+205
9.45054	2.59343e+206	0	1.30139e+206
9.46053	1.22025e+207	0	6.12322e+206
9.47052	5.76027e+207	0	2.89051e+207
9.48051	2.7281e+208	0	1.36896e+208
9.4905	1.29629e+209	0	6.50479e+208
9.50049	6.17972e+209	0	3.10099e+209
9.51048	2.95572e+210	0	1.48318e+210
9.52047	1.41836e+211	0	7.11733e+210
9.53046	6.8287e+211	0	3.42665e+211
9.54045	3.29855e+212	0	1.65521e+212
9.55044	1.5986e+213	0	8.0218e+212
9.56043	7.77306e+213	0	3.90053e+213
9.57042	3.79211e+214	0	1.90288e+214
9.58041	1.85612e+215	0	9.31403e+214
9.5904	9.1153e+215	0	4.57407e+215
9.60039	4.49134e+216	0	2.25376e+216
9.61038	2.22036e+217	0	1.11418e+217
9.62037	1.10132e+218	0	5.52645e+217
9.63036	5.48089e+218	0	2.75032e+218
9.64035	2.73674e+219	0	1.3733e+219
9.65034	1.37109e+220	0	6.88012e+219
9.66033	6.89199e+220	0	3.45841e+220
9.67032	3.47597e+221	0	1.74425e+221
9.68031	1.75898e+222	0	8.82657e+221
9.6903	8.93096e+222	0	4.48157e+222
9.70029	4.5498e+223	0	2.28309e+223
9.71028	2.32564e+224	0	1.16701e+224
9.72027	1.19276e+225	0	5.98527e+224
9.73026	6.13792e+225	0	3.08001e+225
9.74025	3.16922e+226	0	1.59032e+226
9.75024	1.6419e+227	0	8.23906e+226
9.76023	8.53502e+227	0	4.28288e+227
9.77022	4.45173e+228	0	2.23388e+228
9.78021	2.32981e+229	0	1.1691e+229
9.7902	1.22344e+230	0	6.13923e+229
9.80019	6.44635e+230	0	3.23478e+230
9.81018	3.40814e+231	0	1.71021e+231
9.82017	1.80798e+232	0	9.07249e+231
9.83016	9.62381e+232	0	4.82924e+232
9.84015	5.14015e+233	0	2.57933e+233
9.85014	2.75475e+234	0	1.38234e+234
9.86013	1.48139e+235	0	7.43363e+234
9.87012	7.99349e+235	0	4.01114e+235
9.88011	4.32799e+236	0	2.17179e+236
9.8901	2.35137e+237	0	1.17992e+237
9.90009	1.28186e+238	0	6.43238e+237
9.91008	7.01208e+238	0	3.51867e+238
9.92007	3.84895e+239	0	1.93141e+239
9.93006	2.11996e+240	0	1.0638e+240
9.94005	1.17167e+241	0	5.87943e+240
9.95004	6.49791e+241	0	3.26066e+241
9.96003	3.61608e+242	0	1.81455e+242
9.97002	2.01929e+243	0	1.01328e+243
9.98001	1.1315e+244	0	5.67789e+243
9.99	6.36228e+244	0	3.1926e+244
