0	0	0	0
0.00999	0.021279	0.021279	0.00998153
0.01998	0.0424498	0.0424498	0.0199123
0.02997	0.0634046	0.0634046	0.0297417
0.03996	0.0840368	0.0840368	0.0394198
0.04995	0.104242	0.104242	0.0488974
0.05994	0.123916	0.123916	0.0581263
0.06993	0.14296	0.14296	0.0670594
0.07992	0.161277	0.161277	0.0756514
0.08991	0.178773	0.178773	0.0838586
0.0999	0.19536	0.19536	0.0916391
0.10989	0.210953	0.210953	0.0989536
0.11988	0.225474	0.225474	0.105765
0.12987	0.238847	0.238847	0.112038
0.13986	0.251006	0.251006	0.117741
0.14985	0.261888	0.261888	0.122846
0.15984	0.271439	0.271439	0.127326
0.16983	0.279609	0.279609	0.131158
0.17982	0.286357	0.286357	0.134324
0.18981	0.29165	0.29165	0.136807
0.1998	0.295459	0.295459	0.138594
0.20979	0.297767	0.297767	0.139676
0.21978	0.298561	0.298561	0.140049
0.22977	0.297838	0.297838	0.139709
0.23976	0.295601	0.295601	0.13866
0.24975	0.291862	0.291862	0.136906
0.25974	0.28664	0.28664	0.134456
0.26973	0.279961	0.279961	0.131324
0.27972	0.27186	0.27186	0.127524
0.28971	0.262378	0.262378	0.123076
0.2997	0.251563	0.251563	0.118003
0.30969	0.239471	0.239471	0.112331
0.31968	0.226163	0.226163	0.106088
0.32967	0.211706	0.211706	0.0993069
0.33966	0.196175	0.196175	0.0920215
0.34965	0.179648	0.179648	0.0842689
0.35964	0.162209	0.162209	0.0760887
0.36963	0.143947	0.143947	0.0675224
0.37962	0.124955	0.124955	0.0586134
0.38961	0.105328	0.105328	0.0494071
0.3996	0.0851675	0.0851675	0.0399502
0.40959	0.0645749	0.0645749	0.0302907
0.41958	0.0436549	0.0436549	0.0204776
0.42957	0.0225135	0.0225135	0.0105606
0.43956	0.00125803	0.00125803	0.000590113
0.44955	-0.0200039	-0.0200039	-0.00938337
0.45954	-0.0411644	-0.0411644	-0.0193093
0.46953	-0.0621163	-0.0621163	-0.0291374
0.47952	-0.0827536	-0.0827536	-0.0388179
0.48951	-0.102972	-0.102972	-0.0483018
0.4995	-0.122669	-0.122669	-0.0575412
0.50949	-0.141744	-0.141744	-0.0664892
0.51948	-0.160103	-0.160103	-0.0751007
0.52947	-0.177651	-0.177651	-0.0833321
0.53946	-0.1943	-0.1943	-0.0911419
0.54945	-0.209966	-0.209966	-0.0984906
0.55944	-0.224571	-0.224571	-0.105341
0.56943	-0.23804	-0.23804	-0.111659
0.57942	-0.250305	-0.250305	-0.117413
0.58941	-0.261306	-0.261306	-0.122573
0.5994	-0.270986	-0.270986	-0.127114
0.60939	-0.279297	-0.279297	-0.131012
0.61938	-0.286198	-0.286198	-0.134249
0.62937	-0.291653	-0.291653	-0.136808
0.63936	-0.295637	-0.295637	-0.138677
0.64935	-0.298128	-0.298128	-0.139845
0.65934	-0.299115	-0.299115	-0.140308
0.66933	-0.298593	-0.298593	-0.140064
0.67932	-0.296566	-0.296566	-0.139112
0.68931	-0.293043	-0.293043	-0.13746
0.6993	-0.288043	-0.288043	-0.135115
0.70929	-0.281592	-0.281592	-0.132089
0.71928	-0.273723	-0.273723	-0.128397
0.72927	-0.264474	-0.264474	-0.124059
0.73926	-0.253895	-0.253895	-0.119097
0.74925	-0.242037	-0.242037	-0.113534
0.75924	-0.228962	-0.228962	-0.107401
0.76923	-0.214735	-0.214735	-0.100728
0.77922	-0.199428	-0.199428	-0.0935475
0.78921	-0.183119	-0.183119	-0.0858972
0.7992	-0.16589	-0.16589	-0.0778152
0.80919	-0.147827	-0.147827	-0.0693422
0.81918	-0.129021	-0.129021	-0.060521
0.82917	-0.109568	-0.109568	-0.0513959
0.83916	-0.0895648	-0.0895648	-0.0420129
0.84915	-0.0691123	-0.0691123	-0.0324191
0.85914	-0.0483131	-0.0483131	-0.0226626
0.86913	-0.0272717	-0.0272717	-0.0127926
0.87912	-0.00609361	-0.00609361	-0.00285838
0.88911	0.015115	0.015115	0.00709013
0.8991	0.036248	0.036248	0.0170031
0.90909	0.0571994	0.0571994	0.026831
0.91908	0.0778646	0.0778646	0.0365246
0.92907	0.0981402	0.0981402	0.0460354
0.93906	0.117925	0.117925	0.055316
0.94905	0.13712	0.13712	0.0643201
0.95904	0.15563	0.15563	0.0730027
0.96903	0.173362	0.173362	0.0813205
0.97902	0.190229	0.190229	0.0892323
0.98901	0.206146	0.206146	0.0966986
0.999	0.221034	0.221034	0.103682
1.00899	0.23482	0.23482	0.110149
1.01898	0.247435	0.247435	0.116066
1.02897	0.258817	0.258817	0.121405
1.03896	0.268909	0.268909	0.12614
1.04895	0.277663	0.277663	0.130245
1.05894	0.285034	0.285034	0.133703
1.06893	0.290987	0.290987	0.136495
1.07892	0.295492	0.295492	0.138609
1.08891	0.298529	0.298529	0.140033
1.0989	0.300082	0.300082	0.140762
1.10889	0.300144	0.300144	0.140791
1.11888	0.298716	0.298716	0.140121
1.12887	0.295806	0.295806	0.138756
1.13886	0.291429	0.291429	0.136703
1.14885	0.285606	0.285606	0.133972
1.15884	0.278368	0.278368	0.130576
1.16883	0.269751	0.269751	0.126534
1.17882	0.259799	0.259799	0.121866
1.18881	0.24856	0.24856	0.116594
1.1988	0.236093	0.236093	0.110746
1.20879	0.222458	0.222458	0.10435
1.21878	0.207723	0.207723	0.0974383
1.22877	0.191963	0.191963	0.0900454
1.23876	0.175254	0.175254	0.0822079
1.24875	0.157681	0.157681	0.0739648
1.25874	0.13933	0.13933	0.0653569
1.26873	0.120293	0.120293	0.0564267
1.27872	0.100662	0.100662	0.0472186
1.28871	0.0805365	0.0805365	0.0377779
1.2987	0.060014	0.060014	0.0281513
1.30869	0.0391963	0.0391963	0.0183861
1.31868	0.0181859	0.0181859	0.00853062
1.32867	-0.00291387	-0.00291387	-0.00136683
1.33866	-0.0239994	-0.0239994	-0.0112576
1.34865	-0.044967	-0.044967	-0.0210931
1.35864	-0.0657141	-0.0657141	-0.0308251
1.36863	-0.086139	-0.086139	-0.0404059
1.37862	-0.106142	-0.106142	-0.0497888
1.38861	-0.125625	-0.125625	-0.0589277
1.3986	-0.144492	-0.144492	-0.0677782
1.40859	-0.162653	-0.162653	-0.0762972
1.41858	-0.180019	-0.180019	-0.084443
1.42857	-0.196505	-0.196505	-0.0921762
1.43856	-0.212031	-0.212031	-0.0994592
1.44855	-0.226522	-0.226522	-0.106257
1.45854	-0.239909	-0.239909	-0.112536
1.46853	-0.252125	-0.252125	-0.118266
1.47852	-0.263113	-0.263113	-0.123421
1.48851	-0.27282	-0.27282	-0.127974
1.4985	-0.281199	-0.281199	-0.131904
1.50849	-0.28821	-0.28821	-0.135193
1.51848	-0.293821	-0.293821	-0.137825
1.52847	-0.298004	-0.298004	-0.139787
1.53846	-0.300741	-0.300741	-0.141071
1.54845	-0.302018	-0.302018	-0.14167
1.55844	-0.301832	-0.301832	-0.141583
1.56843	-0.300182	-0.300182	-0.140809
1.57842	-0.297079	-0.297079	-0.139353
1.58841	-0.292539	-0.292539	-0.137224
1.5984	-0.286584	-0.286584	-0.13443
1.60839	-0.279244	-0.279244	-0.130987
1.61838	-0.270555	-0.270555	-0.126911
1.62837	-0.26056	-0.26056	-0.122223
1.63836	-0.249309	-0.249309	-0.116945
1.64835	-0.236856	-0.236856	-0.111104
1.65834	-0.223262	-0.223262	-0.104727
1.66833	-0.208593	-0.208593	-0.0978466
1.67832	-0.192922	-0.192922	-0.0904953
1.68831	-0.176322	-0.176322	-0.082709
1.6983	-0.158876	-0.158876	-0.0745254
1.70829	-0.140668	-0.140668	-0.0659841
1.71828	-0.121784	-0.121784	-0.0571262
1.72827	-0.102317	-0.102317	-0.0479946
1.73826	-0.0823596	-0.0823596	-0.0386331
1.74825	-0.0620081	-0.0620081	-0.0290866
1.75824	-0.04136	-0.04136	-0.0194011
1.76823	-0.0205143	-0.0205143	-0.0096228
1.77822	0.000429465	0.000429465	0.000201453
1.78821	0.0213712	0.0213712	0.0100247
1.7982	0.042211	0.042211	0.0198002
1.80819	0.0628496	0.0628496	0.0294814
1.81818	0.0831891	0.0831891	0.0390222
1.82817	0.103133	0.103133	0.0483773
1.83816	0.122586	0.122586	0.0575024
1.84815	0.141457	0.141457	0.0663544
1.85814	0.159656	0.159656	0.0748914
1.86813	0.177099	0.177099	0.0830731
1.87812	0.193702	0.193702	0.0908612
1.88811	0.209387	0.209387	0.0982189
1.8981	0.224082	0.224082	0.105112
1.90809	0.237717	0.237717	0.111508
1.91808	0.250229	0.250229	0.117377
1.92807	0.26156	0.26156	0.122692
1.93806	0.271657	0.271657	0.127428
1.94805	0.280474	0.280474	0.131564
1.95804	0.28797	0.28797	0.13508
1.96803	0.294111	0.294111	0.137961
1.97802	0.298869	0.298869	0.140193
1.98801	0.302224	0.302224	0.141766
1.998	0.304159	0.304159	0.142675
2.00799	0.304669	0.304669	0.142914
2.01798	0.303751	0.303751	0.142483
2.02797	0.301411	0.301411	0.141385
2.03796	0.297661	0.297661	0.139626
2.04795	0.29252	0.29252	0.137215
2.05794	0.286014	0.286014	0.134163
2.06793	0.278173	0.278173	0.130485
2.07792	0.269035	0.269035	0.126198
2.08791	0.258644	0.258644	0.121324
2.0979	0.24705	0.24705	0.115886
2.10789	0.234308	0.234308	0.109909
2.11788	0.220477	0.220477	0.103421
2.12787	0.205623	0.205623	0.0964533
2.13786	0.189816	0.189816	0.0890386
2.14785	0.17313	0.17313	0.0812114
2.15784	0.155642	0.155642	0.0730083
2.16783	0.137435	0.137435	0.0644678
2.17782	0.118593	0.118593	0.0556295
2.18781	0.099204	0.099204	0.0465344
2.1978	0.0793574	0.0793574	0.0372248
2.20779	0.0591453	0.0591453	0.0277438
2.21778	0.038661	0.038661	0.018135
2.22777	0.017999	0.017999	0.00844295
2.23776	-0.00274566	-0.00274566	-0.00128793
2.24775	-0.0234778	-0.0234778	-0.0110129
2.25774	-0.0441023	-0.0441023	-0.0206874
2.26773	-0.0645248	-0.0645248	-0.0302672
2.27772	-0.0846522	-0.0846522	-0.0397085
2.28771	-0.104393	-0.104393	-0.0489684
2.2977	-0.123657	-0.123657	-0.0580046
2.30769	-0.142357	-0.142357	-0.0667764
2.31768	-0.160408	-0.160408	-0.0752438
2.32767	-0.177729	-0.177729	-0.0833688
2.33766	-0.194242	-0.194242	-0.0911147
2.34765	-0.209873	-0.209873	-0.0984467
2.35764	-0.224551	-0.224551	-0.105332
2.36763	-0.238211	-0.238211	-0.11174
2.37762	-0.250793	-0.250793	-0.117641
2.38761	-0.26224	-0.26224	-0.123011
2.3976	-0.272502	-0.272502	-0.127825
2.40759	-0.281533	-0.281533	-0.132061
2.41758	-0.289296	-0.289296	-0.135702
2.42757	-0.295755	-0.295755	-0.138732
2.43756	-0.300883	-0.300883	-0.141138
2.44755	-0.304658	-0.304658	-0.142909
2.45754	-0.307066	-0.307066	-0.144038
2.46753	-0.308096	-0.308096	-0.144521
2.47752	-0.307746	-0.307746	-0.144357
2.48751	-0.306019	-0.306019	-0.143547
2.4975	-0.302924	-0.302924	-0.142095
2.50749	-0.298476	-0.298476	-0.140008
2.51748	-0.292696	-0.292696	-0.137297
2.52747	-0.285613	-0.285613	-0.133975
2.53746	-0.277258	-0.277258	-0.130056
2.54745	-0.267671	-0.267671	-0.125558
2.55744	-0.256895	-0.256895	-0.120504
2.56743	-0.244979	-0.244979	-0.114914
2.57742	-0.231979	-0.231979	-0.108816
2.58741	-0.217952	-0.217952	-0.102236
2.5974	-0.202961	-0.202961	-0.0952046
2.60739	-0.187074	-0.187074	-0.0877525
2.61738	-0.170363	-0.170363	-0.0799135
2.62737	-0.152901	-0.152901	-0.0717225
2.63736	-0.134767	-0.134767	-0.063216
2.64735	-0.11604	-0.11604	-0.0544317
2.65734	-0.0968038	-0.0968038	-0.0454086
2.66733	-0.0771435	-0.0771435	-0.0361863
2.67732	-0.0571454	-0.0571454	-0.0268057
2.68731	-0.0368974	-0.0368974	-0.0173078
2.6973	-0.0164883	-0.0164883	-0.00773428
2.70729	0.00399284	0.00399284	0.00187295
2.71728	0.0244566	0.0244566	0.011472
2.72727	0.0448139	0.0448139	0.0210212
2.73726	0.0649765	0.0649765	0.030479
2.74725	0.084857	0.084857	0.0398046
2.75724	0.10437	0.10437	0.0489576
2.76723	0.123431	0.123431	0.0578986
2.77722	0.141958	0.141958	0.0665894
2.78721	0.159872	0.159872	0.0749925
2.7972	0.177097	0.177097	0.0830722
2.80719	0.193559	0.193559	0.0907942
2.81718	0.209188	0.209188	0.0981255
2.82717	0.223919	0.223919	0.105035
2.83716	0.237689	0.237689	0.111494
2.84715	0.25044	0.25044	0.117476
2.85714	0.26212	0.26212	0.122955
2.86713	0.272679	0.272679	0.127908
2.87712	0.282075	0.282075	0.132315
2.88711	0.290269	0.290269	0.136159
2.8971	0.297227	0.297227	0.139423
2.90709	0.302922	0.302922	0.142094
2.91708	0.307331	0.307331	0.144162
2.92707	0.310437	0.310437	0.145619
2.93706	0.312229	0.312229	0.14646
2.94705	0.312701	0.312701	0.146681
2.95704	0.311853	0.311853	0.146284
2.96703	0.309691	0.309691	0.145269
2.97702	0.306225	0.306225	0.143643
2.98701	0.301471	0.301471	0.141414
2.997	0.295452	0.295452	0.13859
3.00699	0.288195	0.288195	0.135186
3.01698	0.279731	0.279731	0.131216
3.02697	0.270097	0.270097	0.126697
3.03696	0.259337	0.259337	0.121649
3.04695	0.247496	0.247496	0.116095
3.05694	0.234624	0.234624	0.110057
3.06693	0.220778	0.220778	0.103562
3.07692	0.206015	0.206015	0.0966372
3.08691	0.190399	0.190399	0.0893119
3.0969	0.173995	0.173995	0.0816172
3.10689	0.156872	0.156872	0.0735853
3.11688	0.139102	0.139102	0.0652498
3.12687	0.120759	0.120759	0.0566456
3.13686	0.10192	0.10192	0.0478084
3.14685	0.0826618	0.0826618	0.0387749
3.15684	0.0630648	0.0630648	0.0295823
3.16683	0.0432097	0.0432097	0.0202687
3.17682	0.0231779	0.0231779	0.0108722
3.18681	0.00305148	0.00305148	0.00143138
3.1968	-0.0170874	-0.0170874	-0.00801532
3.20679	-0.0371568	-0.0371568	-0.0174294
3.21678	-0.0570752	-0.0570752	-0.0267727
3.22677	-0.0767622	-0.0767622	-0.0360075
3.23676	-0.0961384	-0.0961384	-0.0450964
3.24675	-0.115126	-0.115126	-0.0540031
3.25674	-0.133649	-0.133649	-0.0626917
3.26673	-0.151633	-0.151633	-0.0711278
3.27672	-0.169007	-0.169007	-0.0792777
3.28671	-0.185703	-0.185703	-0.0871091
3.2967	-0.201653	-0.201653	-0.0945913
3.30669	-0.216797	-0.216797	-0.101695
3.31668	-0.231074	-0.231074	-0.108392
3.32667	-0.244428	-0.244428	-0.114656
3.33666	-0.256809	-0.256809	-0.120464
3.34665	-0.268169	-0.268169	-0.125792
3.35664	-0.278463	-0.278463	-0.130621
3.36663	-0.287654	-0.287654	-0.134932
3.37662	-0.295707	-0.295707	-0.13871
3.38661	-0.302591	-0.302591	-0.141939
3.3966	-0.308282	-0.308282	-0.144609
3.40659	-0.31276	-0.31276	-0.146709
3.41658	-0.316008	-0.316008	-0.148232
3.42657	-0.318016	-0.318016	-0.149174
3.43656	-0.318779	-0.318779	-0.149532
3.44655	-0.318295	-0.318295	-0.149305
3.45654	-0.316569	-0.316569	-0.148496
3.46653	-0.31361	-0.31361	-0.147108
3.47652	-0.309431	-0.309431	-0.145147
3.48651	-0.304051	-0.304051	-0.142623
3.4965	-0.297492	-0.297492	-0.139547
3.50649	-0.289783	-0.289783	-0.135931
3.51648	-0.280954	-0.280954	-0.131789
3.52647	-0.271043	-0.271043	-0.12714
3.53646	-0.260089	-0.260089	-0.122002
3.54645	-0.248136	-0.248136	-0.116395
3.55644	-0.235231	-0.235231	-0.110342
3.56643	-0.221427	-0.221427	-0.103867
3.57642	-0.206777	-0.206777	-0.0969947
3.58641	-0.191339	-0.191339	-0.089753
3.5964	-0.175173	-0.175173	-0.0821698
3.60639	-0.158341	-0.158341	-0.0742745
3.61638	-0.14091	-0.14091	-0.0660976
3.62637	-0.122945	-0.122945	-0.0576707
3.63636	-0.104516	-0.104516	-0.049026
3.64635	-0.0856927	-0.0856927	-0.0401966
3.65634	-0.0665473	-0.0665473	-0.0312159
3.66633	-0.047152	-0.047152	-0.022118
3.67632	-0.0275801	-0.0275801	-0.0129372
3.68631	-0.00790493	-0.00790493	-0.00370803
3.6963	0.0117997	0.0117997	0.00553499
3.70629	0.0314605	0.0314605	0.0147574
3.71628	0.0510043	0.0510043	0.023925
3.72627	0.0703588	0.0703588	0.0330038
3.73626	0.0894529	0.0894529	0.0419604
3.74625	0.108216	0.108216	0.050762
3.75624	0.126581	0.126581	0.0593763
3.76623	0.14448	0.14448	0.0677722
3.77622	0.161847	0.161847	0.0759191
3.78621	0.178622	0.178622	0.0837878
3.7962	0.194744	0.194744	0.09135
3.80619	0.210154	0.210154	0.0985787
3.81618	0.224799	0.224799	0.105448
3.82617	0.238627	0.238627	0.111935
3.83616	0.251589	0.251589	0.118015
3.84615	0.26364	0.26364	0.123668
3.85614	0.274739	0.274739	0.128874
3.86613	0.284848	0.284848	0.133616
3.87612	0.293932	0.293932	0.137877
3.88611	0.301962	0.301962	0.141644
3.8961	0.308909	0.308909	0.144903
3.90609	0.314753	0.314753	0.147644
3.91608	0.319475	0.319475	0.149859
3.92607	0.323059	0.323059	0.15154
3.93606	0.325497	0.325497	0.152684
3.94605	0.326782	0.326782	0.153286
3.95604	0.326911	0.326911	0.153347
3.96603	0.325888	0.325888	0.152867
3.97602	0.323718	0.323718	0.151849
3.98601	0.320411	0.320411	0.150298
3.996	0.315982	0.315982	0.14822
4.00599	0.310448	0.310448	0.145625
4.01598	0.303832	0.303832	0.142521
4.02597	0.296159	0.296159	0.138922
4.03596	0.287458	0.287458	0.13484
4.04595	0.277761	0.277761	0.130292
4.05594	0.267105	0.267105	0.125293
4.06593	0.255528	0.255528	0.119862
4.07592	0.243072	0.243072	0.11402
4.08591	0.229782	0.229782	0.107786
4.0959	0.215706	0.215706	0.101183
4.10589	0.200893	0.200893	0.0942345
4.11588	0.185396	0.185396	0.0869651
4.12587	0.169269	0.169269	0.0794002
4.13586	0.152568	0.152568	0.0715661
4.14585	0.135351	0.135351	0.0634901
4.15584	0.117677	0.117677	0.0551998
4.16583	0.0996076	0.0996076	0.0467238
4.17582	0.0812036	0.0812036	0.0380909
4.18581	0.0625277	0.0625277	0.0293304
4.1958	0.043643	0.043643	0.020472
4.20579	0.0246128	0.0246128	0.0115453
4.21578	0.00550071	0.00550071	0.00258026
4.22577	-0.0136296	-0.0136296	-0.00639335
4.23576	-0.0327149	-0.0327149	-0.0153458
4.24575	-0.0516923	-0.0516923	-0.0242477
4.25574	-0.0704996	-0.0704996	-0.0330698
4.26573	-0.0890757	-0.0890757	-0.0417834
4.27572	-0.10736	-0.10736	-0.0503603
4.28571	-0.125294	-0.125294	-0.0587728
4.2957	-0.142821	-0.142821	-0.066994
4.30569	-0.159883	-0.159883	-0.0749976
4.31568	-0.176428	-0.176428	-0.0827584
4.32567	-0.192403	-0.192403	-0.0902518
4.33566	-0.207758	-0.207758	-0.0974545
4.34565	-0.222445	-0.222445	-0.104344
4.35564	-0.23642	-0.23642	-0.110899
4.36563	-0.249639	-0.249639	-0.1171
4.37562	-0.262063	-0.262063	-0.122928
4.38561	-0.273654	-0.273654	-0.128365
4.3956	-0.284378	-0.284378	-0.133395
4.40559	-0.294203	-0.294203	-0.138004
4.41558	-0.3031	-0.3031	-0.142178
4.42557	-0.311045	-0.311045	-0.145905
4.43556	-0.318015	-0.318015	-0.149174
4.44555	-0.323992	-0.323992	-0.151977
4.45554	-0.328958	-0.328958	-0.154307
4.46553	-0.332902	-0.332902	-0.156157
4.47552	-0.335815	-0.335815	-0.157523
4.48551	-0.33769	-0.33769	-0.158403
4.4955	-0.338524	-0.338524	-0.158794
4.50549	-0.338319	-0.338319	-0.158698
4.51548	-0.337077	-0.337077	-0.158115
4.52547	-0.334806	-0.334806	-0.15705
4.53546	-0.331515	-0.331515	-0.155506
4.54545	-0.327218	-0.327218	-0.153491
4.55544	-0.32193	-0.32193	-0.15101
4.56543	-0.315671	-0.315671	-0.148074
4.57542	-0.308462	-0.308462	-0.144693
4.58541	-0.300327	-0.300327	-0.140877
4.5954	-0.291295	-0.291295	-0.13664
4.60539	-0.281394	-0.281394	-0.131996
4.61538	-0.270656	-0.270656	-0.126959
4.62537	-0.259117	-0.259117	-0.121546
4.63536	-0.246812	-0.246812	-0.115774
4.64535	-0.23378	-0.23378	-0.109661
4.65534	-0.220062	-0.220062	-0.103226
4.66533	-0.205701	-0.205701	-0.0964897
4.67532	-0.190739	-0.190739	-0.0894714
4.68531	-0.175222	-0.175222	-0.0821929
4.6953	-0.159198	-0.159198	-0.0746763
4.70529	-0.142714	-0.142714	-0.0669439
4.71528	-0.125818	-0.125818	-0.0590187
4.72527	-0.108562	-0.108562	-0.0509241
4.73526	-0.0909952	-0.0909952	-0.0426838
4.74525	-0.0731687	-0.0731687	-0.0343219
4.75524	-0.0551344	-0.0551344	-0.0258623
4.76523	-0.0369438	-0.0369438	-0.0173295
4.77522	-0.0186489	-0.0186489	-0.00874779
4.78521	-0.000301502	-0.000301502	-0.000141428
4.7952	0.0180468	0.0180468	0.00846534
4.80519	0.0363446	0.0363446	0.0170485
4.81518	0.0545413	0.0545413	0.0255841
4.82517	0.0725867	0.0725867	0.0340488
4.83516	0.0904313	0.0904313	0.0424193
4.84515	0.108027	0.108027	0.050673
4.85514	0.125326	0.125326	0.0587875
4.86513	0.142281	0.142281	0.0667411
4.87512	0.158849	0.158849	0.0745128
4.88511	0.174986	0.174986	0.082082
4.8951	0.190648	0.190648	0.0894289
4.90509	0.205797	0.205797	0.0965347
4.91508	0.220392	0.220392	0.103381
4.92507	0.234397	0.234397	0.10995
4.93506	0.247776	0.247776	0.116226
4.94505	0.260497	0.260497	0.122193
4.95504	0.272528	0.272528	0.127837
4.96503	0.283839	0.283839	0.133143
4.97502	0.294405	0.294405	0.138099
4.98501	0.3042	0.3042	0.142693
4.995	0.3132	0.3132	0.146915
5.00499	0.321387	0.321387	0.150756
5.01498	0.328742	0.328742	0.154206
5.02497	0.335249	0.335249	0.157258
5.03496	0.340894	0.340894	0.159906
5.04495	0.345667	0.345667	0.162145
5.05494	0.349559	0.349559	0.163971
5.06493	0.352564	0.352564	0.16538
5.07492	0.354676	0.354676	0.166371
5.08491	0.355896	0.355896	0.166943
5.0949	0.356222	0.356222	0.167096
5.10489	0.355659	0.355659	0.166832
5.11488	0.35421	0.35421	0.166152
5.12487	0.351884	0.351884	0.165061
5.13486	0.348689	0.348689	0.163563
5.14485	0.344637	0.344637	0.161662
5.15484	0.339742	0.339742	0.159366
5.16483	0.334019	0.334019	0.156681
5.17482	0.327484	0.327484	0.153616
5.18481	0.320159	0.320159	0.15018
5.1948	0.312063	0.312063	0.146382
5.20479	0.303219	0.303219	0.142234
5.21478	0.293652	0.293652	0.137746
5.22477	0.283387	0.283387	0.132931
5.23476	0.272453	0.272453	0.127802
5.24475	0.260876	0.260876	0.122371
5.25474	0.248688	0.248688	0.116654
5.26473	0.23592	0.23592	0.110665
5.27472	0.222604	0.222604	0.104419
5.28471	0.208773	0.208773	0.0979307
5.2947	0.194461	0.194461	0.0912173
5.30469	0.179703	0.179703	0.084295
5.31468	0.164536	0.164536	0.0771803
5.32467	0.148995	0.148995	0.0698904
5.33466	0.133118	0.133118	0.0624426
5.34465	0.116941	0.116941	0.0548543
5.35464	0.100502	0.100502	0.0471432
5.36463	0.083839	0.083839	0.039327
5.37462	0.0669903	0.0669903	0.0314237
5.38461	0.0499937	0.0499937	0.023451
5.3946	0.0328874	0.0328874	0.0154268
5.40459	0.0157092	0.0157092	0.00736884
5.41458	-0.00150321	-0.00150321	-0.000705123
5.42457	-0.0187124	-0.0187124	-0.00877758
5.43456	-0.0358813	-0.0358813	-0.0168311
5.44455	-0.0529734	-0.0529734	-0.0248487
5.45454	-0.0699527	-0.0699527	-0.0328133
5.46453	-0.0867837	-0.0867837	-0.0407083
5.47452	-0.103432	-0.103432	-0.0485175
5.48451	-0.119863	-0.119863	-0.0562249
5.4945	-0.136043	-0.136043	-0.063815
5.50449	-0.151942	-0.151942	-0.0712726
5.51448	-0.167526	-0.167526	-0.0785829
5.52447	-0.182767	-0.182767	-0.0857319
5.53446	-0.197634	-0.197634	-0.0927056
5.54445	-0.212099	-0.212099	-0.099491
5.55444	-0.226135	-0.226135	-0.106075
5.56443	-0.239717	-0.239717	-0.112446
5.57442	-0.25282	-0.25282	-0.118592
5.58441	-0.26542	-0.26542	-0.124503
5.5944	-0.277496	-0.277496	-0.130167
5.60439	-0.289025	-0.289025	-0.135575
5.61438	-0.29999	-0.29999	-0.140719
5.62437	-0.310372	-0.310372	-0.145589
5.63436	-0.320154	-0.320154	-0.150177
5.64435	-0.329321	-0.329321	-0.154477
5.65434	-0.337859	-0.337859	-0.158482
5.66433	-0.345756	-0.345756	-0.162187
5.67432	-0.353	-0.353	-0.165585
5.68431	-0.359582	-0.359582	-0.168672
5.6943	-0.365493	-0.365493	-0.171445
5.70429	-0.370727	-0.370727	-0.1739
5.71428	-0.375278	-0.375278	-0.176035
5.72427	-0.379142	-0.379142	-0.177847
5.73426	-0.382316	-0.382316	-0.179336
5.74425	-0.384799	-0.384799	-0.180501
5.75424	-0.386591	-0.386591	-0.181342
5.76423	-0.387693	-0.387693	-0.181858
5.77422	-0.388107	-0.388107	-0.182053
5.78421	-0.387838	-0.387838	-0.181926
5.7942	-0.386889	-0.386889	-0.181481
5.80419	-0.385268	-0.385268	-0.180721
5.81418	-0.382981	-0.382981	-0.179648
5.82417	-0.380037	-0.380037	-0.178267
5.83416	-0.376446	-0.376446	-0.176582
5.84415	-0.372217	-0.372217	-0.174599
5.85414	-0.367363	-0.367363	-0.172322
5.86413	-0.361895	-0.361895	-0.169757
5.87412	-0.355828	-0.355828	-0.166911
5.88411	-0.349174	-0.349174	-0.16379
5.8941	-0.341951	-0.341951	-0.160402
5.90409	-0.334172	-0.334172	-0.156753
5.91408	-0.325855	-0.325855	-0.152852
5.92407	-0.317018	-0.317018	-0.148706
5.93406	-0.307677	-0.307677	-0.144324
5.94405	-0.297851	-0.297851	-0.139715
5.95404	-0.28756	-0.28756	-0.134888
5.96403	-0.276822	-0.276822	-0.129851
5.97402	-0.265658	-0.265658	-0.124615
5.98401	-0.254089	-0.254089	-0.119187
5.994	-0.242134	-0.242134	-0.11358
6.00399	-0.229815	-0.229815	-0.107801
6.01398	-0.217153	-0.217153	-0.101862
6.02397	-0.20417	-0.20417	-0.0957715
6.03396	-0.190887	-0.190887	-0.0895407
6.04395	-0.177326	-0.177326	-0.0831796
6.05394	-0.163509	-0.163509	-0.0766983
6.06393	-0.149457	-0.149457	-0.0701072
6.07392	-0.135194	-0.135194	-0.0634165
6.08391	-0.12074	-0.12074	-0.0566365
6.0939	-0.106118	-0.106118	-0.0497775
6.10389	-0.0913486	-0.0913486	-0.0428496
6.11388	-0.0764542	-0.0764542	-0.035863
6.12387	-0.0614558	-0.0614558	-0.0288276
6.13386	-0.0463746	-0.0463746	-0.0217533
6.14385	-0.0312315	-0.0312315	-0.01465
6.15384	-0.016047	-0.016047	-0.00752731
6.16383	-0.000841527	-0.000841527	-0.000394742
6.17382	0.0143651	0.0143651	0.00673836
6.18381	0.0295533	0.0295533	0.0138628
6.1938	0.0447039	0.0447039	0.0209696
6.20379	0.0597981	0.0597981	0.02805
6.21378	0.0748178	0.0748178	0.0350954
6.22377	0.0897449	0.0897449	0.0420974
6.23376	0.104562	0.104562	0.0490479
6.24375	0.119253	0.119253	0.055939
6.25374	0.133801	0.133801	0.062763
6.26373	0.14819	0.14819	0.0695126
6.27372	0.162405	0.162405	0.0761806
6.28371	0.176431	0.176431	0.0827601
6.2937	0.190255	0.190255	0.0892446
6.30369	0.203863	0.203863	0.0956276
6.31368	0.217241	0.217241	0.101903
6.32367	0.230379	0.230379	0.108066
6.33366	0.243263	0.243263	0.114109
6.34365	0.255882	0.255882	0.120029
6.35364	0.268228	0.268228	0.12582
6.36363	0.280288	0.280288	0.131477
6.37362	0.292055	0.292055	0.136997
6.38361	0.30352	0.30352	0.142374
6.3936	0.314674	0.314674	0.147607
6.40359	0.32551	0.32551	0.15269
6.41358	0.336022	0.336022	0.15762
6.42357	0.346203	0.346203	0.162396
6.43356	0.356047	0.356047	0.167014
6.44355	0.36555	0.36555	0.171472
6.45354	0.374708	0.374708	0.175767
6.46353	0.383516	0.383516	0.179899
6.47352	0.39197	0.39197	0.183865
6.48351	0.40007	0.40007	0.187664
6.4935	0.407811	0.407811	0.191295
6.50349	0.415193	0.415193	0.194758
6.51348	0.422214	0.422214	0.198051
6.52347	0.428874	0.428874	0.201175
6.53346	0.435173	0.435173	0.20413
6.54345	0.44111	0.44111	0.206915
6.55344	0.446688	0.446688	0.209532
6.56343	0.451906	0.451906	0.211979
6.57342	0.456768	0.456768	0.21426
6.58341	0.461274	0.461274	0.216374
6.5934	0.465428	0.465428	0.218322
6.60339	0.469232	0.469232	0.220107
6.61338	0.47269	0.47269	0.221729
6.62337	0.475806	0.475806	0.22319
6.63336	0.478583	0.478583	0.224493
6.64335	0.481025	0.481025	0.225638
6.65334	0.483138	0.483138	0.22663
6.66333	0.484927	0.484927	0.227469
6.67332	0.486396	0.486396	0.228158
6.68331	0.487552	0.487552	0.2287
6.6933	0.488399	0.488399	0.229097
6.70329	0.488944	0.488944	0.229353
6.71328	0.489193	0.489193	0.22947
6.72327	0.489153	0.489153	0.229451
6.73326	0.488829	0.488829	0.229299
6.74325	0.48823	0.48823	0.229018
6.75324	0.487361	0.487361	0.22861
6.76323	0.48623	0.48623	0.22808
6.77322	0.484843	0.484843	0.227429
6.78321	0.483209	0.483209	0.226663
6.7932	0.481334	0.481334	0.225783
6.80319	0.479226	0.479226	0.224795
6.81318	0.476893	0.476893	0.2237
6.82317	0.474342	0.474342	0.222503
6.83316	0.47158	0.47158	0.221208
6.84315	0.468616	0.468616	0.219817
6.85314	0.465456	0.465456	0.218335
6.86313	0.46211	0.46211	0.216766
6.87312	0.458583	0.458583	0.215111
6.88311	0.454885	0.454885	0.213376
6.8931	0.451022	0.451022	0.211564
6.90309	0.447002	0.447002	0.209679
6.91308	0.442833	0.442833	0.207723
6.92307	0.438522	0.438522	0.205701
6.93306	0.434076	0.434076	0.203616
6.94305	0.429504	0.429504	0.201471
6.95304	0.424812	0.424812	0.19927
6.96303	0.420007	0.420007	0.197016
6.97302	0.415097	0.415097	0.194713
6.98301	0.410089	0.410089	0.192364
6.993	0.404989	0.404989	0.189971
7.00299	0.399804	0.399804	0.187539
7.01298	0.394541	0.394541	0.185071
7.02297	0.389206	0.389206	0.182568
7.03296	0.383807	0.383807	0.180035
7.04295	0.378348	0.378348	0.177475
7.05294	0.372837	0.372837	0.17489
7.06293	0.367279	0.367279	0.172283
7.07292	0.36168	0.36168	0.169656
7.08291	0.356046	0.356046	0.167013
7.0929	0.350383	0.350383	0.164357
7.10289	0.344695	0.344695	0.161689
7.11288	0.338988	0.338988	0.159012
7.12287	0.333268	0.333268	0.156329
7.13286	0.327539	0.327539	0.153641
7.14285	0.321806	0.321806	0.150952
7.15284	0.316073	0.316073	0.148263
7.16283	0.310346	0.310346	0.145577
7.17282	0.304628	0.304628	0.142894
7.18281	0.298924	0.298924	0.140219
7.1928	0.293238	0.293238	0.137551
7.20279	0.287573	0.287573	0.134894
7.21278	0.281933	0.281933	0.132249
7.22277	0.276323	0.276323	0.129617
7.23276	0.270744	0.270744	0.127
7.24275	0.265201	0.265201	0.1244
7.25274	0.259697	0.259697	0.121818
7.26273	0.254234	0.254234	0.119255
7.27272	0.248815	0.248815	0.116714
7.28271	0.243443	0.243443	0.114194
7.2927	0.238121	0.238121	0.111698
7.30269	0.232851	0.232851	0.109225
7.31268	0.227635	0.227635	0.106779
7.32267	0.222475	0.222475	0.104358
7.33266	0.217374	0.217374	0.101965
7.34265	0.212332	0.212332	0.0996004
7.35264	0.207352	0.207352	0.0972645
7.36263	0.202436	0.202436	0.0949583
7.37262	0.197584	0.197584	0.0926826
7.38261	0.192799	0.192799	0.0904378
7.3926	0.188081	0.188081	0.0882247
7.40259	0.183432	0.183432	0.0860438
7.41258	0.178852	0.178852	0.0838954
7.42257	0.174342	0.174342	0.0817801
7.43256	0.169904	0.169904	0.0796982
7.44255	0.165538	0.165538	0.0776501
7.45254	0.161244	0.161244	0.075636
7.46253	0.157023	0.157023	0.0736562
7.47252	0.152876	0.152876	0.0717108
7.48251	0.148803	0.148803	0.0698001
7.4925	0.144803	0.144803	0.0679241
7.50249	0.140878	0.140878	0.066083
7.51248	0.137028	0.137028	0.0642767
7.52247	0.133251	0.133251	0.0625053
7.53246	0.129549	0.129549	0.0607688
7.54245	0.125922	0.125922	0.059067
7.55244	0.122368	0.122368	0.0574
7.56243	0.118888	0.118888	0.0557676
7.57242	0.115481	0.115481	0.0541696
7.58241	0.112148	0.112148	0.052606
7.5924	0.108887	0.108887	0.0510764
7.60239	0.105698	0.105698	0.0495807
7.61238	0.102581	0.102581	0.0481186
7.62237	0.0995354	0.0995354	0.0466899
7.63236	0.0965601	0.0965601	0.0452942
7.64235	0.0936548	0.0936548	0.0439314
7.65234	0.0908186	0.0908186	0.042601
7.66233	0.088051	0.088051	0.0413028
7.67232	0.0853512	0.0853512	0.0400364
7.68231	0.0827183	0.0827183	0.0388013
7.6923	0.0801516	0.0801516	0.0375974
7.70229	0.0776503	0.0776503	0.0364241
7.71228	0.0752136	0.0752136	0.035281
7.72227	0.0728404	0.0728404	0.0341679
7.73226	0.0705301	0.0705301	0.0330841
7.74225	0.0682816	0.0682816	0.0320294
7.75224	0.066094	0.066094	0.0310033
7.76223	0.0639665	0.0639665	0.0300053
7.77222	0.061898	0.061898	0.029035
7.78221	0.0598877	0.0598877	0.028092
7.7922	0.0579345	0.0579345	0.0271758
7.80219	0.0560375	0.0560375	0.0262859
7.81218	0.0541957	0.0541957	0.025422
7.82217	0.0524082	0.0524082	0.0245835
7.83216	0.0506739	0.0506739	0.02377
7.84215	0.048992	0.048992	0.0229811
7.85214	0.0473614	0.0473614	0.0222162
7.86213	0.0457812	0.0457812	0.0214749
7.87212	0.0442504	0.0442504	0.0207569
7.88211	0.042768	0.042768	0.0200615
7.8921	0.0413331	0.0413331	0.0193885
7.90209	0.0399448	0.0399448	0.0187373
7.91208	0.0386022	0.0386022	0.0181074
7.92207	0.0373042	0.0373042	0.0174986
7.93206	0.03605	0.03605	0.0169103
7.94205	0.0348386	0.0348386	0.016342
7.95204	0.0336693	0.0336693	0.0157935
7.96203	0.0325411	0.0325411	0.0152643
7.97202	0.0314531	0.0314531	0.014754
7.98201	0.0304046	0.0304046	0.0142621
7.992	0.0293946	0.0293946	0.0137884
8.00199	0.0284224	0.0284224	0.0133323
8.01198	0.0274872	0.0274872	0.0128936
8.02197	0.0265881	0.0265881	0.0124719
8.03196	0.0257245	0.0257245	0.0120668
8.04195	0.0248956	0.0248956	0.011678
8.05194	0.0241006	0.0241006	0.0113051
8.06193	0.023339	0.023339	0.0109478
8.07192	0.0226099	0.0226099	0.0106058
8.08191	0.0219128	0.0219128	0.0102788
8.0919	0.021247	0.021247	0.00996649
8.10189	0.0206119	0.0206119	0.00966858
8.11188	0.0200069	0.0200069	0.00938479
8.12187	0.0194315	0.0194315	0.00911487
8.13186	0.0188851	0.0188851	0.00885857
8.14185	0.0183672	0.0183672	0.00861564
8.15184	0.0178773	0.0178773	0.00838586
8.16183	0.017415	0.017415	0.00816902
8.17182	0.0169799	0.0169799	0.0079649
8.18181	0.0165715	0.0165715	0.00777333
8.1918	0.0161895	0.0161895	0.00759413
8.20179	0.0158335	0.0158335	0.00742714
8.21178	0.0155032	0.0155032	0.00727221
8.22177	0.0151983	0.0151983	0.00712921
8.23176	0.0149187	0.0149187	0.00699802
8.24175	0.0146639	0.0146639	0.00687854
8.25174	0.014434	0.014434	0.00677068
8.26173	0.0142287	0.0142287	0.00667437
8.27172	0.0140479	0.0140479	0.00658955
8.28171	0.0138915	0.0138915	0.0065162
8.2917	0.0137595	0.0137595	0.00645428
8.30169	0.0136519	0.0136519	0.0064038
8.31168	0.0135687	0.0135687	0.00636477
8.32167	0.01351	0.01351	0.00633724
8.33166	0.0134759	0.0134759	0.00632125
8.34165	0.0134666	0	0.00631687
8.35164	0.0134822	0	0.00632422
8.36163	0.0135231	0	0.0063434
8.37162	0.0135896	0	0.00637456
8.38161	0.0136819	0	0.00641787
8.3916	0.0138005	0	0.0064735
8.40159	0.0139458	0	0.00654169
8.41158	0.0141185	0	0.00662267
8.42157	0.0143189	0	0.0067167
8.43156	0.0145479	0	0.0068241
8.44155	0.014806	0	0.00694517
8.45154	0.0150941	0	0.0070803
8.46153	0.0154129	0	0.00722986
8.47152	0.0157635	0	0.00739429
8.48151	0.0161467	0	0.00757405
8.4915	0.0165636	0	0.00776964
8.50149	0.0170155	0	0.0079816
8.51148	0.0175035	0	0.0082105
8.52147	0.018029	0	0.00845699
8.53146	0.0185933	0	0.00872172
8.54145	0.0191981	0	0.00900542
8.55144	0.019845	0	0.00930886
8.56143	0.0205357	0	0.00963287
8.57142	0.0212722	0	0.00997831
8.58141	0.0220563	0	0.0103461
8.5914	0.0228903	0	0.0107373
8.60139	0.0237764	0	0.011153
8.61138	0.0247171	0	0.0115943
8.62137	0.0257149	0	0.0120623
8.63136	0.0267726	0	0.0125585
8.64135	0.0278931	0	0.0130841
8.65134	0.0290795	0	0.0136406
8.66133	0.0303352	0	0.0142296
8.67132	0.0316636	0	0.0148527
8.68131	0.0330684	0	0.0155117
8.6913	0.0345537	0	0.0162084
8.70129	0.0361236	0	0.0169448
8.71128	0.0377827	0	0.017723
8.72127	0.0395356	0	0.0185453
8.73126	0.0413874	0	0.0194139
8.74125	0.0433435	0	0.0203315
8.75124	0.0454095	0	0.0213006
8.76123	0.0475916	0	0.0223242
8.77122	0.0498959	0	0.0234051
8.78121	0.0523295	0	0.0245466
8.7912	0.0548995	0	0.0257522
8.80119	0.0576135	0	0.0270252
8.81118	0.0604798	0	0.0283697
8.82117	0.0635068	0	0.0297897
8.83116	0.0667038	0	0.0312893
8.84115	0.0700806	0	0.0328733
8.85114	0.0736474	0	0.0345464
8.86113	0.0774153	0	0.0363138
8.87112	0.0813958	0	0.038181
8.88111	0.0856014	0	0.0401538
8.8911	0.0900453	0	0.0422383
8.90109	0.0947412	0	0.044441
8.91108	0.0997042	0	0.0467691
8.92107	0.10495	0	0.0492297
8.93106	0.110495	0	0.0518309
8.94105	0.116358	0	0.0545808
8.95104	0.122556	0	0.0574885
8.96103	0.129111	0	0.0605634
8.97102	0.136044	0	0.0638153
8.98101	0.143377	0	0.0672551
8.991	0.151135	0	0.070894
9.00099	0.159343	0	0.0747441
9.01098	0.168028	0	0.0788182
9.02097	0.17722	0	0.0831299
9.03096	0.186949	0	0.0876937
9.04095	0.197249	0	0.092525
9.05094	0.208154	0	0.0976403
9.06093	0.219701	0	0.103057
9.07092	0.231931	0	0.108794
9.08091	0.244885	0	0.11487
9.0909	0.258608	0	0.121307
9.10089	0.273148	0	0.128128
9.11088	0.288556	0	0.135355
9.12087	0.304886	0	0.143015
9.13086	0.322196	0	0.151135
9.14085	0.340547	0	0.159743
9.15084	0.360005	0	0.168871
9.16083	0.38064	0	0.17855
9.17082	0.402526	0	0.188816
9.18081	0.425742	0	0.199706
9.1908	0.450373	0	0.21126
9.20079	0.476508	0	0.22352
9.21078	0.504245	0	0.23653
9.22077	0.533686	0	0.25034
9.23076	0.564939	0	0.265
9.24075	0.598121	0	0.280566
9.25074	0.633357	0	0.297094
9.26073	0.670779	0	0.314648
9.27072	0.71053	0	0.333294
9.28071	0.752759	0	0.353103
9.2907	0.797628	0	0.37415
9.30069	0.84531	0	0.396517
9.31068	0.895988	0	0.420289
9.32067	0.949859	0	0.445558
9.33066	1.00713	0	0.472423
9.34065	1.06803	0	0.50099
9.35064	1.13279	0	0.531369
9.36063	1.20168	0	0.563681
9.37062	1.27496	0	0.598054
9.38061	1.35292	0	0.634624
9.3906	1.43588	0	0.673539
9.40059	1.52417	0	0.714954
9.41058	1.61815	0	0.759037
9.42057	1.71819	0	0.805966
9.43056	1.82471	0	0.855933
9.44055	1.93814	0	0.909141
9.45054	2.05895	0	0.965809
9.46053	2.18764	0	1.02617
9.47052	2.32473	0	1.09048
9.48051	2.4708	0	1.159
9.4905	2.62647	0	1.23202
9.50049	2.79238	0	1.30984
9.51048	2.96923	0	1.3928
9.52047	3.15778	0	1.48125
9.53046	3.35883	0	1.57555
9.54045	3.57323	0	1.67612
9.55044	3.80191	0	1.78339
9.56043	4.04585	0	1.89782
9.57042	4.30612	0	2.01991
9.58041	4.58383	0	2.15018
9.5904	4.88021	0	2.2892
9.60039	5.19656	0	2.43759
9.61038	5.53426	0	2.596
9.62037	5.89482	0	2.76513
9.63036	6.27983	0	2.94573
9.64035	6.69102	0	3.13861
9.65034	7.13022	0	3.34463
9.66033	7.59941	0	3.56472
9.67032	8.10072	0	3.79987
9.68031	8.63641	0	4.05115
9.6903	9.20892	0	4.3197
9.70029	9.82088	0	4.60676
9.71028	10.4751	0	4.91364
9.72027	11.1746	0	5.24176
9.73026	11.9226	0	5.59263
9.74025	12.7226	0	5.9679
9.75024	13.5783	0	6.3693
9.76023	14.4938	0	6.79873
9.77022	15.4733	0	7.25821
9.78021	16.5215	0	7.7499
9.7902	17.6434	0	8.27614
9.80019	18.8443	0	8.83944
9.81018	20.1299	0	9.4425
9.82017	21.5064	0	10.0882
9.83016	22.9806	0	10.7797
9.84015	24.5594	0	11.5203
9.85014	26.2506	0	12.3136
9.86013	28.0624	0	13.1634
9.87012	30.0037	0	14.0741
9.88011	32.0841	0	15.0499
9.8901	34.3138	0	16.0959
9.90009	36.7039	0	17.217
9.91008	39.2663	0	18.419
9.92007	42.0138	0	19.7078
9.93006	44.9601	0	21.0898
9.94005	48.1202	0	22.5721
9.95004	51.51	0	24.1622
9.96003	55.1466	0	25.8681
9.97002	59.0486	0	27.6984
9.98001	63.236	0	29.6626
9.99	67.7303	0	31.7708
