0	0.531339	0.531339	1
0.00999	0.531207	0.531207	0.999751
0.01998	0.530809	0.530809	0.999003
0.02997	0.530147	0.530147	0.997756
0.03996	0.52922	0.52922	0.996011
0.04995	0.528029	0.528029	0.99377
0.05994	0.526574	0.526574	0.991033
0.06993	0.524857	0.524857	0.987801
0.07992	0.522879	0.522879	0.984077
0.08991	0.52064	0.52064	0.979863
0.0999	0.518141	0.518141	0.97516
0.10989	0.515384	0.515384	0.969972
0.11988	0.512371	0.512371	0.964301
0.12987	0.509103	0.509103	0.95815
0.13986	0.505581	0.505581	0.951522
0.14985	0.501808	0.501808	0.944422
0.15984	0.497786	0.497786	0.936852
0.16983	0.493517	0.493517	0.928817
0.17982	0.489003	0.489003	0.920321
0.18981	0.484246	0.484246	0.911369
0.1998	0.47925	0.47925	0.901965
0.20979	0.474016	0.474016	0.892115
0.21978	0.468547	0.468547	0.881824
0.22977	0.462848	0.462848	0.871096
0.23976	0.456919	0.456919	0.859939
0.24975	0.450765	0.450765	0.848357
0.25974	0.444389	0.444389	0.836357
0.26973	0.437795	0.437795	0.823946
0.27972	0.430985	0.430985	0.811129
0.28971	0.423963	0.423963	0.797914
0.2997	0.416733	0.416733	0.784307
0.30969	0.409299	0.409299	0.770316
0.31968	0.401665	0.401665	0.755948
0.32967	0.393834	0.393834	0.74121
0.33966	0.385811	0.385811	0.72611
0.34965	0.3776	0.3776	0.710656
0.35964	0.369205	0.369205	0.694857
0.36963	0.36063	0.36063	0.678719
0.37962	0.351881	0.351881	0.662252
0.38961	0.342961	0.342961	0.645465
0.3996	0.333875	0.333875	0.628364
0.40959	0.324627	0.324627	0.610961
0.41958	0.315223	0.315223	0.593262
0.42957	0.305668	0.305668	0.575278
0.43956	0.295965	0.295965	0.557017
0.44955	0.286121	0.286121	0.538489
0.45954	0.276139	0.276139	0.519704
0.46953	0.266025	0.266025	0.500669
0.47952	0.255785	0.255785	0.481396
0.48951	0.245422	0.245422	0.461894
0.4995	0.234944	0.234944	0.442172
0.50949	0.224353	0.224353	0.422241
0.51948	0.213657	0.213657	0.40211
0.52947	0.202859	0.202859	0.381789
0.53946	0.191966	0.191966	0.361288
0.54945	0.180983	0.180983	0.340617
0.55944	0.169915	0.169915	0.319787
0.56943	0.158768	0.158768	0.298807
0.57942	0.147546	0.147546	0.277687
0.58941	0.136256	0.136256	0.256439
0.5994	0.124902	0.124902	0.235071
0.60939	0.113491	0.113491	0.213594
0.61938	0.102027	0.102027	0.192019
0.62937	0.0905162	0.0905162	0.170355
0.63936	0.0789637	0.0789637	0.148613
0.64935	0.067375	0.067375	0.126802
0.65934	0.0557556	0.0557556	0.104934
0.66933	0.0441107	0.0441107	0.083018
0.67932	0.0324458	0.0324458	0.0610642
0.68931	0.0207662	0.0207662	0.0390828
0.6993	0.00907721	0.00907721	0.0170836
0.70929	-0.00261587	-0.00261587	-0.00492317
0.71928	-0.0143078	-0.0143078	-0.0269278
0.72927	-0.0259933	-0.0259933	-0.0489203
0.73926	-0.0376672	-0.0376672	-0.0708911
0.74925	-0.0493244	-0.0493244	-0.0928303
0.75924	-0.0609597	-0.0609597	-0.114728
0.76923	-0.0725681	-0.0725681	-0.136576
0.77922	-0.0841446	-0.0841446	-0.158363
0.78921	-0.0956842	-0.0956842	-0.180081
0.7992	-0.107182	-0.107182	-0.201721
0.80919	-0.118633	-0.118633	-0.223272
0.81918	-0.130033	-0.130033	-0.244727
0.82917	-0.141376	-0.141376	-0.266076
0.83916	-0.152659	-0.152659	-0.28731
0.84915	-0.163876	-0.163876	-0.308421
0.85914	-0.175023	-0.175023	-0.329401
0.86913	-0.186096	-0.186096	-0.35024
0.87912	-0.19709	-0.19709	-0.370931
0.88911	-0.208001	-0.208001	-0.391465
0.8991	-0.218824	-0.218824	-0.411835
0.90909	-0.229556	-0.229556	-0.432033
0.91908	-0.240192	-0.240192	-0.452051
0.92907	-0.250729	-0.250729	-0.471881
0.93906	-0.261162	-0.261162	-0.491516
0.94905	-0.271488	-0.271488	-0.51095
0.95904	-0.281702	-0.281702	-0.530174
0.96903	-0.291802	-0.291802	-0.549182
0.97902	-0.301784	-0.301784	-0.567968
0.98901	-0.311644	-0.311644	-0.586525
0.999	-0.321378	-0.321378	-0.604846
1.00899	-0.330985	-0.330985	-0.622926
1.01898	-0.34046	-0.34046	-0.640758
1.02897	-0.3498	-0.3498	-0.658336
1.03896	-0.359003	-0.359003	-0.675656
1.04895	-0.368065	-0.368065	-0.692711
1.05894	-0.376984	-0.376984	-0.709497
1.06893	-0.385756	-0.385756	-0.726008
1.07892	-0.394381	-0.394381	-0.742239
1.08891	-0.402854	-0.402854	-0.758187
1.0989	-0.411174	-0.411174	-0.773845
1.10889	-0.419339	-0.419339	-0.789211
1.11888	-0.427345	-0.427345	-0.804279
1.12887	-0.435192	-0.435192	-0.819047
1.13886	-0.442877	-0.442877	-0.83351
1.14885	-0.450398	-0.450398	-0.847665
1.15884	-0.457753	-0.457753	-0.861509
1.16883	-0.464942	-0.464942	-0.875038
1.17882	-0.471962	-0.471962	-0.88825
1.18881	-0.478812	-0.478812	-0.901142
1.1988	-0.48549	-0.48549	-0.913711
1.20879	-0.491996	-0.491996	-0.925955
1.21878	-0.498328	-0.498328	-0.937872
1.22877	-0.504485	-0.504485	-0.94946
1.23876	-0.510467	-0.510467	-0.960717
1.24875	-0.516272	-0.516272	-0.971642
1.25874	-0.521899	-0.521899	-0.982233
1.26873	-0.527349	-0.527349	-0.99249
1.27872	-0.53262	-0.53262	-1.00241
1.28871	-0.537712	-0.537712	-1.01199
1.2987	-0.542625	-0.542625	-1.02124
1.30869	-0.547359	-0.547359	-1.03015
1.31868	-0.551913	-0.551913	-1.03872
1.32867	-0.556287	-0.556287	-1.04695
1.33866	-0.560481	-0.560481	-1.05485
1.34865	-0.564497	-0.564497	-1.0624
1.35864	-0.568333	-0.568333	-1.06962
1.36863	-0.57199	-0.57199	-1.07651
1.37862	-0.575468	-0.575468	-1.08305
1.38861	-0.578768	-0.578768	-1.08926
1.3986	-0.581891	-0.581891	-1.09514
1.40859	-0.584838	-0.584838	-1.10069
1.41858	-0.587608	-0.587608	-1.1059
1.42857	-0.590202	-0.590202	-1.11078
1.43856	-0.592623	-0.592623	-1.11534
1.44855	-0.59487	-0.59487	-1.11957
1.45854	-0.596945	-0.596945	-1.12347
1.46853	-0.598849	-0.598849	-1.12706
1.47852	-0.600582	-0.600582	-1.13032
1.48851	-0.602147	-0.602147	-1.13326
1.4985	-0.603545	-0.603545	-1.13589
1.50849	-0.604776	-0.604776	-1.13821
1.51848	-0.605844	-0.605844	-1.14022
1.52847	-0.606748	-0.606748	-1.14192
1.53846	-0.607491	-0.607491	-1.14332
1.54845	-0.608074	-0.608074	-1.14442
1.55844	-0.608499	-0.608499	-1.14522
1.56843	-0.608768	-0.608768	-1.14572
1.57842	-0.608883	-0.608883	-1.14594
1.58841	-0.608845	-0.608845	-1.14587
1.5984	-0.608657	-0.608657	-1.14551
1.60839	-0.60832	-0.60832	-1.14488
1.61838	-0.607836	-0.607836	-1.14397
1.62837	-0.607208	-0.607208	-1.14279
1.63836	-0.606438	-0.606438	-1.14134
1.64835	-0.605527	-0.605527	-1.13962
1.65834	-0.604479	-0.604479	-1.13765
1.66833	-0.603295	-0.603295	-1.13542
1.67832	-0.601977	-0.601977	-1.13294
1.68831	-0.600528	-0.600528	-1.13022
1.6983	-0.59895	-0.59895	-1.12725
1.70829	-0.597245	-0.597245	-1.12404
1.71828	-0.595417	-0.595417	-1.1206
1.72827	-0.593467	-0.593467	-1.11693
1.73826	-0.591397	-0.591397	-1.11303
1.74825	-0.589211	-0.589211	-1.10892
1.75824	-0.58691	-0.58691	-1.10459
1.76823	-0.584498	-0.584498	-1.10005
1.77822	-0.581976	-0.581976	-1.0953
1.78821	-0.579347	-0.579347	-1.09035
1.7982	-0.576614	-0.576614	-1.08521
1.80819	-0.57378	-0.57378	-1.07987
1.81818	-0.570846	-0.570846	-1.07435
1.82817	-0.567816	-0.567816	-1.06865
1.83816	-0.564692	-0.564692	-1.06277
1.84815	-0.561476	-0.561476	-1.05672
1.85814	-0.558171	-0.558171	-1.0505
1.86813	-0.554781	-0.554781	-1.04412
1.87812	-0.551306	-0.551306	-1.03758
1.88811	-0.547751	-0.547751	-1.03089
1.8981	-0.544117	-0.544117	-1.02405
1.90809	-0.540407	-0.540407	-1.01707
1.91808	-0.536624	-0.536624	-1.00995
1.92807	-0.53277	-0.53277	-1.00269
1.93806	-0.528848	-0.528848	-0.995311
1.94805	-0.52486	-0.52486	-0.987805
1.95804	-0.520809	-0.520809	-0.980181
1.96803	-0.516697	-0.516697	-0.972443
1.97802	-0.512527	-0.512527	-0.964595
1.98801	-0.508301	-0.508301	-0.956642
1.998	-0.504023	-0.504023	-0.948589
2.00799	-0.499693	-0.499693	-0.940441
2.01798	-0.495315	-0.495315	-0.932202
2.02797	-0.490892	-0.490892	-0.923876
2.03796	-0.486424	-0.486424	-0.915469
2.04795	-0.481916	-0.481916	-0.906984
2.05794	-0.477369	-0.477369	-0.898426
2.06793	-0.472785	-0.472785	-0.889799
2.07792	-0.468167	-0.468167	-0.881108
2.08791	-0.463518	-0.463518	-0.872357
2.0979	-0.458838	-0.458838	-0.86355
2.10789	-0.454131	-0.454131	-0.854692
2.11788	-0.449399	-0.449399	-0.845786
2.12787	-0.444644	-0.444644	-0.836836
2.13786	-0.439868	-0.439868	-0.827847
2.14785	-0.435072	-0.435072	-0.818822
2.15784	-0.43026	-0.43026	-0.809766
2.16783	-0.425434	-0.425434	-0.800682
2.17782	-0.420594	-0.420594	-0.791574
2.18781	-0.415744	-0.415744	-0.782445
2.1978	-0.410884	-0.410884	-0.7733
2.20779	-0.406018	-0.406018	-0.764141
2.21778	-0.401147	-0.401147	-0.754973
2.22777	-0.396272	-0.396272	-0.745799
2.23776	-0.391396	-0.391396	-0.736621
2.24775	-0.38652	-0.38652	-0.727445
2.25774	-0.381646	-0.381646	-0.718272
2.26773	-0.376776	-0.376776	-0.709106
2.27772	-0.371911	-0.371911	-0.69995
2.28771	-0.367053	-0.367053	-0.690807
2.2977	-0.362203	-0.362203	-0.68168
2.30769	-0.357364	-0.357364	-0.672572
2.31768	-0.352536	-0.352536	-0.663486
2.32767	-0.347721	-0.347721	-0.654424
2.33766	-0.342921	-0.342921	-0.64539
2.34765	-0.338136	-0.338136	-0.636385
2.35764	-0.333369	-0.333369	-0.627413
2.36763	-0.32862	-0.32862	-0.618476
2.37762	-0.323892	-0.323892	-0.609576
2.38761	-0.319184	-0.319184	-0.600716
2.3976	-0.314498	-0.314498	-0.591898
2.40759	-0.309836	-0.309836	-0.583124
2.41758	-0.305199	-0.305199	-0.574396
2.42757	-0.300587	-0.300587	-0.565717
2.43756	-0.296002	-0.296002	-0.557088
2.44755	-0.291445	-0.291445	-0.548511
2.45754	-0.286917	-0.286917	-0.539988
2.46753	-0.282418	-0.282418	-0.531522
2.47752	-0.27795	-0.27795	-0.523113
2.48751	-0.273514	-0.273514	-0.514764
2.4975	-0.26911	-0.26911	-0.506475
2.50749	-0.264739	-0.264739	-0.498249
2.51748	-0.260402	-0.260402	-0.490087
2.52747	-0.2561	-0.2561	-0.48199
2.53746	-0.251834	-0.251834	-0.473961
2.54745	-0.247603	-0.247603	-0.465999
2.55744	-0.24341	-0.24341	-0.458106
2.56743	-0.239253	-0.239253	-0.450284
2.57742	-0.235135	-0.235135	-0.442533
2.58741	-0.231055	-0.231055	-0.434855
2.5974	-0.227015	-0.227015	-0.42725
2.60739	-0.223014	-0.223014	-0.41972
2.61738	-0.219052	-0.219052	-0.412265
2.62737	-0.215132	-0.215132	-0.404886
2.63736	-0.211252	-0.211252	-0.397584
2.64735	-0.207413	-0.207413	-0.390359
2.65734	-0.203616	-0.203616	-0.383213
2.66733	-0.199861	-0.199861	-0.376145
2.67732	-0.196148	-0.196148	-0.369157
2.68731	-0.192477	-0.192477	-0.362249
2.6973	-0.188849	-0.188849	-0.355421
2.70729	-0.185264	-0.185264	-0.348674
2.71728	-0.181722	-0.181722	-0.342008
2.72727	-0.178223	-0.178223	-0.335423
2.73726	-0.174768	-0.174768	-0.328919
2.74725	-0.171356	-0.171356	-0.322498
2.75724	-0.167987	-0.167987	-0.316158
2.76723	-0.164662	-0.164662	-0.3099
2.77722	-0.161381	-0.161381	-0.303725
2.78721	-0.158144	-0.158144	-0.297632
2.7972	-0.15495	-0.15495	-0.291621
2.80719	-0.151799	-0.151799	-0.285692
2.81718	-0.148693	-0.148693	-0.279845
2.82717	-0.14563	-0.14563	-0.274081
2.83716	-0.14261	-0.14261	-0.268398
2.84715	-0.139634	-0.139634	-0.262797
2.85714	-0.136701	-0.136701	-0.257277
2.86713	-0.133812	-0.133812	-0.251838
2.87712	-0.130965	-0.130965	-0.246481
2.88711	-0.128161	-0.128161	-0.241204
2.8971	-0.1254	-0.1254	-0.236007
2.90709	-0.122681	-0.122681	-0.23089
2.91708	-0.120004	-0.120004	-0.225853
2.92707	-0.11737	-0.11737	-0.220895
2.93706	-0.114777	-0.114777	-0.216015
2.94705	-0.112226	-0.112226	-0.211213
2.95704	-0.109716	-0.109716	-0.20649
2.96703	-0.107247	-0.107247	-0.201843
2.97702	-0.104819	-0.104819	-0.197273
2.98701	-0.102431	-0.102431	-0.192779
2.997	-0.100083	-0.100083	-0.18836
3.00699	-0.0977751	-0.0977751	-0.184016
3.01698	-0.0955065	-0.0955065	-0.179747
3.02697	-0.0932771	-0.0932771	-0.175551
3.03696	-0.0910863	-0.0910863	-0.171428
3.04695	-0.0889339	-0.0889339	-0.167377
3.05694	-0.0868196	-0.0868196	-0.163398
3.06693	-0.0847429	-0.0847429	-0.159489
3.07692	-0.0827034	-0.0827034	-0.155651
3.08691	-0.0807008	-0.0807008	-0.151882
3.0969	-0.0787347	-0.0787347	-0.148182
3.10689	-0.0768046	-0.0768046	-0.144549
3.11688	-0.0749103	-0.0749103	-0.140984
3.12687	-0.0730511	-0.0730511	-0.137485
3.13686	-0.0712268	-0.0712268	-0.134051
3.14685	-0.0694368	-0.0694368	-0.130683
3.15684	-0.0676809	-0.0676809	-0.127378
3.16683	-0.0659584	-0.0659584	-0.124136
3.17682	-0.0642691	-0.0642691	-0.120957
3.18681	-0.0626124	-0.0626124	-0.117839
3.1968	-0.060988	-0.060988	-0.114782
3.20679	-0.0593953	-0.0593953	-0.111784
3.21678	-0.0578339	-0.0578339	-0.108845
3.22677	-0.0563034	-0.0563034	-0.105965
3.23676	-0.0548032	-0.0548032	-0.103142
3.24675	-0.0533331	-0.0533331	-0.100375
3.25674	-0.0518924	-0.0518924	-0.0976634
3.26673	-0.0504807	-0.0504807	-0.0950066
3.27672	-0.0490977	-0.0490977	-0.0924036
3.28671	-0.0477427	-0.0477427	-0.0898535
3.2967	-0.0464154	-0.0464154	-0.0873554
3.30669	-0.0451152	-0.0451152	-0.0849085
3.31668	-0.0438418	-0.0438418	-0.0825118
3.32667	-0.0425946	-0.0425946	-0.0801646
3.33666	-0.0413732	-0.0413732	-0.0778659
3.34665	-0.0401771	-0.0401771	-0.0756148
3.35664	-0.0390059	-0.0390059	-0.0734105
3.36663	-0.0378591	-0.0378591	-0.0712521
3.37662	-0.0367362	-0.0367362	-0.0691388
3.38661	-0.0356367	-0.0356367	-0.0670696
3.3966	-0.0345603	-0.0345603	-0.0650438
3.40659	-0.0335064	-0.0335064	-0.0630603
3.41658	-0.0324746	-0.0324746	-0.0611184
3.42657	-0.0314645	-0.0314645	-0.0592173
3.43656	-0.0304754	-0.0304754	-0.0573559
3.44655	-0.0295072	-0.0295072	-0.0555336
3.45654	-0.0285591	-0.0285591	-0.0537493
3.46653	-0.0276309	-0.0276309	-0.0520023
3.47652	-0.026722	-0.026722	-0.0502917
3.48651	-0.025832	-0.025832	-0.0486167
3.4965	-0.0249604	-0.0249604	-0.0469764
3.50649	-0.0241069	-0.0241069	-0.04537
3.51648	-0.0232709	-0.0232709	-0.0437966
3.52647	-0.022452	-0.022452	-0.0422554
3.53646	-0.0216497	-0.0216497	-0.0407456
3.54645	-0.0208637	-0.0208637	-0.0392662
3.55644	-0.0200934	-0.0200934	-0.0378166
3.56643	-0.0193385	-0.0193385	-0.0363958
3.57642	-0.0185985	-0.0185985	-0.0350031
3.58641	-0.017873	-0.017873	-0.0336376
3.5964	-0.0171614	-0.0171614	-0.0322985
3.60639	-0.0164635	-0.0164635	-0.0309849
3.61638	-0.0157787	-0.0157787	-0.0296961
3.62637	-0.0151066	-0.0151066	-0.0284312
3.63636	-0.0144468	-0.0144468	-0.0271895
3.64635	-0.0137989	-0.0137989	-0.0259701
3.65634	-0.0131624	-0.0131624	-0.0247721
3.66633	-0.0125369	-0.0125369	-0.0235949
3.67632	-0.0119219	-0.0119219	-0.0224375
3.68631	-0.0113171	-0.0113171	-0.0212992
3.6963	-0.010722	-0.010722	-0.0201792
3.70629	-0.0101361	-0.0101361	-0.0190766
3.71628	-0.00955913	-0.00955913	-0.0179906
3.72627	-0.00899051	-0.00899051	-0.0169205
3.73626	-0.00842987	-0.00842987	-0.0158653
3.74625	-0.00787677	-0.00787677	-0.0148244
3.75624	-0.00733077	-0.00733077	-0.0137968
3.76623	-0.00679143	-0.00679143	-0.0127817
3.77622	-0.00625831	-0.00625831	-0.0117784
3.78621	-0.00573098	-0.00573098	-0.0107859
3.7962	-0.00520899	-0.00520899	-0.00980351
3.80619	-0.00469189	-0.00469189	-0.00883031
3.81618	-0.00417923	-0.00417923	-0.00786547
3.82617	-0.00367056	-0.00367056	-0.00690813
3.83616	-0.00316542	-0.00316542	-0.00595743
3.84615	-0.00266335	-0.00266335	-0.00501252
3.85614	-0.00216388	-0.00216388	-0.0040725
3.86613	-0.00166654	-0.00166654	-0.00313649
3.87612	-0.00117085	-0.00117085	-0.00220359
3.88611	-0.00067634	-0.00067634	-0.0012729
3.8961	-0.000182507	-0.000182507	-0.000343484
3.90609	0.000311141	0	0.00058558
3.91608	0.000805109	0	0.00151524
3.92607	0.00129991	0	0.00244647
3.93606	0.00179606	0	0.00338025
3.94605	0.00229409	0	0.00431756
3.95604	0.00279454	0	0.00525943
3.96603	0.00329797	0	0.00620689
3.97602	0.00380492	0	0.007161
3.98601	0.00431598	0	0.00812284
3.996	0.00483173	0	0.0090935
4.00599	0.00535277	0	0.0100741
4.01598	0.00587972	0	0.0110658
4.02597	0.00641319	0	0.0120699
4.03596	0.00695384	0	0.0130874
4.04595	0.00750233	0	0.0141197
4.05594	0.00805933	0	0.015168
4.06593	0.00862554	0	0.0162336
4.07592	0.00920167	0	0.0173179
4.08591	0.00978848	0	0.0184223
4.0959	0.0103867	0	0.0195482
4.10589	0.0109971	0	0.020697
4.11588	0.0116206	0	0.0218704
4.12587	0.0122579	0	0.0230698
4.13586	0.0129099	0	0.0242969
4.14585	0.0135775	0	0.0255534
4.15584	0.0142617	0	0.026841
4.16583	0.0149632	0	0.0281614
4.17582	0.0156833	0	0.0295165
4.18581	0.0164228	0	0.0309083
4.1958	0.0171828	0	0.0323387
4.20579	0.0179645	0	0.0338098
4.21578	0.0187689	0	0.0353238
4.22577	0.0195972	0	0.0368827
4.23576	0.0204507	0	0.038489
4.24575	0.0213306	0	0.040145
4.25574	0.0222382	0	0.0418532
4.26573	0.023175	0	0.0436162
4.27572	0.0241422	0	0.0454366
4.28571	0.0251415	0	0.0473172
4.2957	0.0261743	0	0.049261
4.30569	0.0272423	0	0.0512709
4.31568	0.028347	0	0.0533501
4.32567	0.0294903	0	0.0555019
4.33566	0.030674	0	0.0577296
4.34565	0.0318999	0	0.0600368
4.35564	0.03317	0	0.0624272
4.36563	0.0344864	0	0.0649047
4.37562	0.0358512	0	0.0674733
4.38561	0.0372666	0	0.0701371
4.3956	0.0387349	0	0.0729005
4.40559	0.0402586	0	0.0757682
4.41558	0.0418402	0	0.0787448
4.42557	0.0434824	0	0.0818354
4.43556	0.0451878	0	0.0850451
4.44555	0.0469594	0	0.0883794
4.45554	0.0488003	0	0.0918439
4.46553	0.0507134	0	0.0954445
4.47552	0.0527022	0	0.0991875
4.48551	0.0547701	0	0.103079
4.4955	0.0569206	0	0.107127
4.50549	0.0591575	0	0.111337
4.51548	0.0614848	0	0.115717
4.52547	0.0639065	0	0.120274
4.53546	0.0664269	0	0.125018
4.54545	0.0690506	0	0.129956
4.55544	0.0717822	0	0.135097
4.56543	0.0746267	0	0.14045
4.57542	0.0775892	0	0.146026
4.58541	0.080675	0	0.151833
4.5954	0.08389	0	0.157884
4.60539	0.0872399	0	0.164189
4.61538	0.0907309	0	0.170759
4.62537	0.0943696	0	0.177607
4.63536	0.0981627	0	0.184746
4.64535	0.102117	0	0.192188
4.65534	0.106241	0	0.199949
4.66533	0.110541	0	0.208043
4.67532	0.115027	0	0.216484
4.68531	0.119706	0	0.22529
4.6953	0.124587	0	0.234478
4.70529	0.129681	0	0.244064
4.71528	0.134996	0	0.254067
4.72527	0.140543	0	0.264508
4.73526	0.146334	0	0.275406
4.74525	0.152379	0	0.286783
4.75524	0.158691	0	0.298662
4.76523	0.165281	0	0.311065
4.77522	0.172164	0	0.324019
4.78521	0.179352	0	0.337548
4.7952	0.186861	0	0.35168
4.80519	0.194706	0	0.366444
4.81518	0.202902	0	0.381869
4.82517	0.211466	0	0.397988
4.83516	0.220417	0	0.414833
4.84515	0.229771	0	0.432438
4.85514	0.23955	0	0.450842
4.86513	0.249772	0	0.470081
4.87512	0.26046	0	0.490196
4.88511	0.271636	0	0.511229
4.8951	0.283324	0	0.533225
4.90509	0.295547	0	0.556231
4.91508	0.308333	0	0.580294
4.92507	0.321708	0	0.605467
4.93506	0.335702	0	0.631804
4.94505	0.350345	0	0.659361
4.95504	0.365667	0	0.688199
4.96503	0.381703	0	0.71838
4.97502	0.398489	0	0.74997
4.98501	0.416059	0	0.783039
4.995	0.434454	0	0.817659
5.00499	0.453714	0	0.853907
5.01498	0.473882	0	0.891864
5.02497	0.495004	0	0.931615
5.03496	0.517126	0	0.973249
5.04495	0.540298	0	1.01686
5.05494	0.564573	0	1.06255
5.06493	0.590007	0	1.11041
5.07492	0.616657	0	1.16057
5.08491	0.644584	0	1.21313
5.0949	0.673853	0	1.26822
5.10489	0.704532	0	1.32596
5.11488	0.736692	0	1.38648
5.12487	0.770408	0	1.44994
5.13486	0.80576	0	1.51647
5.14485	0.842829	0	1.58624
5.15484	0.881706	0	1.6594
5.16483	0.92248	0	1.73614
5.17482	0.965251	0	1.81664
5.18481	1.01012	0	1.90108
5.1948	1.05719	0	1.98968
5.20479	1.10659	0	2.08264
5.21478	1.15843	0	2.1802
5.22477	1.21283	0	2.28259
5.23476	1.26993	0	2.39005
5.24475	1.32987	0	2.50286
5.25474	1.3928	0	2.6213
5.26473	1.45887	0	2.74565
5.27472	1.52825	0	2.87623
5.28471	1.60111	0	3.01336
5.2947	1.67764	0	3.15738
5.30469	1.75803	0	3.30867
5.31468	1.84247	0	3.4676
5.32467	1.93119	0	3.63457
5.33466	2.02441	0	3.81002
5.34465	2.12237	0	3.99439
5.35464	2.22533	0	4.18815
5.36463	2.33354	0	4.39181
5.37462	2.44729	0	4.60589
5.38461	2.56688	0	4.83096
5.3946	2.69261	0	5.0676
5.40459	2.82483	0	5.31643
5.41458	2.96387	0	5.57811
5.42457	3.1101	0	5.85332
5.43456	3.26392	0	6.14281
5.44455	3.42573	0	6.44735
5.45454	3.59597	0	6.76774
5.46453	3.77509	0	7.10486
5.47452	3.96358	0	7.4596
5.48451	4.16195	0	7.83294
5.4945	4.37074	0	8.22589
5.50449	4.59052	0	8.63953
5.51448	4.82189	0	9.07498
5.52447	5.06549	0	9.53345
5.53446	5.322	0	10.0162
5.54445	5.59213	0	10.5246
5.55444	5.87662	0	11.06
5.56443	6.17628	0	11.624
5.57442	6.49194	0	12.2181
5.58441	6.8245	0	12.844
5.5944	7.1749	0	13.5034
5.60439	7.54414	0	14.1983
5.61438	7.93326	0	14.9307
5.62437	8.34338	0	15.7026
5.63436	8.77569	0	16.5162
5.64435	9.23143	0	17.3739
5.65434	9.71192	0	18.2782
5.66433	10.2186	0	19.2317
5.67432	10.7528	0	20.2372
5.68431	11.3163	0	21.2976
5.6943	11.9106	0	22.4162
5.70429	12.5375	0	23.596
5.71428	13.1989	0	24.8408
5.72427	13.8967	0	26.1541
5.73426	14.633	0	27.5399
5.74425	15.4101	0	29.0024
5.75424	16.2302	0	30.5459
5.76423	17.0959	0	32.1751
5.77422	18.0098	0	33.895
5.78421	18.9746	0	35.7108
5.7942	19.9933	0	37.628
5.80419	21.069	0	39.6526
5.81418	22.205	0	41.7907
5.82417	23.405	0	44.049
5.83416	24.6724	0	46.4345
5.84415	26.0115	0	48.9545
5.85414	27.4262	0	51.617
5.86413	28.921	0	54.4304
5.87412	30.5007	0	57.4034
5.88411	32.1702	0	60.5455
5.8941	33.9349	0	63.8667
5.90409	35.8003	0	67.3774
5.91408	37.7724	0	71.089
5.92407	39.8575	0	75.0133
5.93406	42.0624	0	79.163
5.94405	44.3941	0	83.5514
5.95404	46.8603	0	88.1928
5.96403	49.4689	0	93.1023
5.97402	52.2285	0	98.2959
5.98401	55.1481	0	103.791
5.994	58.2372	0	109.605
6.00399	61.5062	0	115.757
6.01398	64.9658	0	122.268
6.02397	68.6276	0	129.16
6.03396	72.5037	0	136.455
6.04395	76.6072	0	144.178
6.05394	80.9517	0	152.354
6.06393	85.552	0	161.012
6.07392	90.4237	0	170.181
6.08391	95.5833	0	179.891
6.0939	101.048	0	190.177
6.10389	106.838	0	201.072
6.11388	112.971	0	212.615
6.12387	119.469	0	224.845
6.13386	126.355	0	237.805
6.14385	133.653	0	251.539
6.15384	141.387	0	266.096
6.16383	149.586	0	281.526
6.17382	158.277	0	297.883
6.18381	167.491	0	315.224
6.1938	177.261	0	333.612
6.20379	187.622	0	353.111
6.21378	198.609	0	373.79
6.22377	210.263	0	395.724
6.23376	222.626	0	418.99
6.24375	235.741	0	443.672
6.25374	249.655	0	469.86
6.26373	264.42	0	497.648
6.27372	280.088	0	527.136
6.28371	296.717	0	558.433
6.2937	314.368	0	591.652
6.30369	333.104	0	626.915
6.31368	352.996	0	664.352
6.32367	374.117	0	704.102
6.33366	396.544	0	746.31
6.34365	420.361	0	791.135
6.35364	445.658	0	838.744
6.36363	472.527	0	889.314
6.37362	501.072	0	943.035
6.38361	531.398	0	1000.11
6.3936	563.621	0	1060.75
6.40359	597.862	0	1125.2
6.41358	634.253	0	1193.69
6.42357	672.931	0	1266.48
6.43356	714.046	0	1343.86
6.44355	757.754	0	1426.12
6.45354	804.226	0	1513.58
6.46353	853.639	0	1606.58
6.47352	906.187	0	1705.48
6.48351	962.074	0	1810.66
6.4935	1021.52	0	1922.53
6.50349	1084.75	0	2041.54
6.51348	1152.02	0	2168.15
6.52347	1223.6	0	2302.86
6.53346	1299.77	0	2446.21
6.54345	1380.82	0	2598.76
6.55344	1467.09	0	2761.12
6.56343	1558.91	0	2933.93
6.57342	1656.67	0	3117.91
6.58341	1760.74	0	3313.77
6.5934	1871.55	0	3522.33
6.60339	1989.55	0	3744.41
6.61338	2115.22	0	3980.92
6.62337	2249.06	0	4232.82
6.63336	2391.64	0	4501.15
6.64335	2543.53	0	4787.01
6.65334	2705.35	0	5091.57
6.66333	2877.78	0	5416.09
6.67332	3061.53	0	5761.91
6.68331	3257.36	0	6130.48
6.6933	3466.1	0	6523.32
6.70329	3688.6	0	6942.08
6.71328	3925.81	0	7388.52
6.72327	4178.73	0	7864.52
6.73326	4448.41	0	8372.07
6.74325	4736.01	0	8913.35
6.75324	5042.75	0	9490.64
6.76323	5369.93	0	10106.4
6.77322	5718.95	0	10763.3
6.78321	6091.31	0	11464.1
6.7932	6488.61	0	12211.8
6.80319	6912.56	0	13009.7
6.81318	7365.01	0	13861.2
6.82317	7847.91	0	14770.1
6.83316	8363.37	0	15740.2
6.84315	8913.64	0	16775.8
6.85314	9501.13	0	17881.5
6.86313	10128.4	0	19062.1
6.87312	10798.3	0	20322.8
6.88311	11513.7	0	21669.3
6.8931	12277.9	0	23107.4
6.90309	13094.1	0	24643.6
6.91308	13966.1	0	26284.7
6.92307	14897.8	0	28038.1
6.93306	15893.3	0	29911.7
6.94305	16957.1	0	31913.9
6.95304	18094.1	0	34053.8
6.96303	19309.4	0	36341
6.97302	20608.5	0	38786
6.98301	21997.4	0	41399.9
6.993	23482.4	0	44194.8
7.00299	25070.3	0	47183.3
7.01298	26768.5	0	50379.3
7.02297	28584.7	0	53797.5
7.03296	30527.4	0	57453.7
7.04295	32605.7	0	61365.1
7.05294	34829.1	0	65549.6
7.06293	37208.1	0	70027
7.07292	39753.9	0	74818.2
7.08291	42478.3	0	79945.8
7.0929	45394.3	0	85433.8
7.10289	48515.7	0	91308.4
7.11288	51857.2	0	97597.3
7.12287	55434.8	0	104330
7.13286	59265.5	0	111540
7.14285	63367.7	0	119260
7.15284	67761	0	127529
7.16283	72466.7	0	136385
7.17282	77507.3	0	145872
7.18281	82907.4	0	156035
7.1928	88693.2	0	166924
7.20279	94892.8	0	178592
7.21278	101537	0	191096
7.22277	108657	0	204497
7.23276	116289	0	218861
7.24275	124471	0	234259
7.25274	133242	0	250767
7.26273	142647	0	268466
7.27272	152731	0	287446
7.28271	163546	0	307800
7.2927	175145	0	329630
7.30269	187587	0	353046
7.31268	200934	0	378166
7.32267	215254	0	405115
7.33266	230618	0	434032
7.34265	247105	0	465062
7.35264	264800	0	498363
7.36263	283791	0	534105
7.37262	304176	0	572471
7.38261	326061	0	613659
7.3926	349557	0	657879
7.40259	374786	0	705361
7.41258	401878	0	756350
7.42257	430975	0	811110
7.43256	462227	0	869928
7.44255	495797	0	933109
7.45254	531863	0	1.00098e+006
7.46253	570612	0	1.07391e+006
7.47252	612249	0	1.15227e+006
7.48251	656993	0	1.23649e+006
7.4925	705083	0	1.32699e+006
7.50249	756772	0	1.42427e+006
7.51248	812337	0	1.52885e+006
7.52247	872073	0	1.64127e+006
7.53246	936302	0	1.76215e+006
7.54245	1.00537e+006	0	1.89214e+006
7.55244	1.07964e+006	0	2.03192e+006
7.56243	1.15952e+006	0	2.18227e+006
7.57242	1.24545e+006	0	2.34398e+006
7.58241	1.33788e+006	0	2.51795e+006
7.5924	1.43733e+006	0	2.70511e+006
7.60239	1.54433e+006	0	2.90649e+006
7.61238	1.65948e+006	0	3.12319e+006
7.62237	1.78339e+006	0	3.35641e+006
7.63236	1.91676e+006	0	3.60742e+006
7.64235	2.06032e+006	0	3.87761e+006
7.65234	2.21487e+006	0	4.16847e+006
7.66233	2.38127e+006	0	4.48163e+006
7.67232	2.56043e+006	0	4.81883e+006
7.68231	2.75337e+006	0	5.18194e+006
7.6923	2.96115e+006	0	5.57299e+006
7.70229	3.18495e+006	0	5.9942e+006
7.71228	3.42603e+006	0	6.44791e+006
7.72227	3.68574e+006	0	6.9367e+006
7.73226	3.96556e+006	0	7.46333e+006
7.74225	4.26707e+006	0	8.03079e+006
7.75224	4.59199e+006	0	8.6423e+006
7.76223	4.94218e+006	0	9.30136e+006
7.77222	5.31963e+006	0	1.00117e+007
7.78221	5.7265e+006	0	1.07775e+007
7.7922	6.16515e+006	0	1.1603e+007
7.80219	6.6381e+006	0	1.24931e+007
7.81218	7.14808e+006	0	1.34529e+007
7.82217	7.69805e+006	0	1.4488e+007
7.83216	8.29121e+006	0	1.56044e+007
7.84215	8.93101e+006	0	1.68085e+007
7.85214	9.6212e+006	0	1.81074e+007
7.86213	1.03658e+007	0	1.95088e+007
7.87212	1.11692e+007	0	2.10209e+007
7.88211	1.20362e+007	0	2.26525e+007
7.8921	1.29718e+007	0	2.44134e+007
7.90209	1.39816e+007	0	2.63139e+007
7.91208	1.50716e+007	0	2.83653e+007
7.92207	1.62483e+007	0	3.05799e+007
7.93206	1.75187e+007	0	3.29708e+007
7.94205	1.88904e+007	0	3.55524e+007
7.95204	2.03716e+007	0	3.83401e+007
7.96203	2.19713e+007	0	4.13508e+007
7.97202	2.36991e+007	0	4.46026e+007
7.98201	2.55655e+007	0	4.81152e+007
7.992	2.75818e+007	0	5.19099e+007
8.00199	2.97601e+007	0	5.60097e+007
8.01198	3.21139e+007	0	6.04396e+007
8.02197	3.46576e+007	0	6.52268e+007
8.03196	3.74066e+007	0	7.04005e+007
8.04195	4.03778e+007	0	7.59926e+007
8.05194	4.35897e+007	0	8.20375e+007
8.06193	4.7062e+007	0	8.85725e+007
8.07192	5.08163e+007	0	9.56381e+007
8.08191	5.48757e+007	0	1.03278e+008
8.0919	5.92657e+007	0	1.1154e+008
8.10189	6.40136e+007	0	1.20476e+008
8.11188	6.91491e+007	0	1.30141e+008
8.12187	7.47044e+007	0	1.40596e+008
8.13186	8.07145e+007	0	1.51908e+008
8.14185	8.72172e+007	0	1.64146e+008
8.15184	9.42537e+007	0	1.77389e+008
8.16183	1.01869e+008	0	1.9172e+008
8.17182	1.1011e+008	0	2.07232e+008
8.18181	1.19031e+008	0	2.24021e+008
8.1918	1.28688e+008	0	2.42196e+008
8.20179	1.39143e+008	0	2.61873e+008
8.21178	1.50464e+008	0	2.83178e+008
8.22177	1.62722e+008	0	3.06249e+008
8.23176	1.75997e+008	0	3.31234e+008
8.24175	1.90376e+008	0	3.58294e+008
8.25174	2.05951e+008	0	3.87607e+008
8.26173	2.22823e+008	0	4.19361e+008
8.27172	2.41102e+008	0	4.53763e+008
8.28171	2.60909e+008	0	4.9104e+008
8.2917	2.82372e+008	0	5.31434e+008
8.30169	3.05633e+008	0	5.75212e+008
8.31168	3.30844e+008	0	6.22661e+008
8.32167	3.58173e+008	0	6.74094e+008
8.33166	3.87799e+008	0	7.29852e+008
8.34165	4.1992e+008	0	7.90305e+008
8.35164	4.54749e+008	0	8.55854e+008
8.36163	4.92518e+008	0	9.26937e+008
8.37162	5.3348e+008	0	1.00403e+009
8.38161	5.77909e+008	0	1.08765e+009
8.3916	6.26104e+008	0	1.17835e+009
8.40159	6.78388e+008	0	1.27675e+009
8.41158	7.35116e+008	0	1.38352e+009
8.42157	7.9667e+008	0	1.49936e+009
8.43156	8.63469e+008	0	1.62508e+009
8.44155	9.35966e+008	0	1.76152e+009
8.45154	1.01466e+009	0	1.90962e+009
8.46153	1.10008e+009	0	2.07039e+009
8.47152	1.19281e+009	0	2.24492e+009
8.48151	1.2935e+009	0	2.43442e+009
8.4915	1.40284e+009	0	2.64019e+009
8.50149	1.52157e+009	0	2.86366e+009
8.51148	1.65053e+009	0	3.10636e+009
8.52147	1.79061e+009	0	3.36999e+009
8.53146	1.94277e+009	0	3.65636e+009
8.54145	2.10808e+009	0	3.96749e+009
8.55144	2.2877e+009	0	4.30554e+009
8.56143	2.48289e+009	0	4.67289e+009
8.57142	2.69501e+009	0	5.0721e+009
8.58141	2.92555e+009	0	5.50599e+009
8.5914	3.17615e+009	0	5.97763e+009
8.60139	3.44857e+009	0	6.49033e+009
8.61138	3.74475e+009	0	7.04775e+009
8.62137	4.06679e+009	0	7.65384e+009
8.63136	4.41698e+009	0	8.31292e+009
8.64135	4.79783e+009	0	9.02969e+009
8.65134	5.21206e+009	0	9.80929e+009
8.66133	5.66264e+009	0	1.06573e+010
8.67132	6.15282e+009	0	1.15798e+010
8.68131	6.68612e+009	0	1.25835e+010
8.6913	7.26641e+009	0	1.36756e+010
8.70129	7.89788e+009	0	1.48641e+010
8.71128	8.58512e+009	0	1.61575e+010
8.72127	9.33313e+009	0	1.75653e+010
8.73126	1.01474e+010	0	1.90977e+010
8.74125	1.10338e+010	0	2.0766e+010
8.75124	1.19989e+010	0	2.25824e+010
8.76123	1.30498e+010	0	2.45602e+010
8.77122	1.41942e+010	0	2.6714e+010
8.78121	1.54406e+010	0	2.90597e+010
8.7912	1.67981e+010	0	3.16147e+010
8.80119	1.82769e+010	0	3.43979e+010
8.81118	1.9888e+010	0	3.743e+010
8.82117	2.16433e+010	0	4.07335e+010
8.83116	2.3556e+010	0	4.43333e+010
8.84115	2.56404e+010	0	4.82562e+010
8.85114	2.79122e+010	0	5.25318e+010
8.86113	3.03884e+010	0	5.7192e+010
8.87112	3.30877e+010	0	6.22722e+010
8.88111	3.60305e+010	0	6.78107e+010
8.8911	3.92391e+010	0	7.38494e+010
8.90109	4.27379e+010	0	8.04342e+010
8.91108	4.65535e+010	0	8.76153e+010
8.92107	5.0715e+010	0	9.54475e+010
8.93106	5.52542e+010	0	1.03991e+011
8.94105	6.02061e+010	0	1.1331e+011
8.95104	6.56085e+010	0	1.23478e+011
8.96103	7.1503e+010	0	1.34571e+011
8.97102	7.79353e+010	0	1.46677e+011
8.98101	8.49551e+010	0	1.59889e+011
8.991	9.26167e+010	0	1.74308e+011
9.00099	1.0098e+011	0	1.90048e+011
9.01098	1.10109e+011	0	2.0723e+011
9.02097	1.20077e+011	0	2.25989e+011
9.03096	1.3096e+011	0	2.46472e+011
9.04095	1.42845e+011	0	2.6884e+011
9.05094	1.55825e+011	0	2.93268e+011
9.06093	1.70001e+011	0	3.19948e+011
9.07092	1.85486e+011	0	3.49092e+011
9.08091	2.02403e+011	0	3.8093e+011
9.0909	2.20886e+011	0	4.15716e+011
9.10089	2.41081e+011	0	4.53724e+011
9.11088	2.63151e+011	0	4.95259e+011
9.12087	2.8727e+011	0	5.40653e+011
9.13086	3.13633e+011	0	5.90268e+011
9.14085	3.4245e+011	0	6.44503e+011
9.15084	3.73954e+011	0	7.03795e+011
9.16083	4.08398e+011	0	7.6862e+011
9.17082	4.46061e+011	0	8.39504e+011
9.18081	4.87248e+011	0	9.17019e+011
9.1908	5.32294e+011	0	1.0018e+012
9.20079	5.81564e+011	0	1.09452e+012
9.21078	6.3546e+011	0	1.19596e+012
9.22077	6.94423e+011	0	1.30693e+012
9.23076	7.58935e+011	0	1.42834e+012
9.24075	8.29527e+011	0	1.5612e+012
9.25074	9.06779e+011	0	1.70659e+012
9.26073	9.91328e+011	0	1.86572e+012
9.27072	1.08387e+012	0	2.03989e+012
9.28071	1.18518e+012	0	2.23055e+012
9.2907	1.29609e+012	0	2.43929e+012
9.30069	1.41752e+012	0	2.66783e+012
9.31068	1.5505e+012	0	2.91809e+012
9.32067	1.69612e+012	0	3.19216e+012
9.33066	1.85561e+012	0	3.49233e+012
9.34065	2.03031e+012	0	3.82112e+012
9.35064	2.22169e+012	0	4.1813e+012
9.36063	2.43136e+012	0	4.5759e+012
9.37062	2.66109e+012	0	5.00826e+012
9.38061	2.91282e+012	0	5.48204e+012
9.3906	3.18871e+012	0	6.00126e+012
9.40059	3.49108e+012	0	6.57034e+012
9.41058	3.82252e+012	0	7.19412e+012
9.42057	4.18586e+012	0	7.87794e+012
9.43056	4.58421e+012	0	8.62765e+012
9.44055	5.02099e+012	0	9.44969e+012
9.45054	5.49995e+012	0	1.03511e+013
9.46053	6.02523e+012	0	1.13397e+013
9.47052	6.60136e+012	0	1.2424e+013
9.48051	7.23332e+012	0	1.36134e+013
9.4905	7.9266e+012	0	1.49182e+013
9.50049	8.68723e+012	0	1.63497e+013
9.51048	9.52182e+012	0	1.79204e+013
9.52047	1.04377e+013	0	1.96441e+013
9.53046	1.14428e+013	0	2.15358e+013
9.54045	1.2546e+013	0	2.36121e+013
9.55044	1.37571e+013	0	2.58913e+013
9.56043	1.50865e+013	0	2.83934e+013
9.57042	1.65462e+013	0	3.11405e+013
9.58041	1.81489e+013	0	3.41569e+013
9.5904	1.9909e+013	0	3.74694e+013
9.60039	2.1842e+013	0	4.11074e+013
9.61038	2.39651e+013	0	4.51032e+013
9.62037	2.62973e+013	0	4.94926e+013
9.63036	2.88595e+013	0	5.43147e+013
9.64035	3.16746e+013	0	5.96128e+013
9.65034	3.47679e+013	0	6.54345e+013
9.66033	3.81673e+013	0	7.18322e+013
9.67032	4.19033e+013	0	7.88635e+013
9.68031	4.60097e+013	0	8.6592e+013
9.6903	5.05238e+013	0	9.50876e+013
9.70029	5.54865e+013	0	1.04428e+014
9.71028	6.09429e+013	0	1.14697e+014
9.72027	6.69429e+013	0	1.25989e+014
9.73026	7.35411e+013	0	1.38407e+014
9.74025	8.0798e+013	0	1.52065e+014
9.75024	8.87802e+013	0	1.67088e+014
9.76023	9.7561e+013	0	1.83613e+014
9.77022	1.07221e+014	0	2.01795e+014
9.78021	1.1785e+014	0	2.21799e+014
9.7902	1.29547e+014	0	2.43811e+014
9.80019	1.42418e+014	0	2.68036e+014
9.81018	1.56585e+014	0	2.94698e+014
9.82017	1.72178e+014	0	3.24046e+014
9.83016	1.89344e+014	0	3.56353e+014
9.84015	2.08243e+014	0	3.91921e+014
9.85014	2.29052e+014	0	4.31084e+014
9.86013	2.51966e+014	0	4.74209e+014
9.87012	2.77201e+014	0	5.21702e+014
9.88011	3.04995e+014	0	5.74011e+014
9.8901	3.3561e+014	0	6.3163e+014
9.90009	3.69336e+014	0	6.95104e+014
9.91008	4.06494e+014	0	7.65036e+014
9.92007	4.47435e+014	0	8.4209e+014
9.93006	4.92552e+014	0	9.27e+014
9.94005	5.42273e+014	0	1.02058e+015
9.95004	5.97075e+014	0	1.12372e+015
9.96003	6.57483e+014	0	1.23741e+015
9.97002	7.24077e+014	0	1.36274e+015
9.98001	7.97498e+014	0	1.50092e+015
9.99	8.78455e+014	0	1.65329e+015
