0	0	0	0
0.00999	0.0203933	0.0203933	0.00998286
0.01998	0.0406991	0.0406991	0.0199229
0.02997	0.0608303	0.0608303	0.0297775
0.03996	0.0807005	0.0807005	0.0395043
0.04995	0.100225	0.100225	0.0490617
0.05994	0.119319	0.119319	0.0584086
0.06993	0.137901	0.137901	0.067505
0.07992	0.155892	0.155892	0.0763118
0.08991	0.173214	0.173214	0.0847913
0.0999	0.189793	0.189793	0.0929072
0.10989	0.205559	0.205559	0.100625
0.11988	0.220443	0.220443	0.10791
0.12987	0.234381	0.234381	0.114734
0.13986	0.247314	0.247314	0.121065
0.14985	0.259187	0.259187	0.126877
0.15984	0.269949	0.269949	0.132145
0.16983	0.279553	0.279553	0.136846
0.17982	0.287959	0.287959	0.140961
0.18981	0.295131	0.295131	0.144472
0.1998	0.301037	0.301037	0.147363
0.20979	0.305654	0.305654	0.149623
0.21978	0.30896	0.30896	0.151241
0.22977	0.310943	0.310943	0.152212
0.23976	0.311593	0.311593	0.15253
0.24975	0.310909	0.310909	0.152195
0.25974	0.308892	0.308892	0.151208
0.26973	0.305553	0.305553	0.149573
0.27972	0.300905	0.300905	0.147298
0.28971	0.294969	0.294969	0.144392
0.2997	0.28777	0.28777	0.140868
0.30969	0.279339	0.279339	0.136741
0.31968	0.269712	0.269712	0.132029
0.32967	0.258931	0.258931	0.126751
0.33966	0.247042	0.247042	0.120931
0.34965	0.234096	0.234096	0.114594
0.35964	0.220149	0.220149	0.107767
0.36963	0.20526	0.20526	0.100478
0.37962	0.189494	0.189494	0.0927603
0.38961	0.172917	0.172917	0.0846458
0.3996	0.155601	0.155601	0.0761694
0.40959	0.13762	0.13762	0.0673674
0.41958	0.119051	0.119051	0.0582776
0.42957	0.0999737	0.0999737	0.0489389
0.43956	0.0804691	0.0804691	0.039391
0.44955	0.0606209	0.0606209	0.029675
0.45954	0.0405139	0.0405139	0.0198322
0.46953	0.0202339	0.0202339	0.00990484
0.47952	-0.000132456	-0.000132456	-6.48396e-005
0.48951	-0.0204982	-0.0204982	-0.0100342
0.4995	-0.0407766	-0.0407766	-0.0199608
0.50949	-0.060881	-0.060881	-0.0298023
0.51948	-0.0807259	-0.0807259	-0.0395167
0.52947	-0.100227	-0.100227	-0.0490627
0.53946	-0.1193	-0.1193	-0.0583995
0.54945	-0.137865	-0.137865	-0.0674875
0.55944	-0.155844	-0.155844	-0.0762881
0.56943	-0.173158	-0.173158	-0.0847638
0.57942	-0.189735	-0.189735	-0.0928786
0.58941	-0.205505	-0.205505	-0.100598
0.5994	-0.2204	-0.2204	-0.107889
0.60939	-0.234357	-0.234357	-0.114722
0.61938	-0.247318	-0.247318	-0.121067
0.62937	-0.259228	-0.259228	-0.126896
0.63936	-0.270035	-0.270035	-0.132187
0.64935	-0.279695	-0.279695	-0.136916
0.65934	-0.288168	-0.288168	-0.141063
0.66933	-0.295416	-0.295416	-0.144611
0.67932	-0.301411	-0.301411	-0.147546
0.68931	-0.306126	-0.306126	-0.149854
0.6993	-0.309542	-0.309542	-0.151526
0.70929	-0.311646	-0.311646	-0.152556
0.71928	-0.312429	-0.312429	-0.152939
0.72927	-0.311887	-0.311887	-0.152674
0.73926	-0.310024	-0.310024	-0.151762
0.74925	-0.306848	-0.306848	-0.150208
0.75924	-0.302373	-0.302373	-0.148017
0.76923	-0.296618	-0.296618	-0.1452
0.77922	-0.289608	-0.289608	-0.141768
0.78921	-0.281374	-0.281374	-0.137737
0.7992	-0.27195	-0.27195	-0.133124
0.80919	-0.261376	-0.261376	-0.127948
0.81918	-0.249698	-0.249698	-0.122232
0.82917	-0.236966	-0.236966	-0.115999
0.83916	-0.223234	-0.223234	-0.109277
0.84915	-0.20856	-0.20856	-0.102094
0.85914	-0.193006	-0.193006	-0.0944796
0.86913	-0.176638	-0.176638	-0.0864672
0.87912	-0.159526	-0.159526	-0.0780905
0.88911	-0.141741	-0.141741	-0.0693848
0.8991	-0.12336	-0.12336	-0.0603869
0.90909	-0.10446	-0.10446	-0.0511349
0.91908	-0.0851199	-0.0851199	-0.0416677
0.92907	-0.065422	-0.065422	-0.0320252
0.93906	-0.0454491	-0.0454491	-0.0222481
0.94905	-0.0252853	-0.0252853	-0.0123776
0.95904	-0.00501518	-0.00501518	-0.00245502
0.96903	0.015276	0.015276	0.00747784
0.97902	0.035503	0.035503	0.0173793
0.98901	0.0555811	0.0555811	0.0272079
0.999	0.0754263	0.0754263	0.0369225
1.00899	0.0949554	0.0949554	0.0464823
1.01898	0.114087	0.114087	0.0558474
1.02897	0.132741	0.132741	0.0649788
1.03896	0.150839	0.150839	0.0738383
1.04895	0.168307	0.168307	0.082389
1.05894	0.185071	0.185071	0.0905953
1.06893	0.201061	0.201061	0.0984231
1.07892	0.216213	0.216213	0.10584
1.08891	0.230462	0.230462	0.112815
1.0989	0.243749	0.243749	0.119319
1.10889	0.25602	0.25602	0.125326
1.11888	0.267225	0.267225	0.130811
1.12887	0.277316	0.277316	0.135751
1.13886	0.286253	0.286253	0.140126
1.14885	0.293999	0.293999	0.143918
1.15884	0.300522	0.300522	0.147111
1.16883	0.305797	0.305797	0.149693
1.17882	0.309802	0.309802	0.151653
1.18881	0.31252	0.31252	0.152984
1.1988	0.313942	0.313942	0.15368
1.20879	0.314062	0.314062	0.153739
1.21878	0.312881	0.312881	0.15316
1.22877	0.310403	0.310403	0.151948
1.23876	0.306641	0.306641	0.150106
1.24875	0.301611	0.301611	0.147644
1.25874	0.295333	0.295333	0.144571
1.26873	0.287835	0.287835	0.1409
1.27872	0.279149	0.279149	0.136648
1.28871	0.269311	0.269311	0.131832
1.2987	0.258362	0.258362	0.126473
1.30869	0.246348	0.246348	0.120592
1.31868	0.233319	0.233319	0.114214
1.32867	0.21933	0.21933	0.107366
1.33866	0.204439	0.204439	0.100076
1.34865	0.188707	0.188707	0.0923755
1.35864	0.1722	0.1722	0.0842951
1.36863	0.154986	0.154986	0.0758685
1.37862	0.137136	0.137136	0.0671306
1.38861	0.118724	0.118724	0.0581175
1.3986	0.0998254	0.0998254	0.0488663
1.40859	0.0805179	0.0805179	0.0394149
1.41858	0.060881	0.060881	0.0298023
1.42857	0.040995	0.040995	0.0200678
1.43856	0.0209416	0.0209416	0.0102513
1.44855	0.000802604	0.000802604	0.000392888
1.45854	-0.0193397	-0.0193397	-0.0094671
1.46853	-0.0394031	-0.0394031	-0.0192885
1.47852	-0.0593059	-0.0593059	-0.0290313
1.48851	-0.0789673	-0.0789673	-0.0386559
1.4985	-0.0983074	-0.0983074	-0.0481232
1.50849	-0.117248	-0.117248	-0.0573948
1.51848	-0.135712	-0.135712	-0.0664333
1.52847	-0.153625	-0.153625	-0.0752021
1.53846	-0.170915	-0.170915	-0.0836658
1.54845	-0.187512	-0.187512	-0.0917903
1.55844	-0.203349	-0.203349	-0.0995431
1.56843	-0.218364	-0.218364	-0.106893
1.57842	-0.232495	-0.232495	-0.11381
1.58841	-0.245687	-0.245687	-0.120268
1.5984	-0.257886	-0.257886	-0.12624
1.60839	-0.269046	-0.269046	-0.131702
1.61838	-0.27912	-0.27912	-0.136634
1.62837	-0.28807	-0.28807	-0.141015
1.63836	-0.29586	-0.29586	-0.144829
1.64835	-0.30246	-0.30246	-0.148059
1.65834	-0.307845	-0.307845	-0.150695
1.66833	-0.311994	-0.311994	-0.152726
1.67832	-0.31489	-0.31489	-0.154144
1.68831	-0.316525	-0.316525	-0.154944
1.6983	-0.316892	-0.316892	-0.155124
1.70829	-0.31599	-0.31599	-0.154683
1.71828	-0.313825	-0.313825	-0.153623
1.72827	-0.310406	-0.310406	-0.151949
1.73826	-0.305748	-0.305748	-0.149669
1.74825	-0.29987	-0.29987	-0.146792
1.75824	-0.292797	-0.292797	-0.143329
1.76823	-0.284559	-0.284559	-0.139297
1.77822	-0.275189	-0.275189	-0.13471
1.78821	-0.264725	-0.264725	-0.129587
1.7982	-0.25321	-0.25321	-0.12395
1.80819	-0.24069	-0.24069	-0.117822
1.81818	-0.227216	-0.227216	-0.111226
1.82817	-0.212842	-0.212842	-0.10419
1.83816	-0.197627	-0.197627	-0.0967416
1.84815	-0.18163	-0.18163	-0.0889108
1.85814	-0.164915	-0.164915	-0.0807289
1.86813	-0.14755	-0.14755	-0.0722285
1.87812	-0.129604	-0.129604	-0.0634434
1.88811	-0.111147	-0.111147	-0.0544084
1.8981	-0.0922528	-0.0922528	-0.0451593
1.90809	-0.072996	-0.072996	-0.0357328
1.91808	-0.0534525	-0.0534525	-0.0261659
1.92807	-0.0336994	-0.0336994	-0.0164964
1.93806	-0.0138141	-0.0138141	-0.00676225
1.94805	0.00612522	0.00612522	0.0029984
1.95804	0.0260406	0.0260406	0.0127473
1.96803	0.0458543	0.0458543	0.0224465
1.97802	0.065489	0.065489	0.032058
1.98801	0.0848683	0.0848683	0.0415445
1.998	0.103917	0.103917	0.0508691
2.00799	0.122561	0.122561	0.0599959
2.01798	0.140729	0.140729	0.0688893
2.02797	0.15835	0.15835	0.0775153
2.03796	0.175357	0.175357	0.0858405
2.04795	0.191685	0.191685	0.093833
2.05794	0.20727	0.20727	0.101462
2.06793	0.222054	0.222054	0.108699
2.07792	0.23598	0.23598	0.115516
2.08791	0.248995	0.248995	0.121887
2.0979	0.26105	0.26105	0.127789
2.10789	0.2721	0.2721	0.133198
2.11788	0.282104	0.282104	0.138095
2.12787	0.291023	0.291023	0.142461
2.13786	0.298825	0.298825	0.14628
2.14785	0.305482	0.305482	0.149539
2.15784	0.310969	0.310969	0.152225
2.16783	0.315266	0.315266	0.154328
2.17782	0.318359	0.318359	0.155842
2.18781	0.320236	0.320236	0.156761
2.1978	0.320893	0.320893	0.157083
2.20779	0.320327	0.320327	0.156806
2.21778	0.318544	0.318544	0.155933
2.22777	0.31555	0.31555	0.154467
2.23776	0.311358	0.311358	0.152415
2.24775	0.305987	0.305987	0.149786
2.25774	0.299457	0.299457	0.146589
2.26773	0.291794	0.291794	0.142838
2.27772	0.28303	0.28303	0.138548
2.28771	0.273197	0.273197	0.133735
2.2977	0.262336	0.262336	0.128418
2.30769	0.250487	0.250487	0.122618
2.31768	0.237697	0.237697	0.116357
2.32767	0.224014	0.224014	0.109659
2.33766	0.209491	0.209491	0.10255
2.34765	0.194184	0.194184	0.0950565
2.35764	0.178151	0.178151	0.0872078
2.36763	0.161452	0.161452	0.0790334
2.37762	0.144151	0.144151	0.0705642
2.38761	0.126312	0.126312	0.061832
2.3976	0.108004	0.108004	0.0528697
2.40759	0.0892939	0.0892939	0.0437109
2.41758	0.0702527	0.0702527	0.0343899
2.42757	0.050951	0.050951	0.0249414
2.43756	0.0314606	0.0314606	0.0154005
2.44755	0.0118539	0.0118539	0.00580271
2.45754	-0.00779651	-0.00779651	-0.00381653
2.46753	-0.0274182	-0.0274182	-0.0134217
2.47752	-0.046939	-0.046939	-0.0229775
2.48751	-0.0662872	-0.0662872	-0.0324487
2.4975	-0.0853919	-0.0853919	-0.0418008
2.50749	-0.104183	-0.104183	-0.0509996
2.51748	-0.122593	-0.122593	-0.0600116
2.52747	-0.140555	-0.140555	-0.0688041
2.53746	-0.158003	-0.158003	-0.0773453
2.54745	-0.174875	-0.174875	-0.0856044
2.55744	-0.19111	-0.19111	-0.0935516
2.56743	-0.20665	-0.20665	-0.101159
2.57742	-0.221439	-0.221439	-0.108398
2.58741	-0.235425	-0.235425	-0.115244
2.5974	-0.248558	-0.248558	-0.121673
2.60739	-0.260792	-0.260792	-0.127662
2.61738	-0.272084	-0.272084	-0.13319
2.62737	-0.282395	-0.282395	-0.138237
2.63736	-0.291689	-0.291689	-0.142787
2.64735	-0.299935	-0.299935	-0.146823
2.65734	-0.307103	-0.307103	-0.150332
2.66733	-0.31317	-0.31317	-0.153302
2.67732	-0.318115	-0.318115	-0.155723
2.68731	-0.321924	-0.321924	-0.157587
2.6973	-0.324583	-0.324583	-0.158889
2.70729	-0.326086	-0.326086	-0.159625
2.71728	-0.326428	-0.326428	-0.159792
2.72727	-0.32561	-0.32561	-0.159392
2.73726	-0.323637	-0.323637	-0.158426
2.74725	-0.320518	-0.320518	-0.156899
2.75724	-0.316264	-0.316264	-0.154817
2.76723	-0.310894	-0.310894	-0.152188
2.77722	-0.304428	-0.304428	-0.149023
2.78721	-0.29689	-0.29689	-0.145333
2.7972	-0.288308	-0.288308	-0.141132
2.80719	-0.278714	-0.278714	-0.136435
2.81718	-0.268144	-0.268144	-0.131261
2.82717	-0.256636	-0.256636	-0.125628
2.83716	-0.244231	-0.244231	-0.119555
2.84715	-0.230975	-0.230975	-0.113066
2.85714	-0.216915	-0.216915	-0.106184
2.86713	-0.202101	-0.202101	-0.0989318
2.87712	-0.186585	-0.186585	-0.0913367
2.88711	-0.170423	-0.170423	-0.0834252
2.8971	-0.153672	-0.153672	-0.0752252
2.90709	-0.13639	-0.13639	-0.0667654
2.91708	-0.118638	-0.118638	-0.0580754
2.92707	-0.100478	-0.100478	-0.0491857
2.93706	-0.0819724	-0.0819724	-0.0401269
2.94705	-0.0631858	-0.0631858	-0.0309305
2.95704	-0.0441829	-0.0441829	-0.0216283
2.96703	-0.0250289	-0.0250289	-0.0122521
2.97702	-0.00578949	-0.00578949	-0.00283406
2.98701	0.0134696	0.0134696	0.00659362
2.997	0.032683	0.032683	0.0159989
3.00699	0.0517854	0.0517854	0.0253499
3.01698	0.0707125	0.0707125	0.034615
3.02697	0.0894003	0.0894003	0.043763
3.03696	0.107786	0.107786	0.0527633
3.04695	0.125809	0.125809	0.0615858
3.05694	0.143409	0.143409	0.0702012
3.06693	0.160527	0.160527	0.0785808
3.07692	0.177107	0.177107	0.0866971
3.08691	0.193095	0.193095	0.0945233
3.0969	0.208438	0.208438	0.102034
3.10689	0.223086	0.223086	0.109204
3.11688	0.236992	0.236992	0.116012
3.12687	0.250111	0.250111	0.122434
3.13686	0.262401	0.262401	0.12845
3.14685	0.273822	0.273822	0.134041
3.15684	0.28434	0.28434	0.139189
3.16683	0.29392	0.29392	0.143879
3.17682	0.302534	0.302534	0.148096
3.18681	0.310154	0.310154	0.151826
3.1968	0.316758	0.316758	0.155059
3.20679	0.322326	0.322326	0.157784
3.21678	0.326842	0.326842	0.159995
3.22677	0.330293	0.330293	0.161684
3.23676	0.332671	0.332671	0.162848
3.24675	0.333969	0.333969	0.163483
3.25674	0.334185	0.334185	0.163589
3.26673	0.333321	0.333321	0.163166
3.27672	0.331382	0.331382	0.162217
3.28671	0.328376	0.328376	0.160746
3.2967	0.324316	0.324316	0.158758
3.30669	0.319216	0.319216	0.156262
3.31668	0.313094	0.313094	0.153265
3.32667	0.305973	0.305973	0.149779
3.33666	0.297877	0.297877	0.145816
3.34665	0.288834	0.288834	0.141389
3.35664	0.278875	0.278875	0.136514
3.36663	0.268033	0.268033	0.131207
3.37662	0.256344	0.256344	0.125485
3.38661	0.243846	0.243846	0.119367
3.3966	0.230582	0.230582	0.112874
3.40659	0.216594	0.216594	0.106026
3.41658	0.201927	0.201927	0.0988468
3.42657	0.186629	0.186629	0.0913582
3.43656	0.170749	0.170749	0.0835847
3.44655	0.154338	0.154338	0.0755511
3.45654	0.137447	0.137447	0.0672829
3.46653	0.120131	0.120131	0.0588062
3.47652	0.102443	0.102443	0.0501477
3.48651	0.0844395	0.0844395	0.0413346
3.4965	0.0661758	0.0661758	0.0323942
3.50649	0.047709	0.047709	0.0233544
3.51648	0.029096	0.029096	0.014243
3.52647	0.010394	0.010394	0.00508804
3.53646	-0.00833969	-0.00833969	-0.00408242
3.54645	-0.027048	-0.027048	-0.0132405
3.55644	-0.0456743	-0.0456743	-0.0223583
3.56643	-0.0641622	-0.0641622	-0.0314085
3.57642	-0.0824564	-0.0824564	-0.0403638
3.58641	-0.100502	-0.100502	-0.0491975
3.5964	-0.118245	-0.118245	-0.0578832
3.60639	-0.135634	-0.135634	-0.0663953
3.61638	-0.152617	-0.152617	-0.0747087
3.62637	-0.169144	-0.169144	-0.0827991
3.63636	-0.185168	-0.185168	-0.0906429
3.64635	-0.200642	-0.200642	-0.0982175
3.65634	-0.21552	-0.21552	-0.105501
3.66633	-0.229762	-0.229762	-0.112473
3.67632	-0.243326	-0.243326	-0.119112
3.68631	-0.256175	-0.256175	-0.125402
3.6963	-0.268271	-0.268271	-0.131323
3.70629	-0.279583	-0.279583	-0.136861
3.71628	-0.290078	-0.290078	-0.141998
3.72627	-0.299728	-0.299728	-0.146722
3.73626	-0.308508	-0.308508	-0.15102
3.74625	-0.316394	-0.316394	-0.15488
3.75624	-0.323365	-0.323365	-0.158293
3.76623	-0.329404	-0.329404	-0.161249
3.77622	-0.334497	-0.334497	-0.163742
3.78621	-0.33863	-0.33863	-0.165765
3.7962	-0.341794	-0.341794	-0.167314
3.80619	-0.343984	-0.343984	-0.168386
3.81618	-0.345195	-0.345195	-0.168979
3.82617	-0.345427	-0.345427	-0.169092
3.83616	-0.344681	-0.344681	-0.168727
3.84615	-0.342963	-0.342963	-0.167886
3.85614	-0.340279	-0.340279	-0.166573
3.86613	-0.336641	-0.336641	-0.164791
3.87612	-0.33206	-0.33206	-0.162549
3.88611	-0.326552	-0.326552	-0.159853
3.8961	-0.320135	-0.320135	-0.156712
3.90609	-0.31283	-0.31283	-0.153136
3.91608	-0.304659	-0.304659	-0.149136
3.92607	-0.295647	-0.295647	-0.144724
3.93606	-0.285821	-0.285821	-0.139914
3.94605	-0.27521	-0.27521	-0.13472
3.95604	-0.263847	-0.263847	-0.129157
3.96603	-0.251763	-0.251763	-0.123242
3.97602	-0.238994	-0.238994	-0.116992
3.98601	-0.225577	-0.225577	-0.110424
3.996	-0.21155	-0.21155	-0.103557
4.00599	-0.196952	-0.196952	-0.0964115
4.01598	-0.181825	-0.181825	-0.0890064
4.02597	-0.16621	-0.16621	-0.0813625
4.03596	-0.15015	-0.15015	-0.0735012
4.04595	-0.133691	-0.133691	-0.065444
4.05594	-0.116876	-0.116876	-0.0572129
4.06593	-0.0997517	-0.0997517	-0.0488302
4.07592	-0.0823639	-0.0823639	-0.0403186
4.08591	-0.0647592	-0.0647592	-0.0317007
4.0959	-0.0469845	-0.0469845	-0.0229997
4.10589	-0.0290868	-0.0290868	-0.0142385
4.11588	-0.0111133	-0.0111133	-0.00544014
4.12587	0.00688919	0.00688919	0.00337238
4.13586	0.0248738	0.0248738	0.0121762
4.14585	0.0427942	0.0427942	0.0209485
4.15584	0.0606044	0.0606044	0.0296669
4.16583	0.0782591	0.0782591	0.0383092
4.17582	0.0957135	0.0957135	0.0468534
4.18581	0.112924	0.112924	0.0552782
4.1958	0.129847	0.129847	0.0635624
4.20579	0.146441	0.146441	0.0716856
4.21578	0.162666	0.162666	0.0796278
4.22577	0.178481	0.178481	0.0873695
4.23576	0.193848	0.193848	0.0948921
4.24575	0.208731	0.208731	0.102177
4.25574	0.223094	0.223094	0.109208
4.26573	0.236902	0.236902	0.115968
4.27572	0.250125	0.250125	0.12244
4.28571	0.26273	0.26273	0.128611
4.2957	0.27469	0.27469	0.134465
4.30569	0.285977	0.285977	0.139991
4.31568	0.296566	0.296566	0.145174
4.32567	0.306434	0.306434	0.150005
4.33566	0.315559	0.315559	0.154472
4.34565	0.323922	0.323922	0.158566
4.35564	0.331506	0.331506	0.162278
4.36563	0.338295	0.338295	0.165601
4.37562	0.344276	0.344276	0.168529
4.38561	0.349438	0.349438	0.171056
4.3956	0.353771	0.353771	0.173177
4.40559	0.357268	0.357268	0.174889
4.41558	0.359924	0.359924	0.176189
4.42557	0.361736	0.361736	0.177076
4.43556	0.362703	0.362703	0.177549
4.44555	0.362826	0.362826	0.17761
4.45554	0.362108	0.362108	0.177258
4.46553	0.360553	0.360553	0.176497
4.47552	0.358169	0.358169	0.17533
4.48551	0.354964	0.354964	0.173761
4.4955	0.350948	0.350948	0.171795
4.50549	0.346135	0.346135	0.169439
4.51548	0.340537	0.340537	0.166699
4.52547	0.334171	0.334171	0.163583
4.53546	0.327055	0.327055	0.160099
4.54545	0.319206	0.319206	0.156257
4.55544	0.310646	0.310646	0.152066
4.56543	0.301396	0.301396	0.147539
4.57542	0.29148	0.29148	0.142684
4.58541	0.280922	0.280922	0.137516
4.5954	0.269748	0.269748	0.132046
4.60539	0.257986	0.257986	0.126288
4.61538	0.245662	0.245662	0.120256
4.62537	0.232806	0.232806	0.113963
4.63536	0.219449	0.219449	0.107424
4.64535	0.20562	0.20562	0.100655
4.65534	0.191352	0.191352	0.0936702
4.66533	0.176677	0.176677	0.0864864
4.67532	0.161627	0.161627	0.0791193
4.68531	0.146237	0.146237	0.0715853
4.6953	0.130539	0.130539	0.063901
4.70529	0.114568	0.114568	0.056083
4.71528	0.0983588	0.0983588	0.0481483
4.72527	0.0819458	0.0819458	0.0401139
4.73526	0.0653637	0.0653637	0.0319967
4.74525	0.0486474	0.0486474	0.0238137
4.75524	0.0318316	0.0318316	0.0155821
4.76523	0.014951	0.014951	0.0073188
4.77522	-0.0019598	-0.0019598	-0.000959357
4.78521	-0.0188667	-0.0188667	-0.00923559
4.7952	-0.0357358	-0.0357358	-0.0174933
4.80519	-0.0525337	-0.0525337	-0.0257161
4.81518	-0.0692271	-0.0692271	-0.0338879
4.82517	-0.0857837	-0.0857837	-0.0419926
4.83516	-0.102172	-0.102172	-0.0500148
4.84515	-0.11836	-0.11836	-0.057939
4.85514	-0.134317	-0.134317	-0.0657504
4.86513	-0.150014	-0.150014	-0.0734343
4.87512	-0.165421	-0.165421	-0.0809767
4.88511	-0.180512	-0.180512	-0.0883636
4.8951	-0.195257	-0.195257	-0.0955818
4.90509	-0.209632	-0.209632	-0.102618
4.91508	-0.22361	-0.22361	-0.109461
4.92507	-0.237169	-0.237169	-0.116098
4.93506	-0.250283	-0.250283	-0.122518
4.94505	-0.262932	-0.262932	-0.12871
4.95504	-0.275095	-0.275095	-0.134664
4.96503	-0.286751	-0.286751	-0.140369
4.97502	-0.297882	-0.297882	-0.145818
4.98501	-0.308471	-0.308471	-0.151002
4.995	-0.318501	-0.318501	-0.155912
5.00499	-0.327957	-0.327957	-0.160541
5.01498	-0.336826	-0.336826	-0.164882
5.02497	-0.345096	-0.345096	-0.16893
5.03496	-0.352754	-0.352754	-0.172679
5.04495	-0.359791	-0.359791	-0.176124
5.05494	-0.366197	-0.366197	-0.17926
5.06493	-0.371967	-0.371967	-0.182084
5.07492	-0.377092	-0.377092	-0.184593
5.08491	-0.381569	-0.381569	-0.186785
5.0949	-0.385393	-0.385393	-0.188656
5.10489	-0.388561	-0.388561	-0.190207
5.11488	-0.391073	-0.391073	-0.191437
5.12487	-0.392928	-0.392928	-0.192345
5.13486	-0.394127	-0.394127	-0.192932
5.14485	-0.394671	-0.394671	-0.193198
5.15484	-0.394565	-0.394565	-0.193146
5.16483	-0.393811	-0.393811	-0.192777
5.17482	-0.392417	-0.392417	-0.192095
5.18481	-0.390387	-0.390387	-0.191101
5.1948	-0.387729	-0.387729	-0.1898
5.20479	-0.384452	-0.384452	-0.188196
5.21478	-0.380564	-0.380564	-0.186293
5.22477	-0.376076	-0.376076	-0.184096
5.23476	-0.370999	-0.370999	-0.18161
5.24475	-0.365344	-0.365344	-0.178842
5.25474	-0.359125	-0.359125	-0.175798
5.26473	-0.352354	-0.352354	-0.172484
5.27472	-0.345046	-0.345046	-0.168906
5.28471	-0.337216	-0.337216	-0.165073
5.2947	-0.328878	-0.328878	-0.160991
5.30469	-0.320049	-0.320049	-0.15667
5.31468	-0.310746	-0.310746	-0.152115
5.32467	-0.300985	-0.300985	-0.147337
5.33466	-0.290784	-0.290784	-0.142344
5.34465	-0.280161	-0.280161	-0.137144
5.35464	-0.269134	-0.269134	-0.131746
5.36463	-0.257723	-0.257723	-0.12616
5.37462	-0.245946	-0.245946	-0.120395
5.38461	-0.233823	-0.233823	-0.11446
5.3946	-0.221373	-0.221373	-0.108366
5.40459	-0.208616	-0.208616	-0.102121
5.41458	-0.195571	-0.195571	-0.0957356
5.42457	-0.18226	-0.18226	-0.0892195
5.43456	-0.168702	-0.168702	-0.0825826
5.44455	-0.154917	-0.154917	-0.0758346
5.45454	-0.140926	-0.140926	-0.0689856
5.46453	-0.126748	-0.126748	-0.0620454
5.47452	-0.112404	-0.112404	-0.0550239
5.48451	-0.0979143	-0.0979143	-0.0479307
5.4945	-0.083298	-0.083298	-0.0407758
5.50449	-0.0685752	-0.0685752	-0.0335688
5.51448	-0.0537655	-0.0537655	-0.0263191
5.52447	-0.0388882	-0.0388882	-0.0190364
5.53446	-0.0239624	-0.0239624	-0.01173
5.54445	-0.00900707	-0.00900707	-0.00440912
5.55444	0.00595933	0.00595933	0.0029172
5.56443	0.0209185	0.0209185	0.01024
5.57442	0.0358527	0.0358527	0.0175505
5.58441	0.0507441	0.0507441	0.0248401
5.5944	0.0655758	0.0655758	0.0321005
5.60439	0.0803309	0.0803309	0.0393234
5.61438	0.0949932	0.0949932	0.0465008
5.62437	0.109547	0.109547	0.053625
5.63436	0.123976	0.123976	0.0606884
5.64435	0.138266	0.138266	0.0676836
5.65434	0.152402	0.152402	0.0746036
5.66433	0.166371	0.166371	0.0814415
5.67432	0.180159	0.180159	0.0881907
5.68431	0.193752	0.193752	0.0948449
5.6943	0.207139	0.207139	0.101398
5.70429	0.220307	0.220307	0.107844
5.71428	0.233245	0.233245	0.114177
5.72427	0.245942	0.245942	0.120393
5.73426	0.258389	0.258389	0.126486
5.74425	0.270574	0.270574	0.132451
5.75424	0.28249	0.28249	0.138284
5.76423	0.294126	0.294126	0.14398
5.77422	0.305476	0.305476	0.149536
5.78421	0.316532	0.316532	0.154948
5.7942	0.327286	0.327286	0.160212
5.80419	0.337732	0.337732	0.165326
5.81418	0.347865	0.347865	0.170286
5.82417	0.357678	0.357678	0.17509
5.83416	0.367167	0.367167	0.179735
5.84415	0.376328	0.376328	0.184219
5.85414	0.385157	0.385157	0.188541
5.86413	0.39365	0.39365	0.192699
5.87412	0.401805	0.401805	0.196691
5.88411	0.40962	0.40962	0.200516
5.8941	0.417092	0.417092	0.204174
5.90409	0.42422	0.42422	0.207663
5.91408	0.431004	0.431004	0.210984
5.92407	0.437443	0.437443	0.214136
5.93406	0.443536	0.443536	0.217119
5.94405	0.449285	0.449285	0.219933
5.95404	0.454691	0.454691	0.222579
5.96403	0.459753	0.459753	0.225057
5.97402	0.464475	0.464475	0.227369
5.98401	0.468858	0.468858	0.229514
5.994	0.472905	0.472905	0.231495
6.00399	0.476618	0.476618	0.233313
6.01398	0.48	0.48	0.234968
6.02397	0.483055	0.483055	0.236464
6.03396	0.485786	0.485786	0.237801
6.04395	0.488198	0.488198	0.238982
6.05394	0.490295	0.490295	0.240008
6.06393	0.492081	0.492081	0.240882
6.07392	0.493562	0.493562	0.241607
6.08391	0.494741	0.494741	0.242184
6.0939	0.495625	0.495625	0.242617
6.10389	0.496219	0.496219	0.242908
6.11388	0.496529	0.496529	0.24306
6.12387	0.49656	0.49656	0.243075
6.13386	0.496319	0.496319	0.242957
6.14385	0.495812	0.495812	0.242708
6.15384	0.495044	0.495044	0.242333
6.16383	0.494024	0.494024	0.241833
6.17382	0.492756	0.492756	0.241213
6.18381	0.491249	0.491249	0.240475
6.1938	0.489508	0.489508	0.239622
6.20379	0.48754	0.48754	0.238659
6.21378	0.485353	0.485353	0.237589
6.22377	0.482953	0.482953	0.236414
6.23376	0.480348	0.480348	0.235139
6.24375	0.477545	0.477545	0.233766
6.25374	0.47455	0.47455	0.2323
6.26373	0.471371	0.471371	0.230744
6.27372	0.468015	0.468015	0.229101
6.28371	0.464488	0.464488	0.227375
6.2937	0.460799	0.460799	0.225569
6.30369	0.456954	0.456954	0.223687
6.31368	0.45296	0.45296	0.221732
6.32367	0.448825	0.448825	0.219708
6.33366	0.444554	0.444554	0.217617
6.34365	0.440156	0.440156	0.215464
6.35364	0.435637	0.435637	0.213252
6.36363	0.431003	0.431003	0.210983
6.37362	0.426261	0.426261	0.208662
6.38361	0.421418	0.421418	0.206292
6.3936	0.416481	0.416481	0.203875
6.40359	0.411456	0.411456	0.201415
6.41358	0.406349	0.406349	0.198915
6.42357	0.401166	0.401166	0.196377
6.43356	0.395913	0.395913	0.193806
6.44355	0.390597	0.390597	0.191204
6.45354	0.385223	0.385223	0.188573
6.46353	0.379798	0.379798	0.185917
6.47352	0.374326	0.374326	0.183239
6.48351	0.368813	0.368813	0.18054
6.4935	0.363264	0.363264	0.177824
6.50349	0.357686	0.357686	0.175093
6.51348	0.352082	0.352082	0.17235
6.52347	0.346458	0.346458	0.169597
6.53346	0.340819	0.340819	0.166837
6.54345	0.335169	0.335169	0.164071
6.55344	0.329513	0.329513	0.161302
6.56343	0.323855	0.323855	0.158533
6.57342	0.3182	0.3182	0.155765
6.58341	0.312552	0.312552	0.153
6.5934	0.306914	0.306914	0.15024
6.60339	0.301291	0.301291	0.147487
6.61338	0.295686	0.295686	0.144743
6.62337	0.290102	0.290102	0.14201
6.63336	0.284544	0.284544	0.139289
6.64335	0.279014	0.279014	0.136582
6.65334	0.273516	0.273516	0.133891
6.66333	0.268052	0.268052	0.131216
6.67332	0.262626	0.262626	0.12856
6.68331	0.25724	0.25724	0.125924
6.6933	0.251897	0.251897	0.123308
6.70329	0.246599	0.246599	0.120715
6.71328	0.241349	0.241349	0.118145
6.72327	0.236149	0.236149	0.115599
6.73326	0.231	0.231	0.113079
6.74325	0.225906	0.225906	0.110585
6.75324	0.220867	0.220867	0.108118
6.76323	0.215885	0.215885	0.10568
6.77322	0.210963	0.210963	0.10327
6.78321	0.206101	0.206101	0.10089
6.7932	0.201301	0.201301	0.0985404
6.80319	0.196565	0.196565	0.0962218
6.81318	0.191892	0.191892	0.0939347
6.82317	0.187286	0.187286	0.0916796
6.83316	0.182746	0.182746	0.0894571
6.84315	0.178273	0.178273	0.0872675
6.85314	0.173868	0.173868	0.0851113
6.86313	0.169532	0.169532	0.0829888
6.87312	0.165265	0.165265	0.0809002
6.88311	0.161069	0.161069	0.0788459
6.8931	0.156943	0.156943	0.0768261
6.90309	0.152887	0.152887	0.0748408
6.91308	0.148903	0.148903	0.0728903
6.92307	0.144989	0.144989	0.0709747
6.93306	0.141147	0.141147	0.069094
6.94305	0.137377	0.137377	0.0672482
6.95304	0.133677	0.133677	0.0654374
6.96303	0.130049	0.130049	0.0636614
6.97302	0.126493	0.126493	0.0619204
6.98301	0.123007	0.123007	0.060214
6.993	0.119592	0.119592	0.0585423
7.00299	0.116247	0.116247	0.0569051
7.01298	0.112973	0.112973	0.0553022
7.02297	0.109768	0.109768	0.0537334
7.03296	0.106633	0.106633	0.0521985
7.04295	0.103566	0.103566	0.0506973
7.05294	0.100568	0.100568	0.0492295
7.06293	0.0976368	0.0976368	0.0477949
7.07292	0.0947731	0.0947731	0.0463931
7.08291	0.0919759	0.0919759	0.0450238
7.0929	0.0892445	0.0892445	0.0436867
7.10289	0.0865782	0.0865782	0.0423815
7.11288	0.0839762	0.0839762	0.0411078
7.12287	0.081438	0.081438	0.0398653
7.13286	0.0789626	0.0789626	0.0386535
7.14285	0.0765492	0.0765492	0.0374722
7.15284	0.0741972	0.0741972	0.0363208
7.16283	0.0719056	0.0719056	0.035199
7.17282	0.0696736	0.0696736	0.0341064
7.18281	0.0675004	0.0675004	0.0330426
7.1928	0.065385	0.065385	0.0320071
7.20279	0.0633267	0.0633267	0.0309995
7.21278	0.0613245	0.0613245	0.0300194
7.22277	0.0593775	0.0593775	0.0290663
7.23276	0.0574849	0.0574849	0.0281399
7.24275	0.0556457	0.0556457	0.0272395
7.25274	0.053859	0.053859	0.0263649
7.26273	0.052124	0.052124	0.0255156
7.27272	0.0504396	0.0504396	0.0246911
7.28271	0.0488051	0.0488051	0.0238909
7.2927	0.0472194	0.0472194	0.0231147
7.30269	0.0456818	0.0456818	0.022362
7.31268	0.0441912	0.0441912	0.0216324
7.32267	0.0427469	0.0427469	0.0209253
7.33266	0.0413478	0.0413478	0.0202405
7.34265	0.0399932	0.0399932	0.0195774
7.35264	0.0386822	0.0386822	0.0189356
7.36263	0.0374139	0.0374139	0.0183147
7.37262	0.0361874	0.0361874	0.0177143
7.38261	0.0350019	0.0350019	0.017134
7.3926	0.0338567	0.0338567	0.0165734
7.40259	0.0327507	0.0327507	0.0160321
7.41258	0.0316834	0.0316834	0.0155096
7.42257	0.0306538	0.0306538	0.0150056
7.43256	0.0296613	0.0296613	0.0145197
7.44255	0.028705	0.028705	0.0140516
7.45254	0.0277842	0.0277842	0.0136008
7.46253	0.0268981	0.0268981	0.0131671
7.47252	0.0260462	0.0260462	0.0127501
7.48251	0.0252276	0.0252276	0.0123493
7.4925	0.0244417	0.0244417	0.0119646
7.50249	0.0236879	0.0236879	0.0115956
7.51248	0.0229654	0.0229654	0.011242
7.52247	0.0222738	0.0222738	0.0109034
7.53246	0.0216124	0.0216124	0.0105796
7.54245	0.0209806	0.0209806	0.0102704
7.55244	0.0203779	0.0203779	0.00997536
7.56243	0.0198038	0.0198038	0.00969431
7.57242	0.0192577	0.0192577	0.00942699
7.58241	0.0187392	0.0187392	0.00917316
7.5924	0.0182478	0.0182478	0.00893261
7.60239	0.0177831	0.0177831	0.00870511
7.61238	0.0173446	0.0173446	0.00849047
7.62237	0.016932	0.016932	0.0082885
7.63236	0.0165449	0.0165449	0.00809902
7.64235	0.016183	0.016183	0.00792187
7.65234	0.015846	0.015846	0.0077569
7.66233	0.0155336	0.0155336	0.00760398
7.67232	0.0152456	0.0152456	0.00746298
7.68231	0.0149817	0.0149817	0.0073338
7.6923	0.0147418	0.0147418	0.00721634
7.70229	0.0145256	0.0145256	0.00711054
7.71228	0.0143331	0.0143331	0.00701632
7.72227	0.0141642	0.0141642	0.00693364
7.73226	0.0140189	0.0140189	0.00686247
7.74225	0.013897	0.013897	0.00680281
7.75224	0.0137986	0.0137986	0.00675464
7.76223	0.0137237	0.0137237	0.00671801
7.77222	0.0136725	0.0136725	0.00669294
7.78221	0.0136451	0.0136451	0.00667951
7.7922	0.0136416	0	0.00667778
7.80219	0.0136622	0	0.00668787
7.81218	0.0137071	0	0.00670988
7.82217	0.0137768	0	0.00674398
7.83216	0.0138714	0	0.00679031
7.84215	0.0139915	0	0.00684908
7.85214	0.0141374	0	0.0069205
7.86213	0.0143096	0	0.0070048
7.87212	0.0145087	0	0.00710226
7.88211	0.0147353	0	0.00721317
7.8921	0.01499	0	0.00733785
7.90209	0.0152735	0	0.00747666
7.91208	0.0155867	0	0.00762998
7.92207	0.0159304	0	0.00779822
7.93206	0.0163056	0	0.00798185
7.94205	0.0167131	0	0.00818135
7.95204	0.0171541	0	0.00839724
7.96203	0.0176298	0	0.0086301
7.97202	0.0181414	0	0.00888053
7.98201	0.0186902	0	0.00914917
7.992	0.0192776	0	0.00943674
8.00199	0.0199052	0	0.00974396
8.01198	0.0205746	0	0.0100716
8.02197	0.0212876	0	0.0104206
8.03196	0.0220459	0	0.0107918
8.04195	0.0228515	0	0.0111862
8.05194	0.0237066	0	0.0116048
8.06193	0.0246133	0	0.0120487
8.07192	0.0255741	0	0.012519
8.08191	0.0265915	0	0.013017
8.0919	0.0276681	0	0.013544
8.10189	0.0288068	0	0.0141014
8.11188	0.0300106	0	0.0146907
8.12187	0.0312827	0	0.0153134
8.13186	0.0326265	0	0.0159712
8.14185	0.0340457	0	0.0166659
8.15184	0.035544	0	0.0173994
8.16183	0.0371255	0	0.0181736
8.17182	0.0387946	0	0.0189906
8.18181	0.0405557	0	0.0198527
8.1918	0.0424138	0	0.0207623
8.20179	0.0443739	0	0.0217218
8.21178	0.0464415	0	0.0227339
8.22177	0.0486224	0	0.0238015
8.23176	0.0509228	0	0.0249276
8.24175	0.0533489	0	0.0261152
8.25174	0.0559079	0	0.0273679
8.26173	0.0586069	0	0.0286891
8.27172	0.0614536	0	0.0300826
8.28171	0.0644563	0	0.0315525
8.2917	0.0676237	0	0.033103
8.30169	0.0709649	0	0.0347385
8.31168	0.0744897	0	0.036464
8.32167	0.0782085	0	0.0382844
8.33166	0.0821322	0	0.0402051
8.34165	0.0862725	0	0.0422319
8.35164	0.0906418	0	0.0443707
8.36163	0.0952531	0	0.0466281
8.37162	0.10012	0	0.0490107
8.38161	0.105258	0	0.0515258
8.3916	0.110683	0	0.0541811
8.40159	0.11641	0	0.0569847
8.41158	0.122458	0	0.0599453
8.42157	0.128845	0	0.063072
8.43156	0.135592	0	0.0663744
8.44155	0.142718	0	0.069863
8.45154	0.150248	0	0.0735488
8.46153	0.158203	0	0.0774432
8.47152	0.166611	0	0.0815587
8.48151	0.175496	0	0.0859085
8.4915	0.184889	0	0.0905064
8.50149	0.194819	0	0.0953673
8.51148	0.205319	0	0.100507
8.52147	0.216422	0	0.105942
8.53146	0.228164	0	0.11169
8.54145	0.240586	0	0.117771
8.55144	0.253726	0	0.124203
8.56143	0.26763	0	0.13101
8.57142	0.282344	0	0.138212
8.58141	0.297916	0	0.145835
8.5914	0.3144	0	0.153904
8.60139	0.33185	0	0.162446
8.61138	0.350327	0	0.171491
8.62137	0.369894	0	0.18107
8.63136	0.390618	0	0.191214
8.64135	0.41257	0	0.20196
8.65134	0.435827	0	0.213345
8.66133	0.460469	0	0.225408
8.67132	0.486583	0	0.238191
8.68131	0.514261	0	0.25174
8.6913	0.543601	0	0.266102
8.70129	0.574707	0	0.281329
8.71128	0.607689	0	0.297474
8.72127	0.642667	0	0.314596
8.73126	0.679765	0	0.332757
8.74125	0.71912	0	0.352021
8.75124	0.760872	0	0.37246
8.76123	0.805176	0	0.394148
8.77122	0.852194	0	0.417164
8.78121	0.902099	0	0.441593
8.7912	0.955076	0	0.467526
8.80119	1.01132	0	0.495059
8.81118	1.07105	0	0.524296
8.82117	1.13448	0	0.555345
8.83116	1.20185	0	0.588325
8.84115	1.27342	0	0.62336
8.85114	1.34946	0	0.660583
8.86113	1.43026	0	0.700138
8.87112	1.51614	0	0.742175
8.88111	1.60741	0	0.786857
8.8911	1.70445	0	0.834357
8.90109	1.80762	0	0.88486
8.91108	1.91733	0	0.938564
8.92107	2.034	0	0.99568
8.93106	2.15811	0	1.05643
8.94105	2.29014	0	1.12106
8.95104	2.43061	0	1.18983
8.96103	2.58009	0	1.263
8.97102	2.73918	0	1.34088
8.98101	2.90852	0	1.42377
8.991	3.0888	0	1.51202
9.00099	3.28074	0	1.60598
9.01098	3.48514	0	1.70604
9.02097	3.70283	0	1.8126
9.03096	3.9347	0	1.9261
9.04095	4.18172	0	2.04703
9.05094	4.44492	0	2.17586
9.06093	4.72539	0	2.31316
9.07092	5.0243	0	2.45948
9.08091	5.34292	0	2.61545
9.0909	5.68259	0	2.78172
9.10089	6.04475	0	2.95901
9.11088	6.43095	0	3.14806
9.12087	6.84283	0	3.34968
9.13086	7.28217	0	3.56475
9.14085	7.75087	0	3.79418
9.15084	8.25095	0	4.03898
9.16083	8.78458	0	4.30021
9.17082	9.35411	0	4.579
9.18081	9.96203	0	4.87658
9.1908	10.611	0	5.19427
9.20079	11.3039	0	5.53347
9.21078	12.0439	0	5.89567
9.22077	12.8341	0	6.28251
9.23076	13.6782	0	6.6957
9.24075	14.5799	0	7.13711
9.25074	15.5433	0	7.60873
9.26073	16.5728	0	8.11269
9.27072	17.6731	0	8.65128
9.28071	18.8491	0	9.22697
9.2907	20.1063	0	9.8424
9.30069	21.4505	0	10.5004
9.31068	22.8878	0	11.204
9.32067	24.425	0	11.9565
9.33066	26.0692	0	12.7613
9.34065	27.828	0	13.6223
9.35064	29.7098	0	14.5435
9.36063	31.7234	0	15.5292
9.37062	33.8784	0	16.584
9.38061	36.1849	0	17.7131
9.3906	38.6539	0	18.9218
9.40059	41.2974	0	20.2158
9.41058	44.1279	0	21.6014
9.42057	47.1591	0	23.0852
9.43056	50.4058	0	24.6745
9.44055	53.8836	0	26.377
9.45054	57.6096	0	28.2009
9.46053	61.602	0	30.1552
9.47052	65.8804	0	32.2496
9.48051	70.4659	0	34.4943
9.4905	75.3812	0	36.9004
9.50049	80.6508	0	39.48
9.51048	86.301	0	42.2458
9.52047	92.36	0	45.2118
9.53046	98.8584	0	48.3929
9.54045	105.829	0	51.8051
9.55044	113.307	0	55.4656
9.56043	121.33	0	59.3931
9.57042	129.94	0	63.6077
9.58041	139.18	0	68.1309
9.5904	149.098	0	72.9859
9.60039	159.745	0	78.1979
9.61038	171.176	0	83.7937
9.62037	183.451	0	89.8026
9.63036	196.634	0	96.2557
9.64035	210.793	0	103.187
9.65034	226.003	0	110.633
9.66033	242.345	0	118.632
9.67032	259.904	0	127.228
9.68031	278.774	0	136.465
9.6903	299.056	0	146.393
9.70029	320.857	0	157.065
9.71028	344.296	0	168.539
9.72027	369.497	0	180.875
9.73026	396.598	0	194.142
9.74025	425.746	0	208.41
9.75024	457.099	0	223.758
9.76023	490.828	0	240.269
9.77022	527.118	0	258.033
9.78021	566.169	0	277.15
9.7902	608.197	0	297.723
9.80019	653.434	0	319.867
9.81018	702.132	0	343.706
9.82017	754.563	0	369.372
9.83016	811.02	0	397.008
9.84015	871.819	0	426.771
9.85014	937.305	0	458.827
9.86013	1007.85	0	493.358
9.87012	1083.85	0	530.561
9.88011	1165.73	0	570.647
9.8901	1253.98	0	613.844
9.90009	1349.09	0	660.402
9.91008	1451.61	0	710.586
9.92007	1562.13	0	764.689
9.93006	1681.29	0	823.022
9.94005	1809.79	0	885.924
9.95004	1948.38	0	953.764
9.96003	2097.86	0	1026.94
9.97002	2259.11	0	1105.87
9.98001	2433.08	0	1191.04
9.99	2620.81	0	1282.93
