0	0.332975	0.332975	1
0.00999	0.332427	0.332427	0.998355
0.01998	0.330785	0.330785	0.993424
0.02997	0.328054	0.328054	0.985221
0.03996	0.324242	0.324242	0.973774
0.04995	0.319363	0.319363	0.959122
0.05994	0.313433	0.313433	0.941312
0.06993	0.306471	0.306471	0.920402
0.07992	0.2985	0.2985	0.896463
0.08991	0.289546	0.289546	0.869572
0.0999	0.279639	0.279639	0.839819
0.10989	0.268811	0.268811	0.807302
0.11988	0.257099	0.257099	0.772128
0.12987	0.244541	0.244541	0.734412
0.13986	0.231178	0.231178	0.69428
0.14985	0.217054	0.217054	0.651863
0.15984	0.202216	0.202216	0.607301
0.16983	0.186713	0.186713	0.560741
0.17982	0.170595	0.170595	0.512336
0.18981	0.153916	0.153916	0.462247
0.1998	0.136732	0.136732	0.410636
0.20979	0.119097	0.119097	0.357676
0.21978	0.101071	0.101071	0.303539
0.22977	0.0827124	0.0827124	0.248404
0.23976	0.064082	0.064082	0.192453
0.24975	0.0452411	0.0452411	0.135869
0.25974	0.0262514	0.0262514	0.078839
0.26973	0.00717547	0.00717547	0.0215496
0.27972	-0.011924	-0.011924	-0.0358106
0.28971	-0.0309844	-0.0309844	-0.0930532
0.2997	-0.049943	-0.049943	-0.14999
0.30969	-0.0687375	-0.0687375	-0.206435
0.31968	-0.0873065	-0.0873065	-0.262201
0.32967	-0.105589	-0.105589	-0.317108
0.33966	-0.123525	-0.123525	-0.370973
0.34965	-0.141055	-0.141055	-0.423621
0.35964	-0.158123	-0.158123	-0.47488
0.36963	-0.174672	-0.174672	-0.524581
0.37962	-0.190649	-0.190649	-0.572562
0.38961	-0.206	-0.206	-0.618666
0.3996	-0.220677	-0.220677	-0.662743
0.40959	-0.23463	-0.23463	-0.704648
0.41958	-0.247815	-0.247815	-0.744245
0.42957	-0.260188	-0.260188	-0.781404
0.43956	-0.271709	-0.271709	-0.816005
0.44955	-0.282341	-0.282341	-0.847934
0.45954	-0.292049	-0.292049	-0.877089
0.46953	-0.300801	-0.300801	-0.903375
0.47952	-0.30857	-0.30857	-0.926706
0.48951	-0.315329	-0.315329	-0.947007
0.4995	-0.321058	-0.321058	-0.964213
0.50949	-0.325738	-0.325738	-0.978267
0.51948	-0.329354	-0.329354	-0.989127
0.52947	-0.331894	-0.331894	-0.996756
0.53946	-0.333351	-0.333351	-1.00113
0.54945	-0.33372	-0.33372	-1.00224
0.55944	-0.333	-0.333	-1.00008
0.56943	-0.331194	-0.331194	-0.994653
0.57942	-0.328309	-0.328309	-0.985986
0.58941	-0.324353	-0.324353	-0.974106
0.5994	-0.31934	-0.31934	-0.959053
0.60939	-0.313288	-0.313288	-0.940876
0.61938	-0.306216	-0.306216	-0.919636
0.62937	-0.298147	-0.298147	-0.895403
0.63936	-0.289108	-0.289108	-0.868258
0.64935	-0.279129	-0.279129	-0.838289
0.65934	-0.268243	-0.268243	-0.805595
0.66933	-0.256485	-0.256485	-0.770284
0.67932	-0.243894	-0.243894	-0.732471
0.68931	-0.230512	-0.230512	-0.69228
0.6993	-0.216381	-0.216381	-0.649842
0.70929	-0.201548	-0.201548	-0.605296
0.71928	-0.186062	-0.186062	-0.558788
0.72927	-0.169973	-0.169973	-0.510469
0.73926	-0.153333	-0.153333	-0.460496
0.74925	-0.136197	-0.136197	-0.409032
0.75924	-0.11862	-0.11862	-0.356244
0.76923	-0.100659	-0.100659	-0.302303
0.77922	-0.082373	-0.082373	-0.247385
0.78921	-0.0638204	-0.0638204	-0.191667
0.7992	-0.0450617	-0.0450617	-0.135331
0.80919	-0.0261574	-0.0261574	-0.0785568
0.81918	-0.00716878	-0.00716878	-0.0215295
0.82917	0.011843	0.011843	0.0355673
0.83916	0.0308166	0.0308166	0.0925494
0.84915	0.0496909	0.0496909	0.149233
0.85914	0.0684052	0.0684052	0.205437
0.86913	0.0868993	0.0868993	0.260979
0.87912	0.105114	0.105114	0.315681
0.88911	0.12299	0.12299	0.369368
0.8991	0.140472	0.140472	0.421869
0.90909	0.157502	0.157502	0.473014
0.91908	0.174026	0.174026	0.522641
0.92907	0.189992	0.189992	0.570591
0.93906	0.205349	0.205349	0.616712
0.94905	0.220048	0.220048	0.660856
0.95904	0.234042	0.234042	0.702884
0.96903	0.247288	0.247288	0.742661
0.97902	0.259742	0.259742	0.780064
0.98901	0.271365	0.271365	0.814972
0.999	0.282122	0.282122	0.847277
1.00899	0.291977	0.291977	0.876876
1.01898	0.300902	0.300902	0.903677
1.02897	0.308866	0.308866	0.927596
1.03896	0.315846	0.315846	0.948559
1.04895	0.32182	0.32182	0.966501
1.05894	0.32677	0.32677	0.981367
1.06893	0.330681	0.330681	0.993111
1.07892	0.33354	0.33354	1.0017
1.08891	0.33534	0.33534	1.0071
1.0989	0.336076	0.336076	1.00931
1.10889	0.335745	0.335745	1.00832
1.11888	0.33435	0.33435	1.00413
1.12887	0.331896	0.331896	0.996761
1.13886	0.328392	0.328392	0.986236
1.14885	0.323848	0.323848	0.972592
1.15884	0.318281	0.318281	0.955873
1.16883	0.311709	0.311709	0.936134
1.17882	0.304153	0.304153	0.913441
1.18881	0.295637	0.295637	0.887867
1.1988	0.28619	0.28619	0.859495
1.20879	0.275842	0.275842	0.828416
1.21878	0.264625	0.264625	0.79473
1.22877	0.252576	0.252576	0.758545
1.23876	0.239734	0.239734	0.719977
1.24875	0.226139	0.226139	0.679148
1.25874	0.211835	0.211835	0.636189
1.26873	0.196867	0.196867	0.591236
1.27872	0.181282	0.181282	0.544431
1.28871	0.165129	0.165129	0.495922
1.2987	0.148461	0.148461	0.445862
1.30869	0.131328	0.131328	0.39441
1.31868	0.113786	0.113786	0.341726
1.32867	0.0958887	0.0958887	0.287976
1.33866	0.0776925	0.0776925	0.233329
1.34865	0.0592544	0.0592544	0.177955
1.35864	0.0406319	0.0406319	0.122027
1.36863	0.0218832	0.0218832	0.0657202
1.37862	0.0030664	0.0030664	0.00920911
1.38861	-0.0157599	-0.0157599	-0.0473305
1.3986	-0.0345373	-0.0345373	-0.103723
1.40859	-0.0532078	-0.0532078	-0.159795
1.41858	-0.0717136	-0.0717136	-0.215372
1.42857	-0.0899977	-0.0899977	-0.270284
1.43856	-0.108004	-0.108004	-0.32436
1.44855	-0.125677	-0.125677	-0.377436
1.45854	-0.142962	-0.142962	-0.429347
1.46853	-0.159807	-0.159807	-0.479937
1.47852	-0.17616	-0.17616	-0.529049
1.48851	-0.191971	-0.191971	-0.576534
1.4985	-0.207193	-0.207193	-0.622249
1.50849	-0.221779	-0.221779	-0.666055
1.51848	-0.235686	-0.235686	-0.707818
1.52847	-0.24887	-0.24887	-0.747414
1.53846	-0.261293	-0.261293	-0.784723
1.54845	-0.272917	-0.272917	-0.819634
1.55844	-0.283709	-0.283709	-0.852042
1.56843	-0.293634	-0.293634	-0.881851
1.57842	-0.302665	-0.302665	-0.908973
1.58841	-0.310775	-0.310775	-0.933328
1.5984	-0.317939	-0.317939	-0.954845
1.60839	-0.324138	-0.324138	-0.973461
1.61838	-0.329353	-0.329353	-0.989123
1.62837	-0.33357	-0.33357	-1.00179
1.63836	-0.336776	-0.336776	-1.01142
1.64835	-0.338964	-0.338964	-1.01799
1.65834	-0.340128	-0.340128	-1.02148
1.66833	-0.340265	-0.340265	-1.0219
1.67832	-0.339377	-0.339377	-1.01923
1.68831	-0.337466	-0.337466	-1.01349
1.6983	-0.33454	-0.33454	-1.0047
1.70829	-0.330609	-0.330609	-0.992894
1.71828	-0.325685	-0.325685	-0.978108
1.72827	-0.319785	-0.319785	-0.960389
1.73826	-0.312928	-0.312928	-0.939794
1.74825	-0.305134	-0.305134	-0.916388
1.75824	-0.296429	-0.296429	-0.890244
1.76823	-0.286839	-0.286839	-0.861443
1.77822	-0.276394	-0.276394	-0.830075
1.78821	-0.265126	-0.265126	-0.796235
1.7982	-0.25307	-0.25307	-0.760028
1.80819	-0.240262	-0.240262	-0.721563
1.81818	-0.226742	-0.226742	-0.680958
1.82817	-0.212549	-0.212549	-0.638335
1.83816	-0.197728	-0.197728	-0.593823
1.84815	-0.182322	-0.182322	-0.547556
1.85814	-0.166378	-0.166378	-0.499673
1.86813	-0.149944	-0.149944	-0.450316
1.87812	-0.133068	-0.133068	-0.399634
1.88811	-0.115801	-0.115801	-0.347776
1.8981	-0.0981934	-0.0981934	-0.294897
1.90809	-0.0802979	-0.0802979	-0.241153
1.91808	-0.0621673	-0.0621673	-0.186703
1.92807	-0.0438547	-0.0438547	-0.131706
1.93806	-0.025414	-0.025414	-0.0763242
1.94805	-0.00689915	-0.00689915	-0.0207197
1.95804	0.0116358	0.0116358	0.0349451
1.96803	0.030137	0.030137	0.0905083
1.97802	0.0485505	0.0485505	0.145808
1.98801	0.0668232	0.0668232	0.200685
1.998	0.0849022	0.0849022	0.254981
2.00799	0.102735	0.102735	0.308538
2.01798	0.120272	0.120272	0.361204
2.02797	0.137461	0.137461	0.412827
2.03796	0.154254	0.154254	0.46326
2.04795	0.170603	0.170603	0.51236
2.05794	0.186462	0.186462	0.559988
2.06793	0.201785	0.201785	0.606008
2.07792	0.21653	0.21653	0.650291
2.08791	0.230656	0.230656	0.692713
2.0979	0.244122	0.244122	0.733156
2.10789	0.256892	0.256892	0.771507
2.11788	0.26893	0.26893	0.807659
2.12787	0.280203	0.280203	0.841513
2.13786	0.290679	0.290679	0.872977
2.14785	0.300331	0.300331	0.901965
2.15784	0.309133	0.309133	0.928397
2.16783	0.31706	0.31706	0.952204
2.17782	0.324092	0.324092	0.973323
2.18781	0.33021	0.33021	0.991697
2.1978	0.335399	0.335399	1.00728
2.20779	0.339644	0.339644	1.02003
2.21778	0.342937	0.342937	1.02992
2.22777	0.345269	0.345269	1.03692
2.23776	0.346635	0.346635	1.04102
2.24775	0.347032	0.347032	1.04222
2.25774	0.346462	0.346462	1.04051
2.26773	0.344928	0.344928	1.0359
2.27772	0.342434	0.342434	1.02841
2.28771	0.338991	0.338991	1.01807
2.2977	0.334608	0.334608	1.0049
2.30769	0.329299	0.329299	0.988962
2.31768	0.323082	0.323082	0.970288
2.32767	0.315973	0.315973	0.94894
2.33766	0.307995	0.307995	0.924981
2.34765	0.299171	0.299171	0.898479
2.35764	0.289526	0.289526	0.869514
2.36763	0.279089	0.279089	0.838168
2.37762	0.267888	0.267888	0.80453
2.38761	0.255957	0.255957	0.768698
2.3976	0.243328	0.243328	0.730771
2.40759	0.230038	0.230038	0.690857
2.41758	0.216123	0.216123	0.649068
2.42757	0.201623	0.201623	0.60552
2.43756	0.186577	0.186577	0.560335
2.44755	0.171028	0.171028	0.513636
2.45754	0.155018	0.155018	0.465553
2.46753	0.13859	0.13859	0.416218
2.47752	0.121791	0.121791	0.365765
2.48751	0.104665	0.104665	0.314332
2.4975	0.0872587	0.0872587	0.262058
2.50749	0.0696196	0.0696196	0.209084
2.51748	0.051795	0.051795	0.155552
2.52747	0.0338326	0.0338326	0.101607
2.53746	0.0157803	0.0157803	0.0473918
2.54745	-0.00231385	-0.00231385	-0.00694902
2.55744	-0.0204019	-0.0204019	-0.0612715
2.56743	-0.038436	-0.038436	-0.115432
2.57742	-0.0563689	-0.0563689	-0.169289
2.58741	-0.0741536	-0.0741536	-0.2227
2.5974	-0.0917437	-0.0917437	-0.275527
2.60739	-0.109093	-0.109093	-0.327633
2.61738	-0.126158	-0.126158	-0.378881
2.62737	-0.142893	-0.142893	-0.429142
2.63736	-0.159257	-0.159257	-0.478284
2.64735	-0.175206	-0.175206	-0.526184
2.65734	-0.190701	-0.190701	-0.572719
2.66733	-0.205703	-0.205703	-0.617772
2.67732	-0.220173	-0.220173	-0.66123
2.68731	-0.234076	-0.234076	-0.702983
2.6973	-0.247376	-0.247376	-0.742928
2.70729	-0.260042	-0.260042	-0.780966
2.71728	-0.272041	-0.272041	-0.817003
2.72727	-0.283346	-0.283346	-0.850953
2.73726	-0.293927	-0.293927	-0.882731
2.74725	-0.303761	-0.303761	-0.912264
2.75724	-0.312823	-0.312823	-0.939479
2.76723	-0.321092	-0.321092	-0.964313
2.77722	-0.328549	-0.328549	-0.986709
2.78721	-0.335178	-0.335178	-1.00662
2.7972	-0.340962	-0.340962	-1.02399
2.80719	-0.34589	-0.34589	-1.03879
2.81718	-0.349951	-0.349951	-1.05098
2.82717	-0.353137	-0.353137	-1.06055
2.83716	-0.355442	-0.355442	-1.06747
2.84715	-0.356861	-0.356861	-1.07174
2.85714	-0.357395	-0.357395	-1.07334
2.86713	-0.357042	-0.357042	-1.07228
2.87712	-0.355807	-0.355807	-1.06857
2.88711	-0.353694	-0.353694	-1.06222
2.8971	-0.35071	-0.35071	-1.05326
2.90709	-0.346866	-0.346866	-1.04172
2.91708	-0.342172	-0.342172	-1.02762
2.92707	-0.336641	-0.336641	-1.01101
2.93706	-0.33029	-0.33029	-0.991937
2.94705	-0.323136	-0.323136	-0.970451
2.95704	-0.315197	-0.315197	-0.94661
2.96703	-0.306496	-0.306496	-0.920478
2.97702	-0.297055	-0.297055	-0.892123
2.98701	-0.286898	-0.286898	-0.86162
2.997	-0.276052	-0.276052	-0.829047
3.00699	-0.264544	-0.264544	-0.794486
3.01698	-0.252404	-0.252404	-0.758027
3.02697	-0.239662	-0.239662	-0.719759
3.03696	-0.22635	-0.22635	-0.67978
3.04695	-0.2125	-0.2125	-0.638188
3.05694	-0.198148	-0.198148	-0.595085
3.06693	-0.183329	-0.183329	-0.550578
3.07692	-0.168077	-0.168077	-0.504775
3.08691	-0.152431	-0.152431	-0.457786
3.0969	-0.136428	-0.136428	-0.409725
3.10689	-0.120106	-0.120106	-0.360707
3.11688	-0.103505	-0.103505	-0.310849
3.12687	-0.0866626	-0.0866626	-0.260268
3.13686	-0.0696197	-0.0696197	-0.209084
3.14685	-0.0524158	-0.0524158	-0.157417
3.15684	-0.0350911	-0.0350911	-0.105387
3.16683	-0.0176858	-0.0176858	-0.0531144
3.17682	-0.000239833	-0.000239833	-0.000720273
3.18681	0.0172067	0.0172067	0.0516755
3.1968	0.0346139	0.0346139	0.103954
3.20679	0.0519425	0.0519425	0.155995
3.21678	0.0691534	0.0691534	0.207684
3.22677	0.086208	0.086208	0.258903
3.23676	0.103068	0.103068	0.309538
3.24675	0.119697	0.119697	0.359478
3.25674	0.136057	0.136057	0.408612
3.26673	0.152114	0.152114	0.456833
3.27672	0.167831	0.167831	0.504037
3.28671	0.183176	0.183176	0.55012
3.2967	0.198115	0.198115	0.594986
3.30669	0.212617	0.212617	0.638537
3.31668	0.22665	0.22665	0.680682
3.32667	0.240186	0.240186	0.721334
3.33666	0.253196	0.253196	0.760406
3.34665	0.265654	0.265654	0.79782
3.35664	0.277534	0.277534	0.833498
3.36663	0.288812	0.288812	0.867368
3.37662	0.299465	0.299465	0.899363
3.38661	0.309473	0.309473	0.92942
3.3966	0.318817	0.318817	0.95748
3.40659	0.327477	0.327477	0.98349
3.41658	0.335439	0.335439	1.0074
3.42657	0.342686	0.342686	1.02917
3.43656	0.349207	0.349207	1.04875
3.44655	0.354989	0.354989	1.06611
3.45654	0.360023	0.360023	1.08123
3.46653	0.364301	0.364301	1.09408
3.47652	0.367816	0.367816	1.10464
3.48651	0.370563	0.370563	1.11289
3.4965	0.37254	0.37254	1.11882
3.50649	0.373744	0.373744	1.12244
3.51648	0.374176	0.374176	1.12374
3.52647	0.373838	0.373838	1.12272
3.53646	0.372733	0.372733	1.1194
3.54645	0.370865	0.370865	1.11379
3.55644	0.368241	0.368241	1.10591
3.56643	0.36487	0.36487	1.09579
3.57642	0.360761	0.360761	1.08345
3.58641	0.355923	0.355923	1.06892
3.5964	0.350371	0.350371	1.05224
3.60639	0.344117	0.344117	1.03346
3.61638	0.337176	0.337176	1.01262
3.62637	0.329565	0.329565	0.989761
3.63636	0.321302	0.321302	0.964943
3.64635	0.312404	0.312404	0.938221
3.65634	0.302892	0.302892	0.909655
3.66633	0.292787	0.292787	0.879306
3.67632	0.28211	0.28211	0.847241
3.68631	0.270885	0.270885	0.813529
3.6963	0.259134	0.259134	0.778241
3.70629	0.246884	0.246884	0.741451
3.71628	0.23416	0.23416	0.703235
3.72627	0.220987	0.220987	0.663674
3.73626	0.207392	0.207392	0.622846
3.74625	0.193403	0.193403	0.580835
3.75624	0.179049	0.179049	0.537724
3.76623	0.164356	0.164356	0.4936
3.77622	0.149355	0.149355	0.448549
3.78621	0.134075	0.134075	0.402659
3.7962	0.118545	0.118545	0.356019
3.80619	0.102795	0.102795	0.308718
3.81618	0.0868556	0.0868556	0.260847
3.82617	0.070756	0.070756	0.212496
3.83616	0.0545267	0.0545267	0.163756
3.84615	0.0381979	0.0381979	0.114717
3.85614	0.0217998	0.0217998	0.0654697
3.86613	0.00536212	0.00536212	0.0161037
3.87612	-0.0110852	-0.0110852	-0.0332914
3.88611	-0.0275127	-0.0275127	-0.0826269
3.8961	-0.043891	-0.043891	-0.131815
3.90609	-0.0601913	-0.0601913	-0.180768
3.91608	-0.0763851	-0.0763851	-0.229402
3.92607	-0.0924442	-0.0924442	-0.277631
3.93606	-0.108341	-0.108341	-0.325373
3.94605	-0.124049	-0.124049	-0.372547
3.95604	-0.139541	-0.139541	-0.419073
3.96603	-0.154791	-0.154791	-0.464874
3.97602	-0.169775	-0.169775	-0.509873
3.98601	-0.184467	-0.184467	-0.553997
3.996	-0.198845	-0.198845	-0.597176
4.00599	-0.212884	-0.212884	-0.63934
4.01598	-0.226563	-0.226563	-0.680422
4.02597	-0.239861	-0.239861	-0.720359
4.03596	-0.252757	-0.252757	-0.759089
4.04595	-0.265232	-0.265232	-0.796553
4.05594	-0.277266	-0.277266	-0.832695
4.06593	-0.288843	-0.288843	-0.867462
4.07592	-0.299945	-0.299945	-0.900803
4.08591	-0.310556	-0.310556	-0.932671
4.0959	-0.320662	-0.320662	-0.963022
4.10589	-0.330249	-0.330249	-0.991814
4.11588	-0.339304	-0.339304	-1.01901
4.12587	-0.347815	-0.347815	-1.04457
4.13586	-0.355772	-0.355772	-1.06847
4.14585	-0.363164	-0.363164	-1.09067
4.15584	-0.369984	-0.369984	-1.11115
4.16583	-0.376222	-0.376222	-1.12988
4.17582	-0.381874	-0.381874	-1.14685
4.18581	-0.386932	-0.386932	-1.16205
4.1958	-0.391392	-0.391392	-1.17544
4.20579	-0.395251	-0.395251	-1.18703
4.21578	-0.398507	-0.398507	-1.19681
4.22577	-0.401156	-0.401156	-1.20477
4.23576	-0.4032	-0.4032	-1.2109
4.24575	-0.404638	-0.404638	-1.21522
4.25574	-0.405471	-0.405471	-1.21772
4.26573	-0.405701	-0.405701	-1.21841
4.27572	-0.405332	-0.405332	-1.21731
4.28571	-0.404368	-0.404368	-1.21441
4.2957	-0.402814	-0.402814	-1.20974
4.30569	-0.400674	-0.400674	-1.20332
4.31568	-0.397957	-0.397957	-1.19516
4.32567	-0.394668	-0.394668	-1.18528
4.33566	-0.390817	-0.390817	-1.17371
4.34565	-0.386412	-0.386412	-1.16048
4.35564	-0.381462	-0.381462	-1.14562
4.36563	-0.375979	-0.375979	-1.12915
4.37562	-0.369972	-0.369972	-1.11111
4.38561	-0.363454	-0.363454	-1.09154
4.3956	-0.356437	-0.356437	-1.07046
4.40559	-0.348933	-0.348933	-1.04793
4.41558	-0.340956	-0.340956	-1.02397
4.42557	-0.332519	-0.332519	-0.998631
4.43556	-0.323637	-0.323637	-0.971957
4.44555	-0.314325	-0.314325	-0.94399
4.45554	-0.304597	-0.304597	-0.914776
4.46553	-0.29447	-0.29447	-0.884362
4.47552	-0.283959	-0.283959	-0.852795
4.48551	-0.273081	-0.273081	-0.820124
4.4955	-0.261851	-0.261851	-0.7864
4.50549	-0.250287	-0.250287	-0.751671
4.51548	-0.238406	-0.238406	-0.715989
4.52547	-0.226225	-0.226225	-0.679407
4.53546	-0.213762	-0.213762	-0.641975
4.54545	-0.201033	-0.201033	-0.603748
4.55544	-0.188056	-0.188056	-0.564776
4.56543	-0.17485	-0.17485	-0.525114
4.57542	-0.161431	-0.161431	-0.484816
4.58541	-0.147818	-0.147818	-0.443933
4.5954	-0.134029	-0.134029	-0.40252
4.60539	-0.12008	-0.12008	-0.360629
4.61538	-0.105991	-0.105991	-0.318314
4.62537	-0.0917769	-0.0917769	-0.275627
4.63536	-0.077457	-0.077457	-0.232621
4.64535	-0.063048	-0.063048	-0.189348
4.65534	-0.0485672	-0.0485672	-0.145859
4.66533	-0.0340315	-0.0340315	-0.102204
4.67532	-0.0194575	-0.0194575	-0.0584355
4.68531	-0.00486196	-0.00486196	-0.0146016
4.6953	0.00973901	0.00973901	0.0292485
4.70529	0.0243294	0.0243294	0.0730667
4.71528	0.0388934	0.0388934	0.116806
4.72527	0.0534156	0.0534156	0.160419
4.73526	0.0678809	0.0678809	0.203862
4.74525	0.0822747	0.0822747	0.24709
4.75524	0.0965824	0.0965824	0.290059
4.76523	0.11079	0.11079	0.332728
4.77522	0.124884	0.124884	0.375055
4.78521	0.13885	0.13885	0.417
4.7952	0.152677	0.152677	0.458525
4.80519	0.166352	0.166352	0.499592
4.81518	0.179861	0.179861	0.540165
4.82517	0.193195	0.193195	0.580209
4.83516	0.206341	0.206341	0.619691
4.84515	0.21929	0.21929	0.658577
4.85514	0.232029	0.232029	0.696838
4.86513	0.244551	0.244551	0.734443
4.87512	0.256845	0.256845	0.771364
4.88511	0.268902	0.268902	0.807575
4.8951	0.280714	0.280714	0.843049
4.90509	0.292273	0.292273	0.877762
4.91508	0.303571	0.303571	0.911693
4.92507	0.314601	0.314601	0.944819
4.93506	0.325357	0.325357	0.977121
4.94505	0.335832	0.335832	1.00858
4.95504	0.34602	0.34602	1.03918
4.96503	0.355917	0.355917	1.0689
4.97502	0.365517	0.365517	1.09773
4.98501	0.374817	0.374817	1.12566
4.995	0.383811	0.383811	1.15267
5.00499	0.392497	0.392497	1.17876
5.01498	0.400872	0.400872	1.20391
5.02497	0.408933	0.408933	1.22812
5.03496	0.416677	0.416677	1.25138
5.04495	0.424104	0.424104	1.27368
5.05494	0.431211	0.431211	1.29503
5.06493	0.437997	0.437997	1.31541
5.07492	0.444462	0.444462	1.33482
5.08491	0.450606	0.450606	1.35327
5.0949	0.456429	0.456429	1.37076
5.10489	0.461931	0.461931	1.38728
5.11488	0.467113	0.467113	1.40285
5.12487	0.471976	0.471976	1.41745
5.13486	0.476521	0.476521	1.4311
5.14485	0.480752	0.480752	1.44381
5.15484	0.484669	0.484669	1.45557
5.16483	0.488275	0.488275	1.4664
5.17482	0.491573	0.491573	1.47631
5.18481	0.494565	0.494565	1.48529
5.1948	0.497256	0.497256	1.49337
5.20479	0.499648	0.499648	1.50056
5.21478	0.501746	0.501746	1.50686
5.22477	0.503552	0.503552	1.51228
5.23476	0.505072	0.505072	1.51685
5.24475	0.50631	0.50631	1.52057
5.25474	0.507271	0.507271	1.52345
5.26473	0.507959	0.507959	1.52552
5.27472	0.508378	0.508378	1.52678
5.28471	0.508535	0.508535	1.52725
5.2947	0.508435	0.508435	1.52695
5.30469	0.508083	0.508083	1.52589
5.31468	0.507484	0.507484	1.52409
5.32467	0.506644	0.506644	1.52157
5.33466	0.50557	0.50557	1.51834
5.34465	0.504266	0.504266	1.51443
5.35464	0.502739	0.502739	1.50984
5.36463	0.500994	0.500994	1.5046
5.37462	0.499039	0.499039	1.49873
5.38461	0.496879	0.496879	1.49224
5.3946	0.49452	0.49452	1.48516
5.40459	0.491969	0.491969	1.4775
5.41458	0.489231	0.489231	1.46927
5.42457	0.486314	0.486314	1.46051
5.43456	0.483223	0.483223	1.45123
5.44455	0.479965	0.479965	1.44145
5.45454	0.476546	0.476546	1.43118
5.46453	0.472973	0.472973	1.42045
5.47452	0.469251	0.469251	1.40927
5.48451	0.465388	0.465388	1.39767
5.4945	0.461389	0.461389	1.38566
5.50449	0.45726	0.45726	1.37326
5.51448	0.453008	0.453008	1.36049
5.52447	0.448639	0.448639	1.34737
5.53446	0.444159	0.444159	1.33391
5.54445	0.439574	0.439574	1.32014
5.55444	0.43489	0.43489	1.30607
5.56443	0.430112	0.430112	1.29173
5.57442	0.425247	0.425247	1.27712
5.58441	0.4203	0.4203	1.26226
5.5944	0.415277	0.415277	1.24717
5.60439	0.410184	0.410184	1.23188
5.61438	0.405025	0.405025	1.21638
5.62437	0.399806	0.399806	1.20071
5.63436	0.394533	0.394533	1.18487
5.64435	0.389211	0.389211	1.16889
5.65434	0.383844	0.383844	1.15277
5.66433	0.378437	0.378437	1.13653
5.67432	0.372996	0.372996	1.12019
5.68431	0.367525	0.367525	1.10376
5.6943	0.362029	0.362029	1.08726
5.70429	0.356512	0.356512	1.07069
5.71428	0.350979	0.350979	1.05407
5.72427	0.345433	0.345433	1.03742
5.73426	0.339879	0.339879	1.02074
5.74425	0.334322	0.334322	1.00405
5.75424	0.328764	0.328764	0.987353
5.76423	0.32321	0.32321	0.970673
5.77422	0.317663	0.317663	0.954014
5.78421	0.312126	0.312126	0.937387
5.7942	0.306604	0.306604	0.920803
5.80419	0.3011	0.3011	0.904272
5.81418	0.295616	0.295616	0.887803
5.82417	0.290156	0.290156	0.871405
5.83416	0.284722	0.284722	0.855086
5.84415	0.279318	0.279318	0.838857
5.85414	0.273946	0.273946	0.822724
5.86413	0.268609	0.268609	0.806695
5.87412	0.263309	0.263309	0.790777
5.88411	0.258048	0.258048	0.774979
5.8941	0.25283	0.25283	0.759306
5.90409	0.247655	0.247655	0.743765
5.91408	0.242526	0.242526	0.728361
5.92407	0.237445	0.237445	0.713101
5.93406	0.232413	0.232413	0.69799
5.94405	0.227433	0.227433	0.683033
5.95404	0.222506	0.222506	0.668236
5.96403	0.217633	0.217633	0.653601
5.97402	0.212815	0.212815	0.639134
5.98401	0.208055	0.208055	0.624838
5.994	0.203354	0.203354	0.610718
6.00399	0.198711	0.198711	0.596776
6.01398	0.194129	0.194129	0.583015
6.02397	0.189609	0.189609	0.569438
6.03396	0.18515	0.18515	0.556049
6.04395	0.180755	0.180755	0.542848
6.05394	0.176423	0.176423	0.529839
6.06393	0.172155	0.172155	0.517022
6.07392	0.167953	0.167953	0.5044
6.08391	0.163815	0.163815	0.491974
6.0939	0.159743	0.159743	0.479745
6.10389	0.155737	0.155737	0.467714
6.11388	0.151797	0.151797	0.455882
6.12387	0.147924	0.147924	0.444249
6.13386	0.144116	0.144116	0.432815
6.14385	0.140376	0.140376	0.421581
6.15384	0.136702	0.136702	0.410547
6.16383	0.133094	0.133094	0.399712
6.17382	0.129553	0.129553	0.389076
6.18381	0.126077	0.126077	0.378639
6.1938	0.122668	0.122668	0.3684
6.20379	0.119324	0.119324	0.358358
6.21378	0.116046	0.116046	0.348512
6.22377	0.112832	0.112832	0.338862
6.23376	0.109684	0.109684	0.329405
6.24375	0.106599	0.106599	0.320141
6.25374	0.103578	0.103578	0.311068
6.26373	0.10062	0.10062	0.302185
6.27372	0.0977246	0.0977246	0.293489
6.28371	0.0948913	0.0948913	0.28498
6.2937	0.0921194	0.0921194	0.276656
6.30369	0.0894082	0.0894082	0.268513
6.31368	0.0867572	0.0867572	0.260552
6.32367	0.0841655	0.0841655	0.252768
6.33366	0.0816326	0.0816326	0.245162
6.34365	0.0791576	0.0791576	0.237729
6.35364	0.0767398	0.0767398	0.230467
6.36363	0.0743785	0.0743785	0.223376
6.37362	0.0720728	0.0720728	0.216451
6.38361	0.0698219	0.0698219	0.209691
6.3936	0.067625	0.067625	0.203093
6.40359	0.0654813	0.0654813	0.196655
6.41358	0.0633899	0.0633899	0.190374
6.42357	0.0613499	0.0613499	0.184248
6.43356	0.0593605	0.0593605	0.178273
6.44355	0.0574208	0.0574208	0.172448
6.45354	0.05553	0.05553	0.166769
6.46353	0.053687	0.053687	0.161235
6.47352	0.0518911	0.0518911	0.155841
6.48351	0.0501413	0.0501413	0.150586
6.4935	0.0484368	0.0484368	0.145467
6.50349	0.0467765	0.0467765	0.140481
6.51348	0.0451596	0.0451596	0.135625
6.52347	0.0435852	0.0435852	0.130896
6.53346	0.0420523	0.0420523	0.126293
6.54345	0.0405601	0.0405601	0.121811
6.55344	0.0391076	0.0391076	0.117449
6.56343	0.037694	0.037694	0.113204
6.57342	0.0363183	0.0363183	0.109072
6.58341	0.0349795	0.0349795	0.105052
6.5934	0.0336769	0.0336769	0.101139
6.60339	0.0324095	0.0324095	0.0973331
6.61338	0.0311763	0	0.0936297
6.62337	0.0299766	0	0.0900266
6.63336	0.0288094	0	0.0865211
6.64335	0.0276738	0	0.0831107
6.65334	0.0265689	0	0.0797926
6.66333	0.025494	0	0.0765642
6.67332	0.024448	0	0.073423
6.68331	0.0234302	0	0.0703662
6.6933	0.0224396	0	0.0673913
6.70329	0.0214755	0	0.0644959
6.71328	0.0205369	0	0.0616772
6.72327	0.0196231	0	0.0589328
6.73326	0.0187332	0	0.0562602
6.74325	0.0178664	0	0.0536568
6.75324	0.0170217	0	0.0511202
6.76323	0.0161985	0	0.048648
6.77322	0.0153959	0	0.0462376
6.78321	0.0146131	0	0.0438866
6.7932	0.0138493	0	0.0415925
6.80319	0.0131036	0	0.0393531
6.81318	0.0123753	0	0.0371658
6.82317	0.0116636	0	0.0350284
6.83316	0.0109676	0	0.0329382
6.84315	0.0102866	0	0.0308931
6.85314	0.00961987	0	0.0288907
6.86313	0.0089665	0	0.0269285
6.87312	0.00832576	0	0.0250042
6.88311	0.00769685	0	0.0231154
6.8931	0.00707898	0	0.0212598
6.90309	0.00647136	0	0.019435
6.91308	0.0058732	0	0.0176386
6.92307	0.00528372	0	0.0158682
6.93306	0.00470211	0	0.0141215
6.94305	0.00412756	0	0.012396
6.95304	0.00355928	0	0.0106893
6.96303	0.00299645	0	0.00899903
6.97302	0.00243825	0	0.00732262
6.98301	0.00188385	0	0.00565763
6.993	0.00133241	0	0.00400153
7.00299	0.000783083	0	0.00235178
7.01298	0.00023501	0	0.00070579
7.02297	-0.000312684	0	-0.000939063
7.03296	-0.000860889	0	-0.00258545
7.04295	-0.00141051	0	-0.00423609
7.05294	-0.00196247	0	-0.00589375
7.06293	-0.00251771	0	-0.00756126
7.07292	-0.0030772	0	-0.00924153
7.08291	-0.00364191	0	-0.0109375
7.0929	-0.00421287	0	-0.0126522
7.10289	-0.00479111	0	-0.0143888
7.11288	-0.00537769	0	-0.0161504
7.12287	-0.00597372	0	-0.0179404
7.13286	-0.00658032	0	-0.0197622
7.14285	-0.00719867	0	-0.0216193
7.15284	-0.00782996	0	-0.0235152
7.16283	-0.00847546	0	-0.0254537
7.17282	-0.00913644	0	-0.0274388
7.18281	-0.00981424	0	-0.0294744
7.1928	-0.0105103	0	-0.0315647
7.20279	-0.0112259	0	-0.0337141
7.21278	-0.0119628	0	-0.035927
7.22277	-0.0127223	0	-0.0382081
7.23276	-0.0135062	0	-0.0405623
7.24275	-0.0143162	0	-0.0429947
7.25274	-0.0151539	0	-0.0455106
7.26273	-0.0160213	0	-0.0481156
7.27272	-0.0169202	0	-0.0508154
7.28271	-0.0178528	0	-0.0536161
7.2927	-0.0188211	0	-0.0565241
7.30269	-0.0198273	0	-0.0595459
7.31268	-0.0208737	0	-0.0626885
7.32267	-0.0219628	0	-0.0659593
7.33266	-0.0230971	0	-0.0693659
7.34265	-0.0242793	0	-0.0729163
7.35264	-0.0255121	0	-0.0766188
7.36263	-0.0267986	0	-0.0804825
7.37262	-0.0281419	0	-0.0845166
7.38261	-0.0295451	0	-0.0887308
7.3926	-0.0310117	0	-0.0931354
7.40259	-0.0325454	0	-0.0977414
7.41258	-0.0341499	0	-0.10256
7.42257	-0.0358292	0	-0.107603
7.43256	-0.0375875	0	-0.112884
7.44255	-0.0394293	0	-0.118415
7.45254	-0.0413592	0	-0.124211
7.46253	-0.0433821	0	-0.130286
7.47252	-0.0455033	0	-0.136657
7.48251	-0.0477283	0	-0.143339
7.4925	-0.0500627	0	-0.15035
7.50249	-0.0525128	0	-0.157708
7.51248	-0.055085	0	-0.165433
7.52247	-0.057786	0	-0.173545
7.53246	-0.0606231	0	-0.182065
7.54245	-0.0636039	0	-0.191017
7.55244	-0.0667363	0	-0.200424
7.56243	-0.0700288	0	-0.210313
7.57242	-0.0734905	0	-0.220709
7.58241	-0.0771307	0	-0.231641
7.5924	-0.0809595	0	-0.24314
7.60239	-0.0849875	0	-0.255237
7.61238	-0.0892259	0	-0.267966
7.62237	-0.0936864	0	-0.281362
7.63236	-0.0983817	0	-0.295463
7.64235	-0.103325	0	-0.310309
7.65234	-0.10853	0	-0.325942
7.66233	-0.114013	0	-0.342406
7.67232	-0.119787	0	-0.359749
7.68231	-0.125872	0	-0.378021
7.6923	-0.132283	0	-0.397275
7.70229	-0.139039	0	-0.417567
7.71228	-0.146161	0	-0.438956
7.72227	-0.15367	0	-0.461505
7.73226	-0.161586	0	-0.485281
7.74225	-0.169935	0	-0.510355
7.75224	-0.178742	0	-0.536802
7.76223	-0.188031	0	-0.564701
7.77222	-0.197832	0	-0.594135
7.78221	-0.208174	0	-0.625196
7.7922	-0.21909	0	-0.657976
7.80219	-0.230611	0	-0.692578
7.81218	-0.242774	0	-0.729106
7.82217	-0.255616	0	-0.767674
7.83216	-0.269178	0	-0.808403
7.84215	-0.283501	0	-0.851419
7.85214	-0.298631	0	-0.896856
7.86213	-0.314615	0	-0.94486
7.87212	-0.331503	0	-0.995581
7.88211	-0.349351	0	-1.04918
7.8921	-0.368214	0	-1.10583
7.90209	-0.388154	0	-1.16572
7.91208	-0.409235	0	-1.22903
7.92207	-0.431525	0	-1.29597
7.93206	-0.455097	0	-1.36676
7.94205	-0.480028	0	-1.44164
7.95204	-0.5064	0	-1.52084
7.96203	-0.534301	0	-1.60463
7.97202	-0.563823	0	-1.69329
7.98201	-0.595065	0	-1.78712
7.992	-0.628131	0	-1.88642
8.00199	-0.663133	0	-1.99154
8.01198	-0.700189	0	-2.10283
8.02197	-0.739426	0	-2.22067
8.03196	-0.780977	0	-2.34545
8.04195	-0.824984	0	-2.47762
8.05194	-0.8716	0	-2.61762
8.06193	-0.920986	0	-2.76593
8.07192	-0.973314	0	-2.92309
8.08191	-1.02877	0	-3.08962
8.0919	-1.08754	0	-3.26612
8.10189	-1.14983	0	-3.45322
8.11188	-1.21588	0	-3.65156
8.12187	-1.2859	0	-3.86186
8.13186	-1.36016	0	-4.08488
8.14185	-1.43892	0	-4.3214
8.15184	-1.52245	0	-4.57228
8.16183	-1.61108	0	-4.83843
8.17182	-1.7051	0	-5.12082
8.18181	-1.80488	0	-5.42047
8.1918	-1.91078	0	-5.7385
8.20179	-2.02317	0	-6.07606
8.21178	-2.1425	0	-6.43441
8.22177	-2.26918	0	-6.81488
8.23176	-2.40371	0	-7.21888
8.24175	-2.54657	0	-7.64794
8.25174	-2.69832	0	-8.10366
8.26173	-2.85951	0	-8.58777
8.27172	-3.03077	0	-9.10211
8.28171	-3.21275	0	-9.64864
8.2917	-3.40615	0	-10.2294
8.30169	-3.6117	0	-10.8468
8.31168	-3.8302	0	-11.503
8.32167	-4.0625	0	-12.2006
8.33166	-4.3095	0	-12.9424
8.34165	-4.57217	0	-13.7313
8.35164	-4.85153	0	-14.5703
8.36163	-5.1487	0	-15.4627
8.37162	-5.46484	0	-16.4122
8.38161	-5.80121	0	-17.4224
8.3916	-6.15916	0	-18.4974
8.40159	-6.54012	0	-19.6415
8.41158	-6.94562	0	-20.8593
8.42157	-7.3773	0	-22.1557
8.43156	-7.8369	0	-23.536
8.44155	-8.32631	0	-25.0058
8.45154	-8.84753	0	-26.5712
8.46153	-9.40268	0	-28.2384
8.47152	-9.99407	0	-30.0145
8.48151	-10.6241	0	-31.9067
8.4915	-11.2955	0	-33.923
8.50149	-12.011	0	-36.0717
8.51148	-12.7735	0	-38.3619
8.52147	-13.5864	0	-40.8031
8.53146	-14.453	0	-43.4057
8.54145	-15.377	0	-46.1807
8.55144	-16.3623	0	-49.1399
8.56143	-17.4132	0	-52.296
8.57142	-18.5342	0	-55.6625
8.58141	-19.73	0	-59.2538
8.5914	-21.0059	0	-63.0856
8.60139	-22.3674	0	-67.1745
8.61138	-23.8204	0	-71.5382
8.62137	-25.3713	0	-76.1958
8.63136	-27.0268	0	-81.1678
8.64135	-28.7944	0	-86.4761
8.65134	-30.6817	0	-92.1442
8.66133	-32.6972	0	-98.1973
8.67132	-34.8499	0	-104.662
8.68131	-37.1494	0	-111.568
8.6913	-39.606	0	-118.946
8.70129	-42.2308	0	-126.829
8.71128	-45.0357	0	-135.253
8.72127	-48.0335	0	-144.256
8.73126	-51.2377	0	-153.879
8.74125	-54.6631	0	-164.166
8.75124	-58.3254	0	-175.165
8.76123	-62.2415	0	-186.926
8.77122	-66.4295	0	-199.503
8.78121	-70.9089	0	-212.956
8.7912	-75.7006	0	-227.346
8.80119	-80.827	0	-242.742
8.81118	-86.3122	0	-259.215
8.82117	-92.182	0	-276.844
8.83116	-98.4643	0	-295.711
8.84115	-105.189	0	-315.906
8.85114	-112.388	0	-337.526
8.86113	-120.095	0	-360.674
8.87112	-128.349	0	-385.461
8.88111	-137.188	0	-412.007
8.8911	-146.655	0	-440.439
8.90109	-156.797	0	-470.897
8.91108	-167.662	0	-503.529
8.92107	-179.305	0	-538.493
8.93106	-191.781	0	-575.962
8.94105	-205.152	0	-616.12
8.95104	-219.485	0	-659.165
8.96103	-234.851	0	-705.312
8.97102	-251.326	0	-754.79
8.98101	-268.992	0	-807.846
8.991	-287.938	0	-864.745
9.00099	-308.26	0	-925.775
9.01098	-330.059	0	-991.244
9.02097	-353.447	0	-1061.48
9.03096	-378.542	0	-1136.85
9.04095	-405.472	0	-1217.72
9.05094	-434.375	0	-1304.53
9.06093	-465.4	0	-1397.7
9.07092	-498.706	0	-1497.73
9.08091	-534.466	0	-1605.13
9.0909	-572.866	0	-1720.45
9.10089	-614.105	0	-1844.3
9.11088	-658.4	0	-1977.33
9.12087	-705.981	0	-2120.22
9.13086	-757.101	0	-2273.75
9.14085	-812.028	0	-2438.71
9.15084	-871.054	0	-2615.98
9.16083	-934.493	0	-2806.5
9.17082	-1002.68	0	-3011.29
9.18081	-1075.99	0	-3231.44
9.1908	-1154.81	0	-3468.15
9.20079	-1239.56	0	-3722.67
9.21078	-1330.7	0	-3996.4
9.22077	-1428.73	0	-4290.81
9.23076	-1534.18	0	-4607.51
9.24075	-1647.63	0	-4948.22
9.25074	-1769.7	0	-5314.82
9.26073	-1901.06	0	-5709.32
9.27072	-2042.43	0	-6133.9
9.28071	-2194.61	0	-6590.91
9.2907	-2358.42	0	-7082.88
9.30069	-2534.79	0	-7612.55
9.31068	-2724.7	0	-8182.89
9.32067	-2929.21	0	-8797.1
9.33066	-3149.49	0	-9458.63
9.34065	-3386.76	0	-10171.2
9.35064	-3642.38	0	-10938.9
9.36063	-3917.79	0	-11766
9.37062	-4214.57	0	-12657.3
9.38061	-4534.42	0	-13617.9
9.3906	-4879.17	0	-14653.3
9.40059	-5250.8	0	-15769.4
9.41058	-5651.46	0	-16972.6
9.42057	-6083.47	0	-18270.1
9.43056	-6549.34	0	-19669.2
9.44055	-7051.8	0	-21178.2
9.45054	-7593.77	0	-22805.8
9.46053	-8178.44	0	-24561.7
9.47052	-8809.25	0	-26456.2
9.48051	-9489.92	0	-28500.4
9.4905	-10224.5	0	-30706.5
9.50049	-11017.3	0	-33087.6
9.51048	-11873.2	0	-35657.8
9.52047	-12797.1	0	-38432.6
9.53046	-13794.7	0	-41428.6
9.54045	-14871.9	0	-44663.8
9.55044	-16035.3	0	-48157.8
9.56043	-17291.9	0	-51931.6
9.57042	-18649.4	0	-56008.3
9.58041	-20115.9	0	-60412.7
9.5904	-21700.5	0	-65171.7
9.60039	-23413	0	-70314.5
9.61038	-25263.7	0	-75872.7
9.62037	-27264.2	0	-81880.6
9.63036	-29426.8	0	-88375.4
9.64035	-31764.9	0	-95397.4
9.65034	-34293.2	0	-102990
9.66033	-37027.4	0	-111202
9.67032	-39984.5	0	-120083
9.68031	-43183.3	0	-129690
9.6903	-46643.9	0	-140082
9.70029	-50388.1	0	-151327
9.71028	-54439.8	0	-163495
9.72027	-58824.6	0	-176664
9.73026	-63570.5	0	-190917
9.74025	-68708	0	-206346
9.75024	-74269.9	0	-223050
9.76023	-80292.2	0	-241136
9.77022	-86813.6	0	-260721
9.78021	-93876.5	0	-281933
9.7902	-101527	0	-304908
9.80019	-109814	0	-329797
9.81018	-118793	0	-356762
9.82017	-128521	0	-385979
9.83016	-139064	0	-417642
9.84015	-150491	0	-451959
9.85014	-162877	0	-489156
9.86013	-176304	0	-529480
9.87012	-190861	0	-573200
9.88011	-206647	0	-620607
9.8901	-223765	0	-672019
9.90009	-242332	0	-727780
9.91008	-262472	0	-788265
9.92007	-284322	0	-853884
9.93006	-308028	0	-925080
9.94005	-333752	0	-1.00234e+006
9.95004	-361670	0	-1.08618e+006
9.96003	-391971	0	-1.17718e+006
9.97002	-424863	0	-1.27596e+006
9.98001	-460573	0	-1.38321e+006
9.99	-499346	0	-1.49965e+006
