0	0.281049	0.281049	1
0.00999	0.280138	0.280138	0.996761
0.01998	0.277412	0.277412	0.98706
0.02997	0.272887	0.272887	0.97096
0.03996	0.266592	0.266592	0.948564
0.04995	0.25857	0.25857	0.920018
0.05994	0.248871	0.248871	0.885507
0.06993	0.237558	0.237558	0.845255
0.07992	0.224705	0.224705	0.799524
0.08991	0.210396	0.210396	0.748609
0.0999	0.194722	0.194722	0.692841
0.10989	0.177786	0.177786	0.632582
0.11988	0.159698	0.159698	0.568222
0.12987	0.140575	0.140575	0.500179
0.13986	0.12054	0.12054	0.428894
0.14985	0.0997241	0.0997241	0.354829
0.15984	0.0782619	0.0782619	0.278464
0.16983	0.0562924	0.0562924	0.200294
0.17982	0.0339581	0.0339581	0.120826
0.18981	0.0114037	0.0114037	0.0405756
0.1998	-0.0112245	-0.0112245	-0.0399381
0.20979	-0.0337801	-0.0337801	-0.120193
0.21978	-0.0561167	-0.0561167	-0.199669
0.22977	-0.0780898	-0.0780898	-0.277852
0.23976	-0.099557	-0.099557	-0.354234
0.24975	-0.120379	-0.120379	-0.428322
0.25974	-0.140422	-0.140422	-0.499636
0.26973	-0.159555	-0.159555	-0.567713
0.27972	-0.177655	-0.177655	-0.632114
0.28971	-0.194604	-0.194604	-0.692421
0.2997	-0.210293	-0.210293	-0.748245
0.30969	-0.224621	-0.224621	-0.799224
0.31968	-0.237494	-0.237494	-0.845029
0.32967	-0.24883	-0.24883	-0.885364
0.33966	-0.258556	-0.258556	-0.919968
0.34965	-0.266608	-0.266608	-0.948618
0.35964	-0.272934	-0.272934	-0.971129
0.36963	-0.277495	-0.277495	-0.987356
0.37962	-0.28026	-0.28026	-0.997195
0.38961	-0.281213	-0.281213	-1.00058
0.3996	-0.280346	-0.280346	-0.997499
0.40959	-0.277666	-0.277666	-0.987963
0.41958	-0.27319	-0.27319	-0.972039
0.42957	-0.266948	-0.266948	-0.949829
0.43956	-0.25898	-0.25898	-0.921478
0.44955	-0.249338	-0.249338	-0.88717
0.45954	-0.238084	-0.238084	-0.847129
0.46953	-0.225292	-0.225292	-0.801613
0.47952	-0.211044	-0.211044	-0.750917
0.48951	-0.195433	-0.195433	-0.695369
0.4995	-0.178559	-0.178559	-0.63533
0.50949	-0.160531	-0.160531	-0.571187
0.51948	-0.141468	-0.141468	-0.503356
0.52947	-0.12149	-0.12149	-0.432275
0.53946	-0.100729	-0.100729	-0.358403
0.54945	-0.0793169	-0.0793169	-0.282218
0.55944	-0.0573933	-0.0573933	-0.204211
0.56943	-0.0350993	-0.0350993	-0.124887
0.57942	-0.0125789	-0.0125789	-0.0447571
0.58941	0.0100226	0.0100226	0.0356615
0.5994	0.0325595	0.0325595	0.11585
0.60939	0.0548865	0.0548865	0.195292
0.61938	0.0768596	0.0768596	0.273474
0.62937	0.0983374	0.0983374	0.349895
0.63936	0.119181	0.119181	0.42406
0.64935	0.139258	0.139258	0.495493
0.65934	0.158437	0.158437	0.563735
0.66933	0.176596	0.176596	0.628346
0.67932	0.193617	0.193617	0.688911
0.68931	0.209393	0.209393	0.745041
0.6993	0.22382	0.22382	0.796376
0.70929	0.236808	0.236808	0.842586
0.71928	0.248272	0.248272	0.883376
0.72927	0.258139	0.258139	0.918484
0.73926	0.266346	0.266346	0.947685
0.74925	0.27284	0.27284	0.970794
0.75924	0.277581	0.277581	0.987663
0.76923	0.280539	0.280539	0.998185
0.77922	0.281693	0.281693	1.00229
0.78921	0.281039	0.281039	0.999966
0.7992	0.27858	0.27858	0.991216
0.80919	0.274332	0.274332	0.976102
0.81918	0.268324	0.268324	0.954724
0.82917	0.260594	0.260594	0.927219
0.83916	0.251192	0.251192	0.893767
0.84915	0.240179	0.240179	0.854582
0.85914	0.227626	0.227626	0.809918
0.86913	0.213614	0.213614	0.760062
0.87912	0.198234	0.198234	0.705336
0.88911	0.181583	0.181583	0.646091
0.8991	0.163769	0.163769	0.582708
0.90909	0.144907	0.144907	0.515593
0.91908	0.125117	0.125117	0.445179
0.92907	0.104526	0.104526	0.371915
0.93906	0.0832668	0.0832668	0.296272
0.94905	0.0614749	0.0614749	0.218734
0.95904	0.03929	0.03929	0.139798
0.96903	0.0168539	0.0168539	0.0599678
0.97902	-0.00568995	-0.00568995	-0.0202454
0.98901	-0.0281974	-0.0281974	-0.100329
0.999	-0.0505248	-0.0505248	-0.179773
1.00899	-0.0725297	-0.0725297	-0.258068
1.01898	-0.0940717	-0.0940717	-0.334717
1.02897	-0.115013	-0.115013	-0.40923
1.03896	-0.135222	-0.135222	-0.481133
1.04895	-0.154568	-0.154568	-0.549968
1.05894	-0.172929	-0.172929	-0.615298
1.06893	-0.190188	-0.190188	-0.676708
1.07892	-0.206235	-0.206235	-0.733807
1.08891	-0.22097	-0.22097	-0.786233
1.0989	-0.234298	-0.234298	-0.833655
1.10889	-0.246135	-0.246135	-0.875772
1.11888	-0.256406	-0.256406	-0.912319
1.12887	-0.265047	-0.265047	-0.943064
1.13886	-0.272003	-0.272003	-0.967815
1.14885	-0.277231	-0.277231	-0.986416
1.15884	-0.280698	-0.280698	-0.998751
1.16883	-0.282382	-0.282382	-1.00474
1.17882	-0.282274	-0.282274	-1.00436
1.18881	-0.280375	-0.280375	-0.997603
1.1988	-0.276698	-0.276698	-0.984519
1.20879	-0.271266	-0.271266	-0.965193
1.21878	-0.264115	-0.264115	-0.939749
1.22877	-0.255291	-0.255291	-0.908351
1.23876	-0.24485	-0.24485	-0.871201
1.24875	-0.232859	-0.232859	-0.828536
1.25874	-0.219394	-0.219394	-0.780627
1.26873	-0.204542	-0.204542	-0.727781
1.27872	-0.188396	-0.188396	-0.670332
1.28871	-0.171059	-0.171059	-0.608647
1.2987	-0.152642	-0.152642	-0.543117
1.30869	-0.133261	-0.133261	-0.474156
1.31868	-0.113038	-0.113038	-0.402202
1.32867	-0.0921023	-0.0921023	-0.32771
1.33866	-0.0705855	-0.0705855	-0.251151
1.34865	-0.0486236	-0.0486236	-0.173008
1.35864	-0.0263553	-0.0263553	-0.0937748
1.36863	-0.00392092	-0.00392092	-0.013951
1.37862	0.0185382	0.0185382	0.0659607
1.38861	0.0408806	0.0408806	0.145457
1.3986	0.0629658	0.0629658	0.224039
1.40859	0.084655	0.084655	0.301211
1.41858	0.105812	0.105812	0.376491
1.42857	0.126305	0.126305	0.449405
1.43856	0.146004	0.146004	0.519496
1.44855	0.164786	0.164786	0.586327
1.45854	0.182535	0.182535	0.649479
1.46853	0.199139	0.199139	0.708557
1.47852	0.214495	0.214495	0.763194
1.48851	0.228506	0.228506	0.813049
1.4985	0.241087	0.241087	0.857813
1.50849	0.252159	0.252159	0.897206
1.51848	0.261652	0.261652	0.930986
1.52847	0.26951	0.26951	0.958944
1.53846	0.275683	0.275683	0.980908
1.54845	0.280134	0.280134	0.996744
1.55844	0.282835	0.282835	1.00636
1.56843	0.283771	0.283771	1.00969
1.57842	0.282937	0.282937	1.00672
1.58841	0.280338	0.280338	0.997472
1.5984	0.275993	0.275993	0.98201
1.60839	0.269928	0.269928	0.960431
1.61838	0.262183	0.262183	0.932874
1.62837	0.252806	0.252806	0.899511
1.63836	0.241857	0.241857	0.860554
1.64835	0.229405	0.229405	0.816247
1.65834	0.215528	0.215528	0.76687
1.66833	0.200312	0.200312	0.712731
1.67832	0.183853	0.183853	0.654168
1.68831	0.166254	0.166254	0.591548
1.6983	0.147624	0.147624	0.525261
1.70829	0.128079	0.128079	0.455719
1.71828	0.107741	0.107741	0.383354
1.72827	0.0867365	0.0867365	0.308617
1.73826	0.0651953	0.0651953	0.231971
1.74825	0.0432509	0.0432509	0.153891
1.75824	0.0210394	0.0210394	0.0748602
1.76823	-0.00130216	-0.00130216	-0.00463322
1.77822	-0.0236357	-0.0236357	-0.0840981
1.78821	-0.0458234	-0.0458234	-0.163044
1.7982	-0.0677286	-0.0677286	-0.240985
1.80819	-0.0892166	-0.0892166	-0.317442
1.81818	-0.110155	-0.110155	-0.391944
1.82817	-0.130416	-0.130416	-0.464033
1.83816	-0.149875	-0.149875	-0.533269
1.84815	-0.168412	-0.168412	-0.599227
1.85814	-0.185915	-0.185915	-0.661504
1.86813	-0.202276	-0.202276	-0.71972
1.87812	-0.217397	-0.217397	-0.77352
1.88811	-0.231184	-0.231184	-0.822576
1.8981	-0.243555	-0.243555	-0.866592
1.90809	-0.254434	-0.254434	-0.905301
1.91808	-0.263755	-0.263755	-0.938469
1.92807	-0.271464	-0.271464	-0.965896
1.93806	-0.277513	-0.277513	-0.987418
1.94805	-0.281866	-0.281866	-1.00291
1.95804	-0.284499	-0.284499	-1.01228
1.96803	-0.285396	-0.285396	-1.01547
1.97802	-0.284552	-0.284552	-1.01247
1.98801	-0.281975	-0.281975	-1.0033
1.998	-0.277681	-0.277681	-0.988017
2.00799	-0.271697	-0.271697	-0.966725
2.01798	-0.26406	-0.26406	-0.939554
2.02797	-0.254819	-0.254819	-0.906672
2.03796	-0.24403	-0.24403	-0.868283
2.04795	-0.23176	-0.23176	-0.824624
2.05794	-0.218084	-0.218084	-0.775964
2.06793	-0.203086	-0.203086	-0.7226
2.07792	-0.186858	-0.186858	-0.664859
2.08791	-0.169499	-0.169499	-0.603094
2.0979	-0.151114	-0.151114	-0.537681
2.10789	-0.131817	-0.131817	-0.469017
2.11788	-0.111722	-0.111722	-0.39752
2.12787	-0.0909539	-0.0909539	-0.323623
2.13786	-0.0696367	-0.0696367	-0.247775
2.14785	-0.0478997	-0.0478997	-0.170432
2.15784	-0.0258742	-0.0258742	-0.0920632
2.16783	-0.00369296	-0.00369296	-0.0131399
2.17782	0.0185105	0.0185105	0.0658624
2.18781	0.0406028	0.0406028	0.144469
2.1978	0.0624512	0.0624512	0.222208
2.20779	0.0839248	0.0839248	0.298613
2.21778	0.104895	0.104895	0.373227
2.22777	0.125237	0.125237	0.445605
2.23776	0.144828	0.144828	0.515314
2.24775	0.163553	0.163553	0.581939
2.25774	0.1813	0.1813	0.645084
2.26773	0.197964	0.197964	0.704375
2.27772	0.213445	0.213445	0.75946
2.28771	0.227653	0.227653	0.810014
2.2977	0.240504	0.240504	0.855739
2.30769	0.251922	0.251922	0.896366
2.31768	0.261841	0.261841	0.931657
2.32767	0.270202	0.270202	0.961407
2.33766	0.276957	0.276957	0.985442
2.34765	0.282068	0.282068	1.00363
2.35764	0.285504	0.285504	1.01585
2.36763	0.287248	0.287248	1.02206
2.37762	0.28729	0.28729	1.02221
2.38761	0.285631	0.285631	1.0163
2.3976	0.282283	0.282283	1.00439
2.40759	0.277266	0.277266	0.98654
2.41758	0.270611	0.270611	0.962863
2.42757	0.26236	0.26236	0.933505
2.43756	0.252562	0.252562	0.898642
2.44755	0.241276	0.241276	0.858485
2.45754	0.22857	0.22857	0.813275
2.46753	0.214519	0.214519	0.763282
2.47752	0.199208	0.199208	0.708803
2.48751	0.182727	0.182727	0.650162
2.4975	0.165174	0.165174	0.587707
2.50749	0.146653	0.146653	0.521807
2.51748	0.127273	0.127273	0.452851
2.52747	0.107148	0.107148	0.381245
2.53746	0.086397	0.086397	0.30741
2.54745	0.065141	0.065141	0.231778
2.55744	0.0435047	0.0435047	0.154794
2.56743	0.0216148	0.0216148	0.0769076
2.57742	-0.000401161	-0.000401161	-0.00142737
2.58741	-0.0224148	-0.0224148	-0.0797541
2.5974	-0.044298	-0.044298	-0.157617
2.60739	-0.0659239	-0.0659239	-0.234564
2.61738	-0.087167	-0.087167	-0.310149
2.62737	-0.107905	-0.107905	-0.383936
2.63736	-0.128017	-0.128017	-0.455497
2.64735	-0.147388	-0.147388	-0.524421
2.65734	-0.165906	-0.165906	-0.590311
2.66733	-0.183466	-0.183466	-0.65279
2.67732	-0.199966	-0.199966	-0.711499
2.68731	-0.215313	-0.215313	-0.766104
2.6973	-0.229418	-0.229418	-0.816294
2.70729	-0.242203	-0.242203	-0.861783
2.71728	-0.253594	-0.253594	-0.902314
2.72727	-0.263528	-0.263528	-0.937659
2.73726	-0.271948	-0.271948	-0.967621
2.74725	-0.278809	-0.278809	-0.992031
2.75724	-0.284072	-0.284072	-1.01076
2.76723	-0.287708	-0.287708	-1.02369
2.77722	-0.289698	-0.289698	-1.03078
2.78721	-0.290033	-0.290033	-1.03197
2.7972	-0.288712	-0.288712	-1.02727
2.80719	-0.285745	-0.285745	-1.01671
2.81718	-0.281149	-0.281149	-1.00036
2.82717	-0.274953	-0.274953	-0.978311
2.83716	-0.267193	-0.267193	-0.950702
2.84715	-0.257916	-0.257916	-0.917691
2.85714	-0.247174	-0.247174	-0.879472
2.86713	-0.235031	-0.235031	-0.836266
2.87712	-0.221557	-0.221557	-0.788324
2.88711	-0.20683	-0.20683	-0.735922
2.8971	-0.190933	-0.190933	-0.679359
2.90709	-0.173958	-0.173958	-0.61896
2.91708	-0.156002	-0.156002	-0.55507
2.92707	-0.137166	-0.137166	-0.488051
2.93706	-0.117559	-0.117559	-0.418285
2.94705	-0.0972898	-0.0972898	-0.346167
2.95704	-0.0764745	-0.0764745	-0.272104
2.96703	-0.05523	-0.05523	-0.196514
2.97702	-0.0336759	-0.0336759	-0.119822
2.98701	-0.0119332	-0.0119332	-0.0424596
2.997	0.00987629	0.00987629	0.0351409
3.00699	0.0316306	0.0316306	0.112545
3.01698	0.0532084	0.0532084	0.189321
3.02697	0.0744895	0.0744895	0.265041
3.03696	0.0953557	0.0953557	0.339285
3.04695	0.115691	0.115691	0.411642
3.05694	0.135384	0.135384	0.481711
3.06693	0.154325	0.154325	0.549105
3.07692	0.17241	0.17241	0.613454
3.08691	0.189541	0.189541	0.674405
3.0969	0.205622	0.205622	0.731624
3.10689	0.220567	0.220567	0.784799
3.11688	0.234294	0.234294	0.833641
3.12687	0.246729	0.246729	0.877886
3.13686	0.257804	0.257804	0.917295
3.14685	0.267462	0.267462	0.951656
3.15684	0.275649	0.275649	0.980787
3.16683	0.282323	0.282323	1.00453
3.17682	0.287448	0.287448	1.02277
3.18681	0.290999	0.290999	1.03541
3.1968	0.292959	0.292959	1.04238
3.20679	0.293317	0.293317	1.04365
3.21678	0.292074	0.292074	1.03923
3.22677	0.289239	0.289239	1.02914
3.23676	0.284829	0.284829	1.01345
3.24675	0.278869	0.278869	0.992246
3.25674	0.271395	0.271395	0.965651
3.26673	0.262448	0.262448	0.933817
3.27672	0.252079	0.252079	0.896922
3.28671	0.240345	0.240345	0.855171
3.2967	0.227311	0.227311	0.808797
3.30669	0.21305	0.21305	0.758055
3.31668	0.19764	0.19764	0.703225
3.32667	0.181166	0.181166	0.644607
3.33666	0.163716	0.163716	0.58252
3.34665	0.145387	0.145387	0.517303
3.35664	0.126278	0.126278	0.44931
3.36663	0.106492	0.106492	0.378908
3.37662	0.0861351	0.0861351	0.306478
3.38661	0.065318	0.065318	0.232408
3.3966	0.0441522	0.0441522	0.157098
3.40659	0.0227508	0.0227508	0.0809498
3.41658	0.00122827	0.00122827	0.0043703
3.42657	-0.0203009	-0.0203009	-0.0722326
3.43656	-0.0417221	-0.0417221	-0.148452
3.44655	-0.0629221	-0.0629221	-0.223883
3.45654	-0.0837886	-0.0837886	-0.298129
3.46653	-0.104212	-0.104212	-0.370796
3.47652	-0.124084	-0.124084	-0.441504
3.48651	-0.143301	-0.143301	-0.509881
3.4965	-0.161763	-0.161763	-0.575571
3.50649	-0.179374	-0.179374	-0.63823
3.51648	-0.196041	-0.196041	-0.697534
3.52647	-0.211679	-0.211679	-0.753175
3.53646	-0.226207	-0.226207	-0.804867
3.54645	-0.23955	-0.23955	-0.852345
3.55644	-0.251641	-0.251641	-0.895365
3.56643	-0.262417	-0.262417	-0.933709
3.57642	-0.271825	-0.271825	-0.967183
3.58641	-0.279818	-0.279818	-0.99562
3.5964	-0.286354	-0.286354	-1.01888
3.60639	-0.291404	-0.291404	-1.03685
3.61638	-0.294942	-0.294942	-1.04943
3.62637	-0.296952	-0.296952	-1.05659
3.63636	-0.297427	-0.297427	-1.05827
3.64635	-0.296365	-0.296365	-1.0545
3.65634	-0.293774	-0.293774	-1.04528
3.66633	-0.28967	-0.28967	-1.03068
3.67632	-0.284077	-0.284077	-1.01078
3.68631	-0.277024	-0.277024	-0.985681
3.6963	-0.268551	-0.268551	-0.955532
3.70629	-0.258702	-0.258702	-0.920489
3.71628	-0.24753	-0.24753	-0.880739
3.72627	-0.235095	-0.235095	-0.836491
3.73626	-0.22146	-0.22146	-0.787978
3.74625	-0.206698	-0.206698	-0.735452
3.75624	-0.190885	-0.190885	-0.679187
3.76623	-0.174102	-0.174102	-0.619474
3.77622	-0.156437	-0.156437	-0.556621
3.78621	-0.137981	-0.137981	-0.49095
3.7962	-0.118826	-0.118826	-0.422797
3.80619	-0.0990726	-0.0990726	-0.352511
3.81618	-0.0788194	-0.0788194	-0.280448
3.82617	-0.0581697	-0.0581697	-0.206974
3.83616	-0.0372276	-0.0372276	-0.13246
3.84615	-0.0160988	-0.0160988	-0.0572812
3.85614	0.00511067	0.00511067	0.0181843
3.86613	0.0262946	0.0262946	0.093559
3.87612	0.0473473	0.0473473	0.168467
3.88611	0.0681639	0.0681639	0.242534
3.8961	0.0886413	0.0886413	0.315395
3.90609	0.108678	0.108678	0.386688
3.91608	0.128176	0.128176	0.456062
3.92607	0.147038	0.147038	0.523177
3.93606	0.165173	0.165173	0.587704
3.94605	0.182493	0.182493	0.649329
3.95604	0.198912	0.198912	0.707751
3.96603	0.214353	0.214353	0.76269
3.97602	0.22874	0.22874	0.813879
3.98601	0.242004	0.242004	0.861075
3.996	0.254082	0.254082	0.904052
4.00599	0.264918	0.264918	0.942606
4.01598	0.27446	0.27446	0.976558
4.02597	0.282664	0.282664	1.00575
4.03596	0.289492	0.289492	1.03004
4.04595	0.294914	0.294914	1.04933
4.05594	0.298904	0.298904	1.06353
4.06593	0.301447	0.301447	1.07258
4.07592	0.302532	0.302532	1.07644
4.08591	0.302157	0.302157	1.07511
4.0959	0.300326	0.300326	1.06859
4.10589	0.29705	0.29705	1.05693
4.11588	0.292347	0.292347	1.0402
4.12587	0.286243	0.286243	1.01848
4.13586	0.278769	0.278769	0.991888
4.14585	0.269962	0.269962	0.960554
4.15584	0.259868	0.259868	0.924638
4.16583	0.248537	0.248537	0.88432
4.17582	0.236024	0.236024	0.839798
4.18581	0.222391	0.222391	0.791291
4.1958	0.207705	0.207705	0.739037
4.20579	0.192037	0.192037	0.683287
4.21578	0.175462	0.175462	0.624313
4.22577	0.158061	0.158061	0.562397
4.23576	0.139916	0.139916	0.497836
4.24575	0.121114	0.121114	0.430938
4.25574	0.101745	0.101745	0.36202
4.26573	0.0818999	0.0818999	0.291408
4.27572	0.0616722	0.0616722	0.219436
4.28571	0.0411571	0.0411571	0.146441
4.2957	0.0204504	0.0204504	0.0727647
4.30569	-0.000351225	-0.000351225	-0.00124969
4.31568	-0.0211513	-0.0211513	-0.0752584
4.32567	-0.0418535	-0.0418535	-0.148919
4.33566	-0.0623625	-0.0623625	-0.221892
4.34565	-0.082584	-0.082584	-0.293842
4.35564	-0.102426	-0.102426	-0.364441
4.36563	-0.121797	-0.121797	-0.433366
4.37562	-0.14061	-0.14061	-0.500305
4.38561	-0.15878	-0.15878	-0.564956
4.3956	-0.176225	-0.176225	-0.627027
4.40559	-0.192867	-0.192867	-0.686241
4.41558	-0.208632	-0.208632	-0.742333
4.42557	-0.223449	-0.223449	-0.795056
4.43556	-0.237255	-0.237255	-0.844177
4.44555	-0.249987	-0.249987	-0.889481
4.45554	-0.261592	-0.261592	-0.93077
4.46553	-0.272018	-0.272018	-0.967867
4.47552	-0.281221	-0.281221	-1.00061
4.48551	-0.289163	-0.289163	-1.02887
4.4955	-0.29581	-0.29581	-1.05252
4.50549	-0.301135	-0.301135	-1.07147
4.51548	-0.305117	-0.305117	-1.08564
4.52547	-0.307741	-0.307741	-1.09497
4.53546	-0.308999	-0.308999	-1.09945
4.54545	-0.308886	-0.308886	-1.09905
4.55544	-0.307408	-0.307408	-1.09379
4.56543	-0.304572	-0.304572	-1.0837
4.57542	-0.300395	-0.300395	-1.06884
4.58541	-0.294897	-0.294897	-1.04927
4.5954	-0.288105	-0.288105	-1.02511
4.60539	-0.280052	-0.280052	-0.996455
4.61538	-0.270776	-0.270776	-0.963448
4.62537	-0.260319	-0.260319	-0.926241
4.63536	-0.248729	-0.248729	-0.885005
4.64535	-0.23606	-0.23606	-0.839926
4.65534	-0.222368	-0.222368	-0.791209
4.66533	-0.207715	-0.207715	-0.739071
4.67532	-0.192166	-0.192166	-0.683746
4.68531	-0.17579	-0.17579	-0.625478
4.6953	-0.158658	-0.158658	-0.564523
4.70529	-0.140847	-0.140847	-0.501149
4.71528	-0.122434	-0.122434	-0.435633
4.72527	-0.103498	-0.103498	-0.368257
4.73526	-0.0841216	-0.0841216	-0.299313
4.74525	-0.0643877	-0.0643877	-0.229098
4.75524	-0.044381	-0.044381	-0.157912
4.76523	-0.0241865	-0.0241865	-0.0860579
4.77522	-0.00388989	-0.00388989	-0.0138406
4.78521	0.0164231	0.0164231	0.0584351
4.7952	0.0366671	0.0366671	0.130465
4.80519	0.0567575	0.0567575	0.201949
4.81518	0.0766106	0.0766106	0.272589
4.82517	0.0961442	0.0961442	0.342091
4.83516	0.115278	0.115278	0.41017
4.84515	0.133932	0.133932	0.476545
4.85514	0.152032	0.152032	0.540947
4.86513	0.169504	0.169504	0.603113
4.87512	0.186277	0.186277	0.662792
4.88511	0.202283	0.202283	0.719744
4.8951	0.217459	0.217459	0.773743
4.90509	0.231745	0.231745	0.824574
4.91508	0.245085	0.245085	0.872037
4.92507	0.257426	0.257426	0.915947
4.93506	0.26872	0.26872	0.956133
4.94505	0.278925	0.278925	0.992443
4.95504	0.288001	0.288001	1.02474
4.96503	0.295915	0.295915	1.0529
4.97502	0.302638	0.302638	1.07682
4.98501	0.308146	0.308146	1.09642
4.995	0.31242	0.31242	1.11162
5.00499	0.315445	0.315445	1.12238
5.01498	0.317212	0.317212	1.12867
5.02497	0.317719	0.317719	1.13048
5.03496	0.316966	0.316966	1.1278
5.04495	0.314959	0.314959	1.12066
5.05494	0.311709	0.311709	1.10909
5.06493	0.307232	0.307232	1.09316
5.07492	0.301549	0.301549	1.07294
5.08491	0.294686	0.294686	1.04852
5.0949	0.286671	0.286671	1.02001
5.10489	0.27754	0.27754	0.987516
5.11488	0.267331	0.267331	0.951191
5.12487	0.256086	0.256086	0.911179
5.13486	0.243851	0.243851	0.867646
5.14485	0.230676	0.230676	0.820769
5.15484	0.216614	0.216614	0.770736
5.16483	0.201722	0.201722	0.717748
5.17482	0.186059	0.186059	0.662016
5.18481	0.169686	0.169686	0.603759
5.1948	0.152667	0.152667	0.543206
5.20479	0.13507	0.13507	0.480593
5.21478	0.116962	0.116962	0.416161
5.22477	0.0984121	0.0984121	0.35016
5.23476	0.0794924	0.0794924	0.282842
5.24475	0.0602744	0.0602744	0.214463
5.25474	0.040831	0.040831	0.145281
5.26473	0.0212352	0.0212352	0.075557
5.27472	0.00156037	0.00156037	0.00555196
5.28471	-0.0181203	-0.0181203	-0.0644738
5.2947	-0.0377339	-0.0377339	-0.134261
5.30469	-0.0572084	-0.0572084	-0.203553
5.31468	-0.0764726	-0.0764726	-0.272097
5.32467	-0.0954563	-0.0954563	-0.339644
5.33466	-0.114091	-0.114091	-0.405948
5.34465	-0.13231	-0.13231	-0.470772
5.35464	-0.150048	-0.150048	-0.533886
5.36463	-0.167242	-0.167242	-0.595064
5.37462	-0.183832	-0.183832	-0.654092
5.38461	-0.199759	-0.199759	-0.710763
5.3946	-0.214969	-0.214969	-0.764882
5.40459	-0.229409	-0.229409	-0.81626
5.41458	-0.24303	-0.24303	-0.864724
5.42457	-0.255785	-0.255785	-0.91011
5.43456	-0.267633	-0.267633	-0.952265
5.44455	-0.278533	-0.278533	-0.991051
5.45454	-0.288452	-0.288452	-1.02634
5.46453	-0.297355	-0.297355	-1.05802
5.47452	-0.305217	-0.305217	-1.08599
5.48451	-0.312011	-0.312011	-1.11017
5.4945	-0.317719	-0.317719	-1.13048
5.50449	-0.322322	-0.322322	-1.14686
5.51448	-0.325811	-0.325811	-1.15927
5.52447	-0.328174	-0.328174	-1.16768
5.53446	-0.329409	-0.329409	-1.17207
5.54445	-0.329514	-0.329514	-1.17244
5.55444	-0.328492	-0.328492	-1.16881
5.56443	-0.326352	-0.326352	-1.16119
5.57442	-0.323103	-0.323103	-1.14963
5.58441	-0.31876	-0.31876	-1.13418
5.5944	-0.313343	-0.313343	-1.11491
5.60439	-0.306871	-0.306871	-1.09188
5.61438	-0.299371	-0.299371	-1.06519
5.62437	-0.290871	-0.290871	-1.03495
5.63436	-0.281402	-0.281402	-1.00126
5.64435	-0.271	-0.271	-0.964245
5.65434	-0.259702	-0.259702	-0.924045
5.66433	-0.247547	-0.247547	-0.880799
5.67432	-0.23458	-0.23458	-0.83466
5.68431	-0.220845	-0.220845	-0.78579
5.6943	-0.20639	-0.20639	-0.734357
5.70429	-0.191264	-0.191264	-0.680537
5.71428	-0.175518	-0.175518	-0.624512
5.72427	-0.159206	-0.159206	-0.566472
5.73426	-0.142382	-0.142382	-0.50661
5.74425	-0.125102	-0.125102	-0.445124
5.75424	-0.107422	-0.107422	-0.382217
5.76423	-0.0893998	-0.0893998	-0.318094
5.77422	-0.0710945	-0.0710945	-0.252962
5.78421	-0.0525647	-0.0525647	-0.187031
5.7942	-0.0338694	-0.0338694	-0.120511
5.80419	-0.0150678	-0.0150678	-0.0536128
5.81418	0.00378086	0.00378086	0.0134527
5.82417	0.0226178	0.0226178	0.0804765
5.83416	0.0413846	0.0413846	0.147251
5.84415	0.0600237	0.0600237	0.21357
5.85414	0.078478	0.078478	0.279233
5.86413	0.0966917	0.0966917	0.344039
5.87412	0.11461	0.11461	0.407795
5.88411	0.13218	0.13218	0.47031
5.8941	0.149349	0.149349	0.531399
5.90409	0.166067	0.166067	0.590885
5.91408	0.182286	0.182286	0.648593
5.92407	0.197959	0.197959	0.704359
5.93406	0.213041	0.213041	0.758023
5.94405	0.22749	0.22749	0.809434
5.95404	0.241266	0.241266	0.858449
5.96403	0.25433	0.25433	0.904933
5.97402	0.266648	0.266648	0.94876
5.98401	0.278185	0.278185	0.989812
5.994	0.288913	0.288913	1.02798
6.00399	0.298802	0.298802	1.06317
6.01398	0.307828	0.307828	1.09528
6.02397	0.315969	0.315969	1.12425
6.03396	0.323204	0.323204	1.14999
6.04395	0.329518	0.329518	1.17246
6.05394	0.334895	0.334895	1.19159
6.06393	0.339325	0.339325	1.20735
6.07392	0.342799	0.342799	1.21972
6.08391	0.345312	0.345312	1.22866
6.0939	0.346861	0.346861	1.23417
6.10389	0.347445	0.347445	1.23625
6.11388	0.347068	0.347068	1.2349
6.12387	0.345734	0.345734	1.23016
6.13386	0.343451	0.343451	1.22203
6.14385	0.34023	0.34023	1.21057
6.15384	0.336084	0.336084	1.19582
6.16383	0.331029	0.331029	1.17783
6.17382	0.325081	0.325081	1.15667
6.18381	0.318261	0.318261	1.1324
6.1938	0.310591	0.310591	1.10511
6.20379	0.302096	0.302096	1.07489
6.21378	0.292801	0.292801	1.04182
6.22377	0.282736	0.282736	1.006
6.23376	0.271929	0.271929	0.967552
6.24375	0.260413	0.260413	0.926578
6.25374	0.248222	0.248222	0.883198
6.26373	0.235389	0.235389	0.837537
6.27372	0.22195	0.22195	0.789722
6.28371	0.207944	0.207944	0.739887
6.2937	0.193409	0.193409	0.688168
6.30369	0.178383	0.178383	0.634705
6.31368	0.162908	0.162908	0.579642
6.32367	0.147024	0.147024	0.523125
6.33366	0.130773	0.130773	0.465303
6.34365	0.114197	0.114197	0.406325
6.35364	0.0973392	0.0973392	0.346343
6.36363	0.0802421	0.0802421	0.28551
6.37362	0.0629487	0.0629487	0.223978
6.38361	0.0455022	0.0455022	0.161902
6.3936	0.0279456	0.0279456	0.0994333
6.40359	0.0103216	0.0103216	0.0367255
6.41358	-0.00732704	-0.00732704	-0.0260704
6.42357	-0.0249583	-0.0249583	-0.0888043
6.43356	-0.0425305	-0.0425305	-0.151328
6.44355	-0.0600026	-0.0600026	-0.213495
6.45354	-0.077334	-0.077334	-0.275163
6.46353	-0.0944854	-0.0944854	-0.336189
6.47352	-0.111418	-0.111418	-0.396436
6.48351	-0.128094	-0.128094	-0.45577
6.4935	-0.144476	-0.144476	-0.51406
6.50349	-0.160529	-0.160529	-0.571178
6.51348	-0.176218	-0.176218	-0.627003
6.52347	-0.191511	-0.191511	-0.681415
6.53346	-0.206374	-0.206374	-0.734301
6.54345	-0.220778	-0.220778	-0.785553
6.55344	-0.234694	-0.234694	-0.835065
6.56343	-0.248093	-0.248093	-0.88274
6.57342	-0.260949	-0.260949	-0.928485
6.58341	-0.273238	-0.273238	-0.97221
6.5934	-0.284937	-0.284937	-1.01383
6.60339	-0.296023	-0.296023	-1.05328
6.61338	-0.306478	-0.306478	-1.09048
6.62337	-0.316282	-0.316282	-1.12536
6.63336	-0.325419	-0.325419	-1.15788
6.64335	-0.333875	-0.333875	-1.18796
6.65334	-0.341635	-0.341635	-1.21557
6.66333	-0.348689	-0.348689	-1.24067
6.67332	-0.355026	-0.355026	-1.26322
6.68331	-0.360637	-0.360637	-1.28319
6.6933	-0.365517	-0.365517	-1.30055
6.70329	-0.369661	-0.369661	-1.31529
6.71328	-0.373064	-0.373064	-1.3274
6.72327	-0.375725	-0.375725	-1.33687
6.73326	-0.377644	-0.377644	-1.3437
6.74325	-0.378822	-0.378822	-1.34789
6.75324	-0.379261	-0.379261	-1.34945
6.76323	-0.378967	-0.378967	-1.3484
6.77322	-0.377944	-0.377944	-1.34476
6.78321	-0.3762	-0.3762	-1.33856
6.7932	-0.373744	-0.373744	-1.32982
6.80319	-0.370584	-0.370584	-1.31858
6.81318	-0.366732	-0.366732	-1.30487
6.82317	-0.3622	-0.3622	-1.28875
6.83316	-0.357001	-0.357001	-1.27025
6.84315	-0.351151	-0.351151	-1.24943
6.85314	-0.344663	-0.344663	-1.22635
6.86313	-0.337555	-0.337555	-1.20106
6.87312	-0.329844	-0.329844	-1.17362
6.88311	-0.321549	-0.321549	-1.14411
6.8931	-0.312688	-0.312688	-1.11258
6.90309	-0.303282	-0.303282	-1.07911
6.91308	-0.29335	-0.29335	-1.04377
6.92307	-0.282915	-0.282915	-1.00664
6.93306	-0.271998	-0.271998	-0.967796
6.94305	-0.260621	-0.260621	-0.927316
6.95304	-0.248807	-0.248807	-0.885282
6.96303	-0.23658	-0.23658	-0.841776
6.97302	-0.223963	-0.223963	-0.796883
6.98301	-0.21098	-0.21098	-0.750687
6.993	-0.197654	-0.197654	-0.703275
7.00299	-0.184012	-0.184012	-0.654733
7.01298	-0.170076	-0.170076	-0.605148
7.02297	-0.155872	-0.155872	-0.554608
7.03296	-0.141424	-0.141424	-0.5032
7.04295	-0.126756	-0.126756	-0.451011
7.05294	-0.111894	-0.111894	-0.39813
7.06293	-0.0968612	-0.0968612	-0.344642
7.07292	-0.0816824	-0.0816824	-0.290634
7.08291	-0.0663815	-0.0663815	-0.236192
7.0929	-0.0509823	-0.0509823	-0.1814
7.10289	-0.0355084	-0.0355084	-0.126343
7.11288	-0.0199829	-0.0199829	-0.0711011
7.12287	-0.00442854	-0.00442854	-0.0157572
7.13286	0.0111321	0.0111321	0.0396092
7.14285	0.0266771	0.0266771	0.0949199
7.15284	0.0421849	0.0421849	0.150098
7.16283	0.0576345	0.0576345	0.20507
7.17282	0.0730054	0.0730054	0.259761
7.18281	0.0882776	0.0882776	0.314101
7.1928	0.103432	0.103432	0.368021
7.20279	0.118449	0.118449	0.421454
7.21278	0.133311	0.133311	0.474335
7.22277	0.148001	0.148001	0.526602
7.23276	0.162501	0.162501	0.578195
7.24275	0.176795	0.176795	0.629056
7.25274	0.190868	0.190868	0.67913
7.26273	0.204705	0.204705	0.728363
7.27272	0.218292	0.218292	0.776706
7.28271	0.231615	0.231615	0.824111
7.2927	0.244662	0.244662	0.870532
7.30269	0.25742	0.25742	0.915927
7.31268	0.269878	0.269878	0.960254
7.32267	0.282026	0.282026	1.00348
7.33266	0.293854	0.293854	1.04556
7.34265	0.305352	0.305352	1.08647
7.35264	0.316513	0.316513	1.12618
7.36263	0.327328	0.327328	1.16467
7.37262	0.33779	0.33779	1.20189
7.38261	0.347894	0.347894	1.23784
7.3926	0.357633	0.357633	1.2725
7.40259	0.367003	0.367003	1.30584
7.41258	0.376	0.376	1.33785
7.42257	0.384619	0.384619	1.36851
7.43256	0.392857	0.392857	1.39783
7.44255	0.400714	0.400714	1.42578
7.45254	0.408186	0.408186	1.45237
7.46253	0.415273	0.415273	1.47758
7.47252	0.421974	0.421974	1.50143
7.48251	0.428289	0.428289	1.5239
7.4925	0.434219	0.434219	1.54499
7.50249	0.439765	0.439765	1.56473
7.51248	0.444928	0.444928	1.5831
7.52247	0.449711	0.449711	1.60012
7.53246	0.454117	0.454117	1.6158
7.54245	0.458148	0.458148	1.63014
7.55244	0.461809	0.461809	1.64316
7.56243	0.465102	0.465102	1.65488
7.57242	0.468033	0.468033	1.66531
7.58241	0.470607	0.470607	1.67447
7.5924	0.472827	0.472827	1.68237
7.60239	0.474701	0.474701	1.68903
7.61238	0.476233	0.476233	1.69449
7.62237	0.47743	0.47743	1.69875
7.63236	0.478299	0.478299	1.70184
7.64235	0.478845	0.478845	1.70378
7.65234	0.479076	0.479076	1.7046
7.66233	0.478999	0.478999	1.70433
7.67232	0.478622	0.478622	1.70298
7.68231	0.477951	0.477951	1.7006
7.6923	0.476995	0.476995	1.6972
7.70229	0.475761	0.475761	1.69281
7.71228	0.474258	0.474258	1.68746
7.72227	0.472494	0.472494	1.68118
7.73226	0.470477	0.470477	1.674
7.74225	0.468215	0.468215	1.66596
7.75224	0.465716	0.465716	1.65707
7.76223	0.46299	0.46299	1.64737
7.77222	0.460044	0.460044	1.63688
7.78221	0.456887	0.456887	1.62565
7.7922	0.453528	0.453528	1.6137
7.80219	0.449975	0.449975	1.60106
7.81218	0.446237	0.446237	1.58776
7.82217	0.442322	0.442322	1.57383
7.83216	0.438238	0.438238	1.5593
7.84215	0.433995	0.433995	1.5442
7.85214	0.4296	0.4296	1.52856
7.86213	0.425061	0.425061	1.51241
7.87212	0.420388	0.420388	1.49578
7.88211	0.415587	0.415587	1.4787
7.8921	0.410667	0.410667	1.46119
7.90209	0.405635	0.405635	1.44329
7.91208	0.4005	0.4005	1.42502
7.92207	0.395269	0.395269	1.40641
7.93206	0.38995	0.38995	1.38748
7.94205	0.38455	0.38455	1.36827
7.95204	0.379075	0.379075	1.34879
7.96203	0.373534	0.373534	1.32907
7.97202	0.367933	0.367933	1.30914
7.98201	0.362279	0.362279	1.28903
7.992	0.356578	0.356578	1.26874
8.00199	0.350837	0.350837	1.24832
8.01198	0.345063	0.345063	1.22777
8.02197	0.33926	0.33926	1.20712
8.03196	0.333435	0.333435	1.1864
8.04195	0.327594	0.327594	1.16561
8.05194	0.321742	0.321742	1.14479
8.06193	0.315885	0.315885	1.12395
8.07192	0.310028	0.310028	1.10311
8.08191	0.304175	0.304175	1.08229
8.0919	0.298332	0.298332	1.0615
8.10189	0.292504	0.292504	1.04076
8.11188	0.286693	0.286693	1.02008
8.12187	0.280906	0.280906	0.999494
8.13186	0.275146	0.275146	0.978998
8.14185	0.269417	0.269417	0.958613
8.15184	0.263722	0.263722	0.938351
8.16183	0.258066	0.258066	0.918225
8.17182	0.252451	0.252451	0.898247
8.18181	0.246881	0.246881	0.878428
8.1918	0.241359	0.241359	0.85878
8.20179	0.235887	0.235887	0.839311
8.21178	0.230469	0.230469	0.820033
8.22177	0.225107	0.225107	0.800954
8.23176	0.219803	0.219803	0.782082
8.24175	0.21456	0.21456	0.763426
8.25174	0.209379	0.209379	0.744992
8.26173	0.204263	0.204263	0.726788
8.27172	0.199213	0.199213	0.708821
8.28171	0.194231	0.194231	0.691095
8.2917	0.189319	0.189319	0.673617
8.30169	0.184478	0.184478	0.65639
8.31168	0.179708	0.179708	0.639421
8.32167	0.175012	0.175012	0.622711
8.33166	0.17039	0.17039	0.606266
8.34165	0.165843	0.165843	0.590088
8.35164	0.161373	0.161373	0.57418
8.36163	0.156978	0.156978	0.558544
8.37162	0.152661	0.152661	0.543182
8.38161	0.148421	0.148421	0.528096
8.3916	0.144258	0.144258	0.513286
8.40159	0.140174	0.140174	0.498753
8.41158	0.136168	0.136168	0.484499
8.42157	0.13224	0.13224	0.470523
8.43156	0.12839	0.12839	0.456825
8.44155	0.124618	0.124618	0.443405
8.45154	0.120924	0.120924	0.430261
8.46153	0.117308	0.117308	0.417394
8.47152	0.113769	0.113769	0.404801
8.48151	0.110306	0.110306	0.392482
8.4915	0.10692	0.10692	0.380434
8.50149	0.10361	0.10361	0.368656
8.51148	0.100375	0.100375	0.357146
8.52147	0.0972149	0.0972149	0.345901
8.53146	0.0941284	0.0941284	0.334919
8.54145	0.091115	0.091115	0.324197
8.55144	0.0881739	0.0881739	0.313732
8.56143	0.0853044	0.0853044	0.303522
8.57142	0.0825055	0.0825055	0.293563
8.58141	0.0797763	0.0797763	0.283852
8.5914	0.0771159	0.0771159	0.274386
8.60139	0.0745233	0.0745233	0.265162
8.61138	0.0719975	0.0719975	0.256175
8.62137	0.0695375	0.0695375	0.247422
8.63136	0.0671422	0.0671422	0.238899
8.64135	0.0648106	0.0648106	0.230603
8.65134	0.0625416	0.0625416	0.222529
8.66133	0.0603339	0.0603339	0.214674
8.67132	0.0581866	0.0581866	0.207034
8.68131	0.0560985	0.0560985	0.199604
8.6913	0.0540684	0.0540684	0.192381
8.70129	0.0520952	0.0520952	0.18536
8.71128	0.0501777	0.0501777	0.178537
8.72127	0.0483146	0.0483146	0.171908
8.73126	0.0465049	0.0465049	0.165469
8.74125	0.0447474	0.0447474	0.159216
8.75124	0.0430408	0.0430408	0.153143
8.76123	0.0413839	0.0413839	0.147248
8.77122	0.0397756	0.0397756	0.141526
8.78121	0.0382147	0.0382147	0.135972
8.7912	0.0366999	0.0366999	0.130582
8.80119	0.0352302	0.0352302	0.125353
8.81118	0.0338043	0.0338043	0.120279
8.82117	0.032421	0.032421	0.115357
8.83116	0.0310791	0.0310791	0.110583
8.84115	0.0297775	0.0297775	0.105952
8.85114	0.0285151	0.0285151	0.10146
8.86113	0.0272906	0.0272906	0.0971029
8.87112	0.026103	0.026103	0.0928771
8.88111	0.024951	0.024951	0.0887783
8.8911	0.0238336	0.0238336	0.0848024
8.90109	0.0227496	0.0227496	0.0809454
8.91108	0.0216979	0.0216979	0.0772034
8.92107	0.0206774	0.0206774	0.0735724
8.93106	0.019687	0.019687	0.0700484
8.94105	0.0187256	0.0187256	0.0666277
8.95104	0.0177921	0.0177921	0.0633063
8.96103	0.0168855	0.0168855	0.0600805
8.97102	0.0160047	0.0160047	0.0569464
8.98101	0.0151486	0.0151486	0.0539002
8.991	0.0143161	0.0143161	0.0509383
9.00099	0.0135063	0.0135063	0.0480569
9.01098	0.0127181	0.0127181	0.0452523
9.02097	0.0119504	0.0119504	0.0425209
9.03096	0.0112023	0.0112023	0.039859
9.04095	0.0104727	0.0104727	0.0372629
9.05094	0.00976057	0.00976057	0.0347291
9.06093	0.00906492	0.00906492	0.0322539
9.07092	0.00838475	0.00838475	0.0298338
9.08091	0.00771904	0.00771904	0.0274651
9.0909	0.00706677	0.00706677	0.0251443
9.10089	0.00642696	0.00642696	0.0228678
9.11088	0.00579857	0.00579857	0.0206319
9.12087	0.00518061	0.00518061	0.0184331
9.13086	0.00457205	0.00457205	0.0162678
9.14085	0.00397187	0.00397187	0.0141323
9.15084	0.00337904	0.00337904	0.012023
9.16083	0.00279254	0.00279254	0.00993614
9.17082	0.0022113	0.0022113	0.00786805
9.18081	0.00163429	0.00163429	0.00581496
9.1908	0.00106041	0.00106041	0.00377305
9.20079	0.000488595	0.000488595	0.00173847
9.21078	-8.2264e-005	0	-0.000292704
9.22077	-0.000653288	0	-0.00232446
9.23076	-0.00122562	0	-0.00436088
9.24075	-0.00180042	0	-0.00640609
9.25074	-0.00237889	0	-0.00846435
9.26073	-0.00296225	0	-0.01054
9.27072	-0.00355175	0	-0.0126375
9.28071	-0.00414868	0	-0.0147614
9.2907	-0.00475436	0	-0.0169165
9.30069	-0.00537015	0	-0.0191076
9.31068	-0.00599748	0	-0.0213396
9.32067	-0.00663779	0	-0.0236179
9.33066	-0.00729259	0	-0.0259478
9.34065	-0.00796346	0	-0.0283348
9.35064	-0.00865201	0	-0.0307847
9.36063	-0.00935994	0	-0.0333036
9.37062	-0.010089	0	-0.0358977
9.38061	-0.010841	0	-0.0385735
9.3906	-0.011618	0	-0.0413379
9.40059	-0.0124218	0	-0.044198
9.41058	-0.0132546	0	-0.0471611
9.42057	-0.0141185	0	-0.0502352
9.43056	-0.015016	0	-0.0534283
9.44055	-0.0159493	0	-0.0567491
9.45054	-0.016921	0	-0.0602066
9.46053	-0.0179338	0	-0.0638102
9.47052	-0.0189904	0	-0.0675699
9.48051	-0.0200939	0	-0.0714961
9.4905	-0.0212472	0	-0.0755999
9.50049	-0.0224538	0	-0.0798928
9.51048	-0.0237169	0	-0.0843873
9.52047	-0.0250403	0	-0.0890961
9.53046	-0.0264278	0	-0.0940329
9.54045	-0.0278835	0	-0.0992122
9.55044	-0.0294115	0	-0.104649
9.56043	-0.0310165	0	-0.11036
9.57042	-0.0327033	0	-0.116362
9.58041	-0.0344769	0	-0.122672
9.5904	-0.0363426	0	-0.129311
9.60039	-0.0383063	0	-0.136298
9.61038	-0.0403738	0	-0.143654
9.62037	-0.0425516	0	-0.151403
9.63036	-0.0448464	0	-0.159568
9.64035	-0.0472654	0	-0.168175
9.65034	-0.0498163	0	-0.177251
9.66033	-0.052507	0	-0.186825
9.67032	-0.0553461	0	-0.196927
9.68031	-0.0583429	0	-0.20759
9.6903	-0.0615068	0	-0.218848
9.70029	-0.0648482	0	-0.230737
9.71028	-0.0683779	0	-0.243296
9.72027	-0.0721076	0	-0.256566
9.73026	-0.0760495	0	-0.270592
9.74025	-0.0802167	0	-0.285419
9.75024	-0.0846231	0	-0.301098
9.76023	-0.0892836	0	-0.31768
9.77022	-0.0942137	0	-0.335222
9.78021	-0.0994303	0	-0.353783
9.7902	-0.104951	0	-0.373427
9.80019	-0.110795	0	-0.394221
9.81018	-0.116983	0	-0.416237
9.82017	-0.123535	0	-0.43955
9.83016	-0.130475	0	-0.464243
9.84015	-0.137827	0	-0.490402
9.85014	-0.145617	0	-0.518119
9.86013	-0.153872	0	-0.547493
9.87012	-0.162623	0	-0.578628
9.88011	-0.171899	0	-0.611635
9.8901	-0.181736	0	-0.646634
9.90009	-0.192167	0	-0.683752
9.91008	-0.203233	0	-0.723123
9.92007	-0.214971	0	-0.764891
9.93006	-0.227427	0	-0.80921
9.94005	-0.240646	0	-0.856244
9.95004	-0.254677	0	-0.906167
9.96003	-0.269573	0	-0.959167
9.97002	-0.285388	0	-1.01544
9.98001	-0.302185	0	-1.0752
9.99	-0.320024	0	-1.13868
