0	0	0	0
0.00999	0.0181624	0.0181624	0.00998551
0.01998	0.036276	0.036276	0.0199441
0.02997	0.0542918	0.0542918	0.029849
0.03996	0.0721613	0.0721613	0.0396735
0.04995	0.0898364	0.0898364	0.0493911
0.05994	0.10727	0.10727	0.0589757
0.06993	0.124414	0.124414	0.0684014
0.07992	0.141223	0.141223	0.0776429
0.08991	0.157652	0.157652	0.0866752
0.0999	0.173656	0.173656	0.0954742
0.10989	0.189193	0.189193	0.104016
0.11988	0.20422	0.20422	0.112278
0.12987	0.218697	0.218697	0.120237
0.13986	0.232585	0.232585	0.127873
0.14985	0.245848	0.245848	0.135164
0.15984	0.258448	0.258448	0.142092
0.16983	0.270353	0.270353	0.148637
0.17982	0.281531	0.281531	0.154783
0.18981	0.291951	0.291951	0.160511
0.1998	0.301585	0.301585	0.165808
0.20979	0.310409	0.310409	0.170659
0.21978	0.318397	0.318397	0.175051
0.22977	0.32553	0.32553	0.178973
0.23976	0.331787	0.331787	0.182413
0.24975	0.337152	0.337152	0.185362
0.25974	0.341611	0.341611	0.187814
0.26973	0.345152	0.345152	0.189761
0.27972	0.347765	0.347765	0.191198
0.28971	0.349445	0.349445	0.192121
0.2997	0.350186	0.350186	0.192528
0.30969	0.349987	0.349987	0.192419
0.31968	0.348848	0.348848	0.191793
0.32967	0.346773	0.346773	0.190652
0.33966	0.343768	0.343768	0.189
0.34965	0.339841	0.339841	0.186841
0.35964	0.335002	0.335002	0.18418
0.36963	0.329265	0.329265	0.181026
0.37962	0.322646	0.322646	0.177387
0.38961	0.315162	0.315162	0.173273
0.3996	0.306834	0.306834	0.168694
0.40959	0.297684	0.297684	0.163663
0.41958	0.287737	0.287737	0.158195
0.42957	0.27702	0.27702	0.152303
0.43956	0.265562	0.265562	0.146003
0.44955	0.253393	0.253393	0.139313
0.45954	0.240547	0.240547	0.13225
0.46953	0.227059	0.227059	0.124834
0.47952	0.212963	0.212963	0.117085
0.48951	0.198299	0.198299	0.109022
0.4995	0.183105	0.183105	0.100669
0.50949	0.167422	0.167422	0.0920469
0.51948	0.151293	0.151293	0.0831792
0.52947	0.13476	0.13476	0.0740897
0.53946	0.117868	0.117868	0.0648027
0.54945	0.100662	0.100662	0.0553429
0.55944	0.0831878	0.0831878	0.0457358
0.56943	0.0654921	0.0654921	0.0360068
0.57942	0.047622	0.047622	0.0261821
0.58941	0.0296252	0.0296252	0.0162876
0.5994	0.0115496	0.0115496	0.00634986
0.60939	-0.00655664	-0.00655664	-0.00360477
0.61938	-0.0246455	-0.0246455	-0.0135498
0.62937	-0.0426689	-0.0426689	-0.0234589
0.63936	-0.0605791	-0.0605791	-0.0333057
0.64935	-0.0783285	-0.0783285	-0.0430642
0.65934	-0.0958702	-0.0958702	-0.0527084
0.66933	-0.113158	-0.113158	-0.062213
0.67932	-0.130146	-0.130146	-0.0715527
0.68931	-0.146789	-0.146789	-0.0807029
0.6993	-0.163044	-0.163044	-0.0896396
0.70929	-0.178867	-0.178867	-0.0983392
0.71928	-0.194218	-0.194218	-0.106779
0.72927	-0.209055	-0.209055	-0.114936
0.73926	-0.223341	-0.223341	-0.12279
0.74925	-0.237036	-0.237036	-0.13032
0.75924	-0.250107	-0.250107	-0.137506
0.76923	-0.262518	-0.262518	-0.14433
0.77922	-0.274238	-0.274238	-0.150773
0.78921	-0.285235	-0.285235	-0.156819
0.7992	-0.295482	-0.295482	-0.162453
0.80919	-0.304951	-0.304951	-0.167659
0.81918	-0.313619	-0.313619	-0.172424
0.82917	-0.321463	-0.321463	-0.176737
0.83916	-0.328463	-0.328463	-0.180586
0.84915	-0.334602	-0.334602	-0.18396
0.85914	-0.339863	-0.339863	-0.186853
0.86913	-0.344233	-0.344233	-0.189256
0.87912	-0.347702	-0.347702	-0.191163
0.88911	-0.350261	-0.350261	-0.19257
0.8991	-0.351905	-0.351905	-0.193473
0.90909	-0.352628	-0.352628	-0.193871
0.91908	-0.352431	-0.352431	-0.193763
0.92907	-0.351314	-0.351314	-0.193149
0.93906	-0.349281	-0.349281	-0.192031
0.94905	-0.346337	-0.346337	-0.190413
0.95904	-0.342492	-0.342492	-0.188298
0.96903	-0.337756	-0.337756	-0.185694
0.97902	-0.332141	-0.332141	-0.182607
0.98901	-0.325663	-0.325663	-0.179046
0.999	-0.31834	-0.31834	-0.17502
1.00899	-0.310191	-0.310191	-0.17054
1.01898	-0.301237	-0.301237	-0.165617
1.02897	-0.291504	-0.291504	-0.160266
1.03896	-0.281016	-0.281016	-0.154499
1.04895	-0.269801	-0.269801	-0.148334
1.05894	-0.257889	-0.257889	-0.141784
1.06893	-0.245311	-0.245311	-0.134869
1.07892	-0.2321	-0.2321	-0.127606
1.08891	-0.218291	-0.218291	-0.120014
1.0989	-0.203919	-0.203919	-0.112113
1.10889	-0.189023	-0.189023	-0.103923
1.11888	-0.173641	-0.173641	-0.0954659
1.12887	-0.157813	-0.157813	-0.0867637
1.13886	-0.141579	-0.141579	-0.0778387
1.14885	-0.124983	-0.124983	-0.0687142
1.15884	-0.108066	-0.108066	-0.0594135
1.16883	-0.0908726	-0.0908726	-0.0499608
1.17882	-0.0734468	-0.0734468	-0.0403803
1.18881	-0.0558333	-0.0558333	-0.0306965
1.1988	-0.0380772	-0.0380772	-0.0209345
1.20879	-0.0202241	-0.0202241	-0.011119
1.21878	-0.00231936	-0.00231936	-0.00127516
1.22877	0.0155913	0.0155913	0.00857191
1.23876	0.0334622	0.0334622	0.0183972
1.24875	0.0512482	0.0512482	0.0281757
1.25874	0.0689041	0.0689041	0.0378827
1.26873	0.0863853	0.0863853	0.0474937
1.27872	0.103648	0.103648	0.0569843
1.28871	0.120648	0.120648	0.0663307
1.2987	0.137343	0.137343	0.0755095
1.30869	0.153691	0.153691	0.0844975
1.31868	0.169651	0.169651	0.0932723
1.32867	0.185184	0.185184	0.101812
1.33866	0.20025	0.20025	0.110095
1.34865	0.214813	0.214813	0.118102
1.35864	0.228836	0.228836	0.125812
1.36863	0.242285	0.242285	0.133206
1.37862	0.255127	0.255127	0.140266
1.38861	0.267329	0.267329	0.146975
1.3986	0.278863	0.278863	0.153316
1.40859	0.2897	0.2897	0.159274
1.41858	0.299814	0.299814	0.164834
1.42857	0.30918	0.30918	0.169984
1.43856	0.317777	0.317777	0.17471
1.44855	0.325583	0.325583	0.179002
1.45854	0.33258	0.33258	0.182849
1.46853	0.338751	0.338751	0.186242
1.47852	0.344083	0.344083	0.189173
1.48851	0.348563	0.348563	0.191636
1.4985	0.352182	0.352182	0.193626
1.50849	0.35493	0.35493	0.195137
1.51848	0.356803	0.356803	0.196166
1.52847	0.357796	0.357796	0.196712
1.53846	0.357909	0.357909	0.196775
1.54845	0.357143	0.357143	0.196353
1.55844	0.355499	0.355499	0.19545
1.56843	0.352985	0.352985	0.194067
1.57842	0.349605	0.349605	0.192209
1.58841	0.345371	0.345371	0.189881
1.5984	0.340294	0.340294	0.18709
1.60839	0.334386	0.334386	0.183842
1.61838	0.327664	0.327664	0.180146
1.62837	0.320145	0.320145	0.176012
1.63836	0.311848	0.311848	0.171451
1.64835	0.302795	0.302795	0.166473
1.65834	0.293008	0.293008	0.161092
1.66833	0.282512	0.282512	0.155322
1.67832	0.271333	0.271333	0.149176
1.68831	0.259499	0.259499	0.14267
1.6983	0.247041	0.247041	0.13582
1.70829	0.233988	0.233988	0.128644
1.71828	0.220372	0.220372	0.121158
1.72827	0.206228	0.206228	0.113382
1.73826	0.19159	0.19159	0.105334
1.74825	0.176493	0.176493	0.097034
1.75824	0.160975	0.160975	0.0885022
1.76823	0.145073	0.145073	0.0797593
1.77822	0.128825	0.128825	0.0708264
1.78821	0.11227	0.11227	0.061725
1.7982	0.0954493	0.0954493	0.052477
1.80819	0.078402	0.078402	0.0431046
1.81818	0.0611691	0.0611691	0.0336301
1.82817	0.0437915	0.0437915	0.0240761
1.83816	0.0263105	0.0263105	0.0144652
1.84815	0.00876754	0.00876754	0.0048203
1.85814	-0.00879609	-0.00879609	-0.00483599
1.86813	-0.0263391	-0.0263391	-0.0144809
1.87812	-0.0438203	-0.0438203	-0.0240919
1.88811	-0.0611988	-0.0611988	-0.0336465
1.8981	-0.0784343	-0.0784343	-0.0431223
1.90809	-0.0954867	-0.0954867	-0.0524976
1.91808	-0.112317	-0.112317	-0.0617504
1.92807	-0.128885	-0.128885	-0.0708596
1.93806	-0.145154	-0.145154	-0.0798042
1.94805	-0.161087	-0.161087	-0.0885637
1.95804	-0.176646	-0.176646	-0.0971182
1.96803	-0.191797	-0.191797	-0.105448
1.97802	-0.206506	-0.206506	-0.113535
1.98801	-0.220739	-0.220739	-0.12136
1.998	-0.234464	-0.234464	-0.128906
2.00799	-0.247651	-0.247651	-0.136156
2.01798	-0.260271	-0.260271	-0.143094
2.02797	-0.272295	-0.272295	-0.149705
2.03796	-0.283697	-0.283697	-0.155974
2.04795	-0.294453	-0.294453	-0.161887
2.05794	-0.304539	-0.304539	-0.167432
2.06793	-0.313933	-0.313933	-0.172597
2.07792	-0.322615	-0.322615	-0.17737
2.08791	-0.330567	-0.330567	-0.181742
2.0979	-0.337772	-0.337772	-0.185703
2.10789	-0.344215	-0.344215	-0.189246
2.11788	-0.349884	-0.349884	-0.192363
2.12787	-0.354767	-0.354767	-0.195047
2.13786	-0.358855	-0.358855	-0.197294
2.14785	-0.362139	-0.362139	-0.1991
2.15784	-0.364614	-0.364614	-0.200461
2.16783	-0.366277	-0.366277	-0.201375
2.17782	-0.367124	-0.367124	-0.201841
2.18781	-0.367157	-0.367157	-0.201859
2.1978	-0.366375	-0.366375	-0.201429
2.20779	-0.364783	-0.364783	-0.200554
2.21778	-0.362386	-0.362386	-0.199236
2.22777	-0.35919	-0.35919	-0.197479
2.23776	-0.355204	-0.355204	-0.195288
2.24775	-0.350439	-0.350439	-0.192668
2.25774	-0.344907	-0.344907	-0.189626
2.26773	-0.338621	-0.338621	-0.18617
2.27772	-0.331596	-0.331596	-0.182308
2.28771	-0.32385	-0.32385	-0.178049
2.2977	-0.3154	-0.3154	-0.173404
2.30769	-0.306267	-0.306267	-0.168382
2.31768	-0.296471	-0.296471	-0.162997
2.32767	-0.286036	-0.286036	-0.157259
2.33766	-0.274984	-0.274984	-0.151183
2.34765	-0.263342	-0.263342	-0.144783
2.35764	-0.251135	-0.251135	-0.138071
2.36763	-0.238391	-0.238391	-0.131065
2.37762	-0.225138	-0.225138	-0.123778
2.38761	-0.211405	-0.211405	-0.116228
2.3976	-0.197223	-0.197223	-0.108431
2.40759	-0.182623	-0.182623	-0.100404
2.41758	-0.167637	-0.167637	-0.0921647
2.42757	-0.152296	-0.152296	-0.0837307
2.43756	-0.136635	-0.136635	-0.0751204
2.44755	-0.120687	-0.120687	-0.0663522
2.45754	-0.104485	-0.104485	-0.0574449
2.46753	-0.0880656	-0.0880656	-0.0484175
2.47752	-0.071462	-0.071462	-0.039289
2.48751	-0.0547097	-0.0547097	-0.0300788
2.4975	-0.0378437	-0.0378437	-0.020806
2.50749	-0.0208993	-0.0208993	-0.0114902
2.51748	-0.00391171	-0.00391171	-0.00215062
2.52747	0.013084	0.013084	0.00719342
2.53746	0.0300527	0.0300527	0.0165227
2.54745	0.0469599	0.0469599	0.025818
2.55744	0.0637709	0.0637709	0.0350606
2.56743	0.0804518	0.0804518	0.0442315
2.57742	0.0969688	0.0969688	0.0533124
2.58741	0.113289	0.113289	0.062285
2.5974	0.12938	0.12938	0.0711315
2.60739	0.145209	0.145209	0.0798342
2.61738	0.160745	0.160745	0.0883759
2.62737	0.175958	0.175958	0.0967401
2.63736	0.190819	0.190819	0.10491
2.64735	0.205298	0.205298	0.11287
2.65734	0.219367	0.219367	0.120606
2.66733	0.233	0.233	0.128101
2.67732	0.246171	0.246171	0.135342
2.68731	0.258854	0.258854	0.142315
2.6973	0.271027	0.271027	0.149008
2.70729	0.282666	0.282666	0.155407
2.71728	0.293751	0.293751	0.161501
2.72727	0.30426	0.30426	0.167279
2.73726	0.314176	0.314176	0.172731
2.74725	0.32348	0.32348	0.177846
2.75724	0.332156	0.332156	0.182616
2.76723	0.34019	0.34019	0.187033
2.77722	0.347567	0.347567	0.191088
2.78721	0.354275	0.354275	0.194776
2.7972	0.360303	0.360303	0.198091
2.80719	0.365642	0.365642	0.201026
2.81718	0.370283	0.370283	0.203577
2.82717	0.37422	0.37422	0.205742
2.83716	0.377447	0.377447	0.207516
2.84715	0.37996	0.37996	0.208898
2.85714	0.381758	0.381758	0.209886
2.86713	0.382837	0.382837	0.21048
2.87712	0.383199	0.383199	0.210679
2.88711	0.382846	0.382846	0.210485
2.8971	0.381779	0.381779	0.209898
2.90709	0.380004	0.380004	0.208922
2.91708	0.377525	0.377525	0.207559
2.92707	0.37435	0.37435	0.205814
2.93706	0.370486	0.370486	0.203689
2.94705	0.365943	0.365943	0.201192
2.95704	0.360732	0.360732	0.198326
2.96703	0.354863	0.354863	0.1951
2.97702	0.34835	0.34835	0.191519
2.98701	0.341206	0.341206	0.187591
2.997	0.333447	0.333447	0.183325
3.00699	0.325088	0.325088	0.17873
3.01698	0.316147	0.316147	0.173814
3.02697	0.306642	0.306642	0.168588
3.03696	0.29659	0.29659	0.163062
3.04695	0.286012	0.286012	0.157247
3.05694	0.274929	0.274929	0.151153
3.06693	0.263362	0.263362	0.144793
3.07692	0.251332	0.251332	0.13818
3.08691	0.238862	0.238862	0.131324
3.0969	0.225976	0.225976	0.124239
3.10689	0.212698	0.212698	0.116939
3.11688	0.199051	0.199051	0.109436
3.12687	0.185061	0.185061	0.101745
3.13686	0.170753	0.170753	0.0938781
3.14685	0.156152	0.156152	0.0858509
3.15684	0.141286	0.141286	0.0776772
3.16683	0.126178	0.126178	0.0693716
3.17682	0.110858	0.110858	0.0609484
3.18681	0.0953499	0.0953499	0.0524224
3.1968	0.0796819	0.0796819	0.0438082
3.20679	0.0638804	0.0638804	0.0351208
3.21678	0.0479723	0.0479723	0.0263747
3.22677	0.0319846	0.0319846	0.0175848
3.23676	0.0159438	0.0159438	0.00876573
3.24675	-0.000123236	-0.000123236	-6.7754e-005
3.25674	-0.0161901	-0.0161901	-0.00890114
3.26673	-0.0322305	-0.0322305	-0.01772
3.27672	-0.0482184	-0.0482184	-0.02651
3.28671	-0.0641281	-0.0641281	-0.0352569
3.2967	-0.0799341	-0.0799341	-0.0439469
3.30669	-0.0956115	-0.0956115	-0.0525662
3.31668	-0.111136	-0.111136	-0.0611012
3.32667	-0.126482	-0.126482	-0.0695386
3.33666	-0.141628	-0.141628	-0.0778656
3.34665	-0.156549	-0.156549	-0.0860692
3.35664	-0.171224	-0.171224	-0.0941372
3.36663	-0.18563	-0.18563	-0.102057
3.37662	-0.199746	-0.199746	-0.109818
3.38661	-0.213551	-0.213551	-0.117408
3.3966	-0.227025	-0.227025	-0.124816
3.40659	-0.240148	-0.240148	-0.132031
3.41658	-0.252903	-0.252903	-0.139043
3.42657	-0.265271	-0.265271	-0.145843
3.43656	-0.277235	-0.277235	-0.152421
3.44655	-0.288779	-0.288779	-0.158768
3.45654	-0.299887	-0.299887	-0.164875
3.46653	-0.310545	-0.310545	-0.170734
3.47652	-0.320739	-0.320739	-0.176339
3.48651	-0.330455	-0.330455	-0.18168
3.4965	-0.339682	-0.339682	-0.186753
3.50649	-0.348408	-0.348408	-0.191551
3.51648	-0.356622	-0.356622	-0.196067
3.52647	-0.364317	-0.364317	-0.200297
3.53646	-0.371481	-0.371481	-0.204236
3.54645	-0.378109	-0.378109	-0.20788
3.55644	-0.384192	-0.384192	-0.211225
3.56643	-0.389725	-0.389725	-0.214267
3.57642	-0.394703	-0.394703	-0.217003
3.58641	-0.399121	-0.399121	-0.219432
3.5964	-0.402976	-0.402976	-0.221552
3.60639	-0.406266	-0.406266	-0.22336
3.61638	-0.408988	-0.408988	-0.224857
3.62637	-0.411142	-0.411142	-0.226041
3.63636	-0.412728	-0.412728	-0.226913
3.64635	-0.413747	-0.413747	-0.227473
3.65634	-0.414199	-0.414199	-0.227722
3.66633	-0.414089	-0.414089	-0.227662
3.67632	-0.413418	-0.413418	-0.227293
3.68631	-0.412191	-0.412191	-0.226618
3.6963	-0.410412	-0.410412	-0.22564
3.70629	-0.408087	-0.408087	-0.224362
3.71628	-0.405223	-0.405223	-0.222787
3.72627	-0.401824	-0.401824	-0.220919
3.73626	-0.3979	-0.3979	-0.218761
3.74625	-0.393458	-0.393458	-0.216319
3.75624	-0.388507	-0.388507	-0.213597
3.76623	-0.383057	-0.383057	-0.2106
3.77622	-0.377116	-0.377116	-0.207334
3.78621	-0.370696	-0.370696	-0.203805
3.7962	-0.363808	-0.363808	-0.200018
3.80619	-0.356463	-0.356463	-0.195979
3.81618	-0.348672	-0.348672	-0.191696
3.82617	-0.340449	-0.340449	-0.187175
3.83616	-0.331806	-0.331806	-0.182423
3.84615	-0.322756	-0.322756	-0.177448
3.85614	-0.313313	-0.313313	-0.172256
3.86613	-0.303491	-0.303491	-0.166856
3.87612	-0.293304	-0.293304	-0.161255
3.88611	-0.282766	-0.282766	-0.155462
3.8961	-0.271893	-0.271893	-0.149484
3.90609	-0.260699	-0.260699	-0.143329
3.91608	-0.249199	-0.249199	-0.137007
3.92607	-0.237409	-0.237409	-0.130525
3.93606	-0.225345	-0.225345	-0.123892
3.94605	-0.213022	-0.213022	-0.117117
3.95604	-0.200456	-0.200456	-0.110209
3.96603	-0.187663	-0.187663	-0.103175
3.97602	-0.174659	-0.174659	-0.0960259
3.98601	-0.16146	-0.16146	-0.0887692
3.996	-0.148082	-0.148082	-0.081414
4.00599	-0.134541	-0.134541	-0.0739693
4.01598	-0.120853	-0.120853	-0.0664437
4.02597	-0.107034	-0.107034	-0.058846
4.03596	-0.0930992	-0.0930992	-0.0511849
4.04595	-0.0790651	-0.0790651	-0.0434691
4.05594	-0.0649471	-0.0649471	-0.0357072
4.06593	-0.0507608	-0.0507608	-0.0279077
4.07592	-0.0365214	-0.0365214	-0.0200791
4.08591	-0.0222441	-0.0222441	-0.0122296
4.0959	-0.00794398	-0.00794398	-0.00436751
4.10589	0.00636431	0.00636431	0.00349903
4.11588	0.0206662	0.0206662	0.011362
4.12587	0.0349473	0.0349473	0.0192136
4.13586	0.0491937	0.0491937	0.0270461
4.14585	0.0633915	0.0633915	0.0348519
4.15584	0.0775273	0.0775273	0.0426236
4.16583	0.0915878	0.0915878	0.050354
4.17582	0.10556	0.10556	0.0580358
4.18581	0.119432	0.119432	0.0656623
4.1958	0.133191	0.133191	0.0732267
4.20579	0.146824	0.146824	0.0807225
4.21578	0.160322	0.160322	0.0881433
4.22577	0.173672	0.173672	0.0954829
4.23576	0.186863	0.186863	0.102735
4.24575	0.199886	0.199886	0.109895
4.25574	0.21273	0.21273	0.116956
4.26573	0.225385	0.225385	0.123914
4.27572	0.237842	0.237842	0.130763
4.28571	0.250092	0.250092	0.137498
4.2957	0.262126	0.262126	0.144114
4.30569	0.273938	0.273938	0.150608
4.31568	0.285517	0.285517	0.156974
4.32567	0.296859	0.296859	0.16321
4.33566	0.307955	0.307955	0.16931
4.34565	0.318798	0.318798	0.175272
4.35564	0.329384	0.329384	0.181092
4.36563	0.339706	0.339706	0.186767
4.37562	0.349758	0.349758	0.192293
4.38561	0.359537	0.359537	0.197669
4.3956	0.369037	0.369037	0.202892
4.40559	0.378254	0.378254	0.20796
4.41558	0.387185	0.387185	0.21287
4.42557	0.395825	0.395825	0.217621
4.43556	0.404173	0.404173	0.22221
4.44555	0.412226	0.412226	0.226637
4.45554	0.419981	0.419981	0.230901
4.46553	0.427436	0.427436	0.235
4.47552	0.434591	0.434591	0.238933
4.48551	0.441443	0.441443	0.2427
4.4955	0.447992	0.447992	0.246301
4.50549	0.454237	0.454237	0.249735
4.51548	0.460179	0.460179	0.253001
4.52547	0.465817	0.465817	0.256101
4.53546	0.471152	0.471152	0.259034
4.54545	0.476185	0.476185	0.261801
4.55544	0.480917	0.480917	0.264403
4.56543	0.485349	0.485349	0.26684
4.57542	0.489483	0.489483	0.269112
4.58541	0.49332	0.49332	0.271222
4.5954	0.496864	0.496864	0.27317
4.60539	0.500115	0.500115	0.274958
4.61538	0.503078	0.503078	0.276587
4.62537	0.505755	0.505755	0.278059
4.63536	0.508149	0.508149	0.279375
4.64535	0.510263	0.510263	0.280537
4.65534	0.512102	0.512102	0.281548
4.66533	0.513668	0.513668	0.282409
4.67532	0.514966	0.514966	0.283123
4.68531	0.516	0.516	0.283691
4.6953	0.516773	0.516773	0.284116
4.70529	0.517292	0.517292	0.284401
4.71528	0.517559	0.517559	0.284548
4.72527	0.517581	0.517581	0.28456
4.73526	0.517361	0.517361	0.284439
4.74525	0.516904	0.516904	0.284188
4.75524	0.516217	0.516217	0.283811
4.76523	0.515304	0.515304	0.283308
4.77522	0.514169	0.514169	0.282685
4.78521	0.51282	0.51282	0.281943
4.7952	0.511261	0.511261	0.281086
4.80519	0.509497	0.509497	0.280116
4.81518	0.507534	0.507534	0.279037
4.82517	0.505379	0.505379	0.277852
4.83516	0.503036	0.503036	0.276564
4.84515	0.500511	0.500511	0.275175
4.85514	0.49781	0.49781	0.273691
4.86513	0.494939	0.494939	0.272112
4.87512	0.491903	0.491903	0.270443
4.88511	0.488709	0.488709	0.268687
4.8951	0.485362	0.485362	0.266847
4.90509	0.481868	0.481868	0.264926
4.91508	0.478232	0.478232	0.262927
4.92507	0.474461	0.474461	0.260853
4.93506	0.47056	0.47056	0.258709
4.94505	0.466534	0.466534	0.256496
4.95504	0.46239	0.46239	0.254217
4.96503	0.458134	0.458134	0.251877
4.97502	0.45377	0.45377	0.249478
4.98501	0.449304	0.449304	0.247022
4.995	0.444741	0.444741	0.244514
5.00499	0.440088	0.440088	0.241956
5.01498	0.435349	0.435349	0.23935
5.02497	0.43053	0.43053	0.236701
5.03496	0.425636	0.425636	0.23401
5.04495	0.420671	0.420671	0.23128
5.05494	0.415642	0.415642	0.228515
5.06493	0.410552	0.410552	0.225717
5.07492	0.405408	0.405408	0.222889
5.08491	0.400213	0.400213	0.220033
5.0949	0.394972	0.394972	0.217151
5.10489	0.389691	0.389691	0.214248
5.11488	0.384372	0.384372	0.211324
5.12487	0.379022	0.379022	0.208382
5.13486	0.373644	0.373644	0.205425
5.14485	0.368242	0.368242	0.202456
5.15484	0.362821	0.362821	0.199475
5.16483	0.357385	0.357385	0.196486
5.17482	0.351936	0.351936	0.193491
5.18481	0.34648	0.34648	0.190491
5.1948	0.34102	0.34102	0.187489
5.20479	0.33556	0.33556	0.184487
5.21478	0.330102	0.330102	0.181487
5.22477	0.324651	0.324651	0.17849
5.23476	0.31921	0.31921	0.175498
5.24475	0.313782	0.313782	0.172514
5.25474	0.308369	0.308369	0.169538
5.26473	0.302975	0.302975	0.166573
5.27472	0.297603	0.297603	0.163619
5.28471	0.292256	0.292256	0.160679
5.2947	0.286935	0.286935	0.157754
5.30469	0.281644	0.281644	0.154845
5.31468	0.276385	0.276385	0.151954
5.32467	0.271161	0.271161	0.149081
5.33466	0.265973	0.265973	0.146229
5.34465	0.260824	0.260824	0.143398
5.35464	0.255716	0.255716	0.14059
5.36463	0.25065	0.25065	0.137805
5.37462	0.245629	0.245629	0.135044
5.38461	0.240654	0.240654	0.132309
5.3946	0.235727	0.235727	0.1296
5.40459	0.230849	0.230849	0.126918
5.41458	0.226023	0.226023	0.124265
5.42457	0.221248	0.221248	0.12164
5.43456	0.216528	0.216528	0.119044
5.44455	0.211862	0.211862	0.116479
5.45454	0.207251	0.207251	0.113945
5.46453	0.202698	0.202698	0.111441
5.47452	0.198203	0.198203	0.10897
5.48451	0.193767	0.193767	0.106531
5.4945	0.18939	0.18939	0.104124
5.50449	0.185073	0.185073	0.101751
5.51448	0.180817	0.180817	0.0994113
5.52447	0.176623	0.176623	0.0971054
5.53446	0.172491	0.172491	0.0948336
5.54445	0.168421	0.168421	0.0925962
5.55444	0.164415	0.164415	0.0903934
5.56443	0.160471	0.160471	0.0882253
5.57442	0.156591	0.156591	0.086092
5.58441	0.152775	0.152775	0.0839939
5.5944	0.149022	0.149022	0.0819307
5.60439	0.145333	0.145333	0.0799028
5.61438	0.141709	0.141709	0.07791
5.62437	0.138148	0.138148	0.0759523
5.63436	0.134651	0.134651	0.0740298
5.64435	0.131218	0.131218	0.0721424
5.65434	0.127849	0.127849	0.0702899
5.66433	0.124543	0.124543	0.0684723
5.67432	0.1213	0.1213	0.0666895
5.68431	0.11812	0.11812	0.0649413
5.6943	0.115003	0.115003	0.0632274
5.70429	0.111948	0.111948	0.0615479
5.71428	0.108955	0.108955	0.0599023
5.72427	0.106024	0.106024	0.0582906
5.73426	0.103153	0.103153	0.0567124
5.74425	0.100343	0.100343	0.0551675
5.75424	0.0975931	0.0975931	0.0536556
5.76423	0.0949026	0.0949026	0.0521764
5.77422	0.0922712	0.0922712	0.0507297
5.78421	0.0896982	0.0896982	0.0493151
5.7942	0.087183	0.087183	0.0479323
5.80419	0.084725	0.084725	0.0465809
5.81418	0.0823235	0.0823235	0.0452606
5.82417	0.0799779	0.0799779	0.043971
5.83416	0.0776876	0.0776876	0.0427118
5.84415	0.0754519	0.0754519	0.0414826
5.85414	0.07327	0.07327	0.0402831
5.86413	0.0711414	0.0711414	0.0391127
5.87412	0.0690651	0.0690651	0.0379713
5.88411	0.0670406	0.0670406	0.0368582
5.8941	0.0650672	0.0650672	0.0357732
5.90409	0.0631439	0.0631439	0.0347159
5.91408	0.0612702	0.0612702	0.0336857
5.92407	0.0594453	0.0594453	0.0326824
5.93406	0.0576684	0.0576684	0.0317055
5.94405	0.0559388	0.0559388	0.0307546
5.95404	0.0542557	0.0542557	0.0298292
5.96403	0.0526184	0.0526184	0.028929
5.97402	0.0510261	0.0510261	0.0280536
5.98401	0.049478	0.049478	0.0272025
5.994	0.0479734	0.0479734	0.0263753
6.00399	0.0465116	0.0465116	0.0255716
6.01398	0.0450918	0.0450918	0.024791
6.02397	0.0437132	0.0437132	0.024033
6.03396	0.0423752	0.0423752	0.0232974
6.04395	0.0410769	0.0410769	0.0225836
6.05394	0.0398177	0.0398177	0.0218914
6.06393	0.0385969	0.0385969	0.0212202
6.07392	0.0374137	0.0374137	0.0205697
6.08391	0.0362675	0.0362675	0.0199395
6.0939	0.0351575	0.0351575	0.0193292
6.10389	0.0340831	0.0340831	0.0187385
6.11388	0.0330435	0.0330435	0.018167
6.12387	0.0320382	0.0320382	0.0176143
6.13386	0.0310665	0	0.01708
6.14385	0.0301277	0	0.0165639
6.15384	0.0292213	0	0.0160655
6.16383	0.0283465	0	0.0155846
6.17382	0.0275029	0	0.0151208
6.18381	0.0266897	0	0.0146737
6.1938	0.0259065	0	0.0142431
6.20379	0.0251527	0	0.0138287
6.21378	0.0244277	0	0.0134301
6.22377	0.0237311	0	0.0130471
6.23376	0.0230622	0	0.0126794
6.24375	0.0224206	0	0.0123266
6.25374	0.0218059	0	0.0119886
6.26373	0.0212175	0	0.0116651
6.27372	0.020655	0	0.0113559
6.28371	0.020118	0	0.0110607
6.2937	0.0196061	0	0.0107792
6.30369	0.0191188	0	0.0105113
6.31368	0.0186559	0	0.0102568
6.32367	0.0182169	0	0.0100154
6.33366	0.0178015	0	0.00978706
6.34365	0.0174094	0	0.0095715
6.35364	0.0170403	0	0.00936859
6.36363	0.016694	0	0.00917818
6.37362	0.0163702	0	0.00900013
6.38361	0.0160686	0	0.00883433
6.3936	0.015789	0	0.00868064
6.40359	0.0155314	0	0.00853899
6.41358	0.0152954	0	0.00840927
6.42357	0.0150811	0	0.00829141
6.43356	0.0148882	0	0.00818536
6.44355	0.0147167	0	0.00809106
6.45354	0.0145665	0	0.00800849
6.46353	0.0144376	0	0.00793763
6.47352	0.01433	0	0.00787848
6.48351	0.0142437	0	0.00783105
6.4935	0.0141788	0	0.00779538
6.50349	0.0141354	0	0.0077715
6.51348	0.0141136	0	0.00775949
6.52347	0.0141135	0	0.00775943
6.53346	0.0141353	0	0.00777141
6.54345	0.0141792	0	0.00779557
6.55344	0.0142455	0	0.00783203
6.56343	0.0143345	0	0.00788096
6.57342	0.0144465	0	0.00794254
6.58341	0.0145819	0	0.00801697
6.5934	0.0147411	0	0.00810447
6.60339	0.0149245	0	0.00820531
6.61338	0.0151326	0	0.00831974
6.62337	0.015366	0	0.00844807
6.63336	0.0156253	0	0.00859063
6.64335	0.0159111	0	0.00874777
6.65334	0.0162242	0	0.00891987
6.66333	0.0165652	0	0.00910734
6.67332	0.0169349	0	0.00931063
6.68331	0.0173343	0	0.00953022
6.6933	0.0177643	0	0.00976661
6.70329	0.0182258	0	0.0100204
6.71328	0.01872	0	0.010292
6.72327	0.0192479	0	0.0105823
6.73326	0.0198108	0	0.0108918
6.74325	0.02041	0	0.0112212
6.75324	0.0210468	0	0.0115713
6.76323	0.0217227	0	0.0119429
6.77322	0.0224392	0	0.0123368
6.78321	0.023198	0	0.012754
6.7932	0.0240009	0	0.0131954
6.80319	0.0248496	0	0.013662
6.81318	0.0257461	0	0.0141549
6.82317	0.0266926	0	0.0146753
6.83316	0.0276911	0	0.0152243
6.84315	0.0287441	0	0.0158032
6.85314	0.029854	0	0.0164134
6.86313	0.0310234	0	0.0170563
6.87312	0.0322551	0	0.0177335
6.88311	0.0335519	0	0.0184465
6.8931	0.034917	0	0.019197
6.90309	0.0363536	0	0.0199868
6.91308	0.0378651	0	0.0208178
6.92307	0.0394552	0	0.021692
6.93306	0.0411277	0	0.0226116
6.94305	0.0428868	0	0.0235787
6.95304	0.0447366	0	0.0245957
6.96303	0.0466818	0	0.0256651
6.97302	0.048727	0	0.0267896
6.98301	0.0508775	0	0.0279719
6.993	0.0531384	0	0.0292149
7.00299	0.0555156	0	0.0305219
7.01298	0.0580149	0	0.031896
7.02297	0.0606427	0	0.0333407
7.03296	0.0634056	0	0.0348597
7.04295	0.0663107	0	0.0364569
7.05294	0.0693654	0	0.0381363
7.06293	0.0725776	0	0.0399024
7.07292	0.0759556	0	0.0417596
7.08291	0.0795082	0	0.0437128
7.0929	0.0832447	0	0.045767
7.10289	0.0871749	0	0.0479278
7.11288	0.0913092	0	0.0502008
7.12287	0.0956585	0	0.052592
7.13286	0.100234	0	0.0551078
7.14285	0.105049	0	0.057755
7.15284	0.110116	0	0.0605407
7.16283	0.115449	0	0.0634724
7.17282	0.121061	0	0.0665581
7.18281	0.126969	0	0.0698063
7.1928	0.133189	0	0.0732258
7.20279	0.139738	0	0.0768262
7.21278	0.146633	0	0.0806174
7.22277	0.153895	0	0.08461
7.23276	0.161544	0	0.0888152
7.24275	0.169601	0	0.0932448
7.25274	0.178089	0	0.0979113
7.26273	0.187032	0	0.102828
7.27272	0.196456	0	0.108009
7.28271	0.206387	0	0.11347
7.2927	0.216856	0	0.119225
7.30269	0.22789	0	0.125292
7.31268	0.239524	0	0.131688
7.32267	0.251791	0	0.138432
7.33266	0.264728	0	0.145544
7.34265	0.278371	0	0.153045
7.35264	0.292763	0	0.160958
7.36263	0.307945	0	0.169305
7.37262	0.323964	0	0.178112
7.38261	0.340868	0	0.187405
7.3926	0.358707	0	0.197213
7.40259	0.377537	0	0.207566
7.41258	0.397414	0	0.218494
7.42257	0.4184	0	0.230032
7.43256	0.44056	0	0.242215
7.44255	0.463962	0	0.255081
7.45254	0.488678	0	0.26867
7.46253	0.514787	0	0.283025
7.47252	0.542371	0	0.29819
7.48251	0.571516	0	0.314213
7.4925	0.602315	0	0.331146
7.50249	0.634866	0	0.349042
7.51248	0.669273	0	0.367959
7.52247	0.705647	0	0.387957
7.53246	0.744106	0	0.409101
7.54245	0.784773	0	0.43146
7.55244	0.827782	0	0.455106
7.56243	0.873274	0	0.480116
7.57242	0.921397	0	0.506574
7.58241	0.972312	0	0.534566
7.5924	1.02619	0	0.564186
7.60239	1.0832	0	0.595532
7.61238	1.14354	0	0.628708
7.62237	1.20742	0	0.663827
7.63236	1.27505	0	0.701007
7.64235	1.34665	0	0.740375
7.65234	1.42248	0	0.782063
7.66233	1.50279	0	0.826216
7.67232	1.58785	0	0.872984
7.68231	1.67797	0	0.922529
7.6923	1.77345	0	0.975024
7.70229	1.87463	0	1.03065
7.71228	1.98185	0	1.0896
7.72227	2.09551	0	1.15209
7.73226	2.21598	0	1.21832
7.74225	2.34372	0	1.28855
7.75224	2.47916	0	1.36301
7.76223	2.62279	0	1.44198
7.77222	2.77513	0	1.52574
7.78221	2.93673	0	1.61458
7.7922	3.10816	0	1.70883
7.80219	3.29006	0	1.80884
7.81218	3.48309	0	1.91496
7.82217	3.68794	0	2.02759
7.83216	3.90539	0	2.14714
7.84215	4.13622	0	2.27405
7.85214	4.38131	0	2.40879
7.86213	4.64155	0	2.55187
7.87212	4.91792	0	2.70382
7.88211	5.21146	0	2.8652
7.8921	5.52328	0	3.03664
7.90209	5.85456	0	3.21877
7.91208	6.20655	0	3.41229
7.92207	6.5806	0	3.61794
7.93206	6.97815	0	3.83651
7.94205	7.40071	0	4.06883
7.95204	7.84994	0	4.31581
7.96203	8.32756	0	4.5784
7.97202	8.83544	0	4.85763
7.98201	9.37556	0	5.15458
7.992	9.95005	0	5.47043
8.00199	10.5612	0	5.80641
8.01198	11.2113	0	6.16386
8.02197	11.9031	0	6.5442
8.03196	12.6393	0	6.94894
8.04195	13.4228	0	7.37971
8.05194	14.2568	0	7.83824
8.06193	15.1447	0	8.32637
8.07192	16.09	0	8.84608
8.08191	17.0965	0	9.3995
8.0919	18.1685	0	9.98887
8.10189	19.3103	0	10.6166
8.11188	20.5266	0	11.2853
8.12187	21.8224	0	11.9977
8.13186	23.2031	0	12.7568
8.14185	24.6745	0	13.5658
8.15184	26.2426	0	14.4279
8.16183	27.9141	0	15.3469
8.17182	29.696	0	16.3265
8.18181	31.5959	0	17.3711
8.1918	33.6217	0	18.4848
8.20179	35.7822	0	19.6726
8.21178	38.0865	0	20.9395
8.22177	40.5446	0	22.291
8.23176	43.167	0	23.7327
8.24175	45.9651	0	25.2711
8.25174	48.951	0	26.9127
8.26173	52.1377	0	28.6647
8.27172	55.5392	0	30.5348
8.28171	59.1704	0	32.5312
8.2917	63.0472	0	34.6627
8.30169	67.1869	0	36.9386
8.31168	71.6077	0	39.3692
8.32167	76.3295	0	41.9651
8.33166	81.3732	0	44.7381
8.34165	86.7615	0	47.7005
8.35164	92.5187	0	50.8658
8.36163	98.6708	0	54.2481
8.37162	105.246	0	57.8629
8.38161	112.273	0	61.7266
8.3916	119.786	0	65.8569
8.40159	127.817	0	70.2726
8.41158	136.405	0	74.9942
8.42157	145.589	0	80.0434
8.43156	155.411	0	85.4435
8.44155	165.918	0	91.2199
8.45154	177.158	0	97.3993
8.46153	189.183	0	104.011
8.47152	202.051	0	111.085
8.48151	215.822	0	118.657
8.4915	230.561	0	126.76
8.50149	246.339	0	135.434
8.51148	263.23	0	144.721
8.52147	281.315	0	154.664
8.53146	300.682	0	165.312
8.54145	321.424	0	176.715
8.55144	343.64	0	188.929
8.56143	367.439	0	202.014
8.57142	392.936	0	216.032
8.58141	420.256	0	231.052
8.5914	449.534	0	247.149
8.60139	480.912	0	264.4
8.61138	514.547	0	282.892
8.62137	550.604	0	302.716
8.63136	589.263	0	323.971
8.64135	630.717	0	346.761
8.65134	675.173	0	371.203
8.66133	722.854	0	397.418
8.67132	774.002	0	425.538
8.68131	828.873	0	455.705
8.6913	887.747	0	488.074
8.70129	950.923	0	522.807
8.71128	1018.72	0	560.084
8.72127	1091.5	0	600.094
8.73126	1169.62	0	643.044
8.74125	1253.49	0	689.155
8.75124	1343.54	0	738.666
8.76123	1440.25	0	791.834
8.77122	1544.11	0	848.936
8.78121	1655.67	0	910.271
8.7912	1775.52	0	976.16
8.80119	1904.28	0	1046.95
8.81118	2042.63	0	1123.02
8.82117	2191.31	0	1204.76
8.83116	2351.11	0	1292.61
8.84115	2522.88	0	1387.05
8.85114	2707.53	0	1488.57
8.86113	2906.07	0	1597.73
8.87112	3119.56	0	1715.1
8.88111	3349.15	0	1841.33
8.8911	3596.09	0	1977.09
8.90109	3861.71	0	2123.13
8.91108	4147.48	0	2280.24
8.92107	4454.95	0	2449.28
8.93106	4785.81	0	2631.18
8.94105	5141.88	0	2826.95
8.95104	5525.14	0	3037.66
8.96103	5937.7	0	3264.48
8.97102	6381.86	0	3508.68
8.98101	6860.1	0	3771.61
8.991	7375.09	0	4054.75
9.00099	7929.73	0	4359.68
9.01098	8527.15	0	4688.13
9.02097	9170.71	0	5041.95
9.03096	9864.06	0	5423.15
9.04095	10611.1	0	5833.89
9.05094	11416.2	0	6276.52
9.06093	12283.9	0	6753.57
9.07092	13219.2	0	7267.77
9.08091	14227.4	0	7822.09
9.0909	15314.5	0	8419.73
9.10089	16486.6	0	9064.16
9.11088	17750.6	0	9759.11
9.12087	19113.9	0	10508.6
9.13086	20584.5	0	11317.1
9.14085	22170.9	0	12189.3
9.15084	23882.5	0	13130.3
9.16083	25729.4	0	14145.8
9.17082	27722.6	0	15241.6
9.18081	29873.8	0	16424.3
9.1908	32195.9	0	17701
9.20079	34702.8	0	19079.2
9.21078	37409.5	0	20567.3
9.22077	40332.2	0	22174.2
9.23076	43488.6	0	23909.5
9.24075	46897.7	0	25783.9
9.25074	50580.3	0	27808.5
9.26073	54558.8	0	29995.8
9.27072	58857.3	0	32359.1
9.28071	63502.3	0	34912.9
9.2907	68522.3	0	37672.8
9.30069	73948.1	0	40655.9
9.31068	79813.3	0	43880.5
9.32067	86154.2	0	47366.7
9.33066	93010.2	0	51136
9.34065	100424	0	55212.1
9.35064	108442	0	59620.3
9.36063	117114	0	64388.2
9.37062	126496	0	69546
9.38061	136645	0	75126
9.3906	147627	0	81163.7
9.40059	159511	0	87697.2
9.41058	172372	0	94768.1
9.42057	186292	0	102422
9.43056	201362	0	110707
9.44055	217677	0	119676
9.45054	235342	0	129388
9.46053	254471	0	139906
9.47052	275189	0	151296
9.48051	297629	0	163633
9.4905	321939	0	176998
9.50049	348275	0	191478
9.51048	376812	0	207167
9.52047	407737	0	224169
9.53046	441252	0	242596
9.54045	477580	0	262568
9.55044	516961	0	284220
9.56043	559657	0	307693
9.57042	605952	0	333146
9.58041	656155	0	360747
9.5904	710604	0	390682
9.60039	769663	0	423152
9.61038	833731	0	458376
9.62037	903240	0	496592
9.63036	978662	0	538058
9.64035	1.06051e+006	0	583056
9.65034	1.14934e+006	0	631894
9.66033	1.24576e+006	0	684904
9.67032	1.35043e+006	0	742451
9.68031	1.46407e+006	0	804929
9.6903	1.58746e+006	0	872769
9.70029	1.72146e+006	0	946440
9.71028	1.86699e+006	0	1.02645e+006
9.72027	2.02507e+006	0	1.11336e+006
9.73026	2.1968e+006	0	1.20777e+006
9.74025	2.38337e+006	0	1.31035e+006
9.75024	2.58609e+006	0	1.42181e+006
9.76023	2.8064e+006	0	1.54293e+006
9.77022	3.04583e+006	0	1.67457e+006
9.78021	3.30609e+006	0	1.81765e+006
9.7902	3.58901e+006	0	1.9732e+006
9.80019	3.89661e+006	0	2.14232e+006
9.81018	4.23108e+006	0	2.3262e+006
9.82017	4.5948e+006	0	2.52617e+006
9.83016	4.99038e+006	0	2.74366e+006
9.84015	5.42066e+006	0	2.98022e+006
9.85014	5.88875e+006	0	3.23757e+006
9.86013	6.39801e+006	0	3.51756e+006
9.87012	6.95214e+006	0	3.82221e+006
9.88011	7.55516e+006	0	4.15374e+006
9.8901	8.21145e+006	0	4.51457e+006
9.90009	8.92582e+006	0	4.90732e+006
9.91008	9.70349e+006	0	5.33487e+006
9.92007	1.05502e+007	0	5.80036e+006
9.93006	1.14721e+007	0	6.30721e+006
9.94005	1.2476e+007	0	6.85917e+006
9.95004	1.35694e+007	0	7.46031e+006
9.96003	1.47604e+007	0	8.11509e+006
9.97002	1.60578e+007	0	8.82839e+006
9.98001	1.74713e+007	0	9.60552e+006
9.99	1.90115e+007	0	1.04523e+007
