0	0.460185	0.460185	1
0.00999	0.459978	0.459978	0.999551
0.01998	0.459358	0.459358	0.998205
0.02997	0.458326	0.458326	0.995962
0.03996	0.456882	0.456882	0.992824
0.04995	0.455028	0.455028	0.988795
0.05994	0.452766	0.452766	0.983878
0.06993	0.450096	0.450096	0.978078
0.07992	0.447023	0.447023	0.971399
0.08991	0.443548	0.443548	0.963849
0.0999	0.439676	0.439676	0.955434
0.10989	0.435409	0.435409	0.946161
0.11988	0.430751	0.430751	0.93604
0.12987	0.425707	0.425707	0.925079
0.13986	0.420282	0.420282	0.913289
0.14985	0.414479	0.414479	0.900681
0.15984	0.408306	0.408306	0.887265
0.16983	0.401766	0.401766	0.873055
0.17982	0.394867	0.394867	0.858063
0.18981	0.387615	0.387615	0.842303
0.1998	0.380016	0.380016	0.82579
0.20979	0.372077	0.372077	0.808538
0.21978	0.363805	0.363805	0.790564
0.22977	0.355209	0.355209	0.771883
0.23976	0.346295	0.346295	0.752513
0.24975	0.337072	0.337072	0.732471
0.25974	0.327548	0.327548	0.711776
0.26973	0.317733	0.317733	0.690446
0.27972	0.307634	0.307634	0.668502
0.28971	0.297262	0.297262	0.645962
0.2997	0.286625	0.286625	0.622847
0.30969	0.275733	0.275733	0.599179
0.31968	0.264596	0.264596	0.574977
0.32967	0.253224	0.253224	0.550266
0.33966	0.241627	0.241627	0.525066
0.34965	0.229816	0.229816	0.4994
0.35964	0.217802	0.217802	0.473292
0.36963	0.205595	0.205595	0.446765
0.37962	0.193205	0.193205	0.419843
0.38961	0.180645	0.180645	0.39255
0.3996	0.167926	0.167926	0.36491
0.40959	0.155058	0.155058	0.336948
0.41958	0.142054	0.142054	0.308689
0.42957	0.128925	0.128925	0.280158
0.43956	0.115682	0.115682	0.251381
0.44955	0.102337	0.102337	0.222383
0.45954	0.0889028	0.0889028	0.193189
0.46953	0.0753905	0.0753905	0.163827
0.47952	0.061812	0.061812	0.13432
0.48951	0.0481795	0.0481795	0.104696
0.4995	0.0345049	0.0345049	0.0749805
0.50949	0.0208001	0.0208001	0.0451994
0.51948	0.00707715	0.00707715	0.0153789
0.52947	-0.00665195	-0.00665195	-0.014455
0.53946	-0.0203753	-0.0203753	-0.0442763
0.54945	-0.0340809	-0.0340809	-0.0740591
0.55944	-0.0477569	-0.0477569	-0.103778
0.56943	-0.0613915	-0.0613915	-0.133406
0.57942	-0.074973	-0.074973	-0.162919
0.58941	-0.0884896	-0.0884896	-0.192292
0.5994	-0.10193	-0.10193	-0.221498
0.60939	-0.115282	-0.115282	-0.250513
0.61938	-0.128535	-0.128535	-0.279312
0.62937	-0.141678	-0.141678	-0.307872
0.63936	-0.154699	-0.154699	-0.336167
0.64935	-0.167587	-0.167587	-0.364173
0.65934	-0.180332	-0.180332	-0.391868
0.66933	-0.192922	-0.192922	-0.419228
0.67932	-0.205348	-0.205348	-0.44623
0.68931	-0.217599	-0.217599	-0.472852
0.6993	-0.229665	-0.229665	-0.499072
0.70929	-0.241536	-0.241536	-0.524867
0.71928	-0.253202	-0.253202	-0.550218
0.72927	-0.264653	-0.264653	-0.575103
0.73926	-0.275881	-0.275881	-0.599501
0.74925	-0.286876	-0.286876	-0.623394
0.75924	-0.29763	-0.29763	-0.646762
0.76923	-0.308133	-0.308133	-0.669586
0.77922	-0.318378	-0.318378	-0.691849
0.78921	-0.328356	-0.328356	-0.713532
0.7992	-0.33806	-0.33806	-0.734618
0.80919	-0.347481	-0.347481	-0.755091
0.81918	-0.356613	-0.356613	-0.774935
0.82917	-0.365449	-0.365449	-0.794136
0.83916	-0.373981	-0.373981	-0.812677
0.84915	-0.382204	-0.382204	-0.830546
0.85914	-0.390111	-0.390111	-0.847728
0.86913	-0.397697	-0.397697	-0.864211
0.87912	-0.404955	-0.404955	-0.879983
0.88911	-0.41188	-0.41188	-0.895033
0.8991	-0.418469	-0.418469	-0.90935
0.90909	-0.424715	-0.424715	-0.922922
0.91908	-0.430614	-0.430614	-0.935743
0.92907	-0.436163	-0.436163	-0.947801
0.93906	-0.441358	-0.441358	-0.95909
0.94905	-0.446196	-0.446196	-0.969601
0.95904	-0.450672	-0.450672	-0.979329
0.96903	-0.454786	-0.454786	-0.988268
0.97902	-0.458533	-0.458533	-0.996411
0.98901	-0.461912	-0.461912	-1.00375
0.999	-0.464922	-0.464922	-1.01029
1.00899	-0.46756	-0.46756	-1.01603
1.01898	-0.469826	-0.469826	-1.02095
1.02897	-0.471718	-0.471718	-1.02506
1.03896	-0.473237	-0.473237	-1.02836
1.04895	-0.474381	-0.474381	-1.03085
1.05894	-0.475152	-0.475152	-1.03252
1.06893	-0.475549	-0.475549	-1.03339
1.07892	-0.475572	-0.475572	-1.03344
1.08891	-0.475224	-0.475224	-1.03268
1.0989	-0.474506	-0.474506	-1.03112
1.10889	-0.473418	-0.473418	-1.02876
1.11888	-0.471963	-0.471963	-1.0256
1.12887	-0.470144	-0.470144	-1.02164
1.13886	-0.467961	-0.467961	-1.0169
1.14885	-0.465419	-0.465419	-1.01138
1.15884	-0.462521	-0.462521	-1.00508
1.16883	-0.459268	-0.459268	-0.998009
1.17882	-0.455666	-0.455666	-0.990182
1.18881	-0.451718	-0.451718	-0.981602
1.1988	-0.447428	-0.447428	-0.972279
1.20879	-0.4428	-0.4428	-0.962222
1.21878	-0.437839	-0.437839	-0.951441
1.22877	-0.432549	-0.432549	-0.939947
1.23876	-0.426936	-0.426936	-0.92775
1.24875	-0.421005	-0.421005	-0.914862
1.25874	-0.414762	-0.414762	-0.901294
1.26873	-0.408211	-0.408211	-0.887059
1.27872	-0.401359	-0.401359	-0.87217
1.28871	-0.394213	-0.394213	-0.85664
1.2987	-0.386777	-0.386777	-0.840483
1.30869	-0.379059	-0.379059	-0.823711
1.31868	-0.371066	-0.371066	-0.806341
1.32867	-0.362803	-0.362803	-0.788387
1.33866	-0.354279	-0.354279	-0.769863
1.34865	-0.3455	-0.3455	-0.750785
1.35864	-0.336473	-0.336473	-0.73117
1.36863	-0.327206	-0.327206	-0.711032
1.37862	-0.317706	-0.317706	-0.690388
1.38861	-0.307981	-0.307981	-0.669255
1.3986	-0.298039	-0.298039	-0.64765
1.40859	-0.287887	-0.287887	-0.62559
1.41858	-0.277533	-0.277533	-0.603091
1.42857	-0.266986	-0.266986	-0.580172
1.43856	-0.256254	-0.256254	-0.55685
1.44855	-0.245344	-0.245344	-0.533143
1.45854	-0.234265	-0.234265	-0.509068
1.46853	-0.223026	-0.223026	-0.484644
1.47852	-0.211634	-0.211634	-0.45989
1.48851	-0.200098	-0.200098	-0.434822
1.4985	-0.188427	-0.188427	-0.40946
1.50849	-0.176629	-0.176629	-0.383822
1.51848	-0.164712	-0.164712	-0.357926
1.52847	-0.152685	-0.152685	-0.331792
1.53846	-0.140557	-0.140557	-0.305436
1.54845	-0.128336	-0.128336	-0.278878
1.55844	-0.116029	-0.116029	-0.252137
1.56843	-0.103647	-0.103647	-0.22523
1.57842	-0.0911976	-0.0911976	-0.198176
1.58841	-0.0786886	-0.0786886	-0.170993
1.5984	-0.0661286	-0.0661286	-0.1437
1.60839	-0.0535262	-0.0535262	-0.116315
1.61838	-0.0408895	-0.0408895	-0.0888545
1.62837	-0.0282267	-0.0282267	-0.0613378
1.63836	-0.0155461	-0.0155461	-0.0337822
1.64835	-0.00285559	-0.00285559	-0.00620532
1.65834	0.00983667	0.00983667	0.0213755
1.66833	0.0225228	0.0225228	0.048943
1.67832	0.035195	0.035195	0.0764801
1.68831	0.0478454	0.0478454	0.10397
1.6983	0.0604665	0.0604665	0.131396
1.70829	0.0730507	0.0730507	0.158742
1.71828	0.0855906	0.0855906	0.185992
1.72827	0.0980788	0.0980788	0.213129
1.73826	0.110508	0.110508	0.240139
1.74825	0.122872	0.122872	0.267005
1.75824	0.135162	0.135162	0.293713
1.76823	0.147373	0.147373	0.320247
1.77822	0.159497	0.159497	0.346594
1.78821	0.171529	0.171529	0.372739
1.7982	0.183461	0.183461	0.398668
1.80819	0.195288	0.195288	0.424368
1.81818	0.207003	0.207003	0.449825
1.82817	0.2186	0.2186	0.475026
1.83816	0.230074	0.230074	0.49996
1.84815	0.241418	0.241418	0.524612
1.85814	0.252629	0.252629	0.548972
1.86813	0.263699	0.263699	0.573029
1.87812	0.274624	0.274624	0.59677
1.88811	0.2854	0.2854	0.620185
1.8981	0.29602	0.29602	0.643264
1.90809	0.306481	0.306481	0.665996
1.91808	0.316778	0.316778	0.688372
1.92807	0.326907	0.326907	0.710383
1.93806	0.336864	0.336864	0.732019
1.94805	0.346644	0.346644	0.753272
1.95804	0.356244	0.356244	0.774133
1.96803	0.365661	0.365661	0.794596
1.97802	0.37489	0.37489	0.814652
1.98801	0.383929	0.383929	0.834294
1.998	0.392775	0.392775	0.853515
2.00799	0.401424	0.401424	0.872311
2.01798	0.409874	0.409874	0.890673
2.02797	0.418123	0.418123	0.908598
2.03796	0.426167	0.426167	0.926079
2.04795	0.434006	0.434006	0.943113
2.05794	0.441636	0.441636	0.959694
2.06793	0.449056	0.449056	0.975818
2.07792	0.456265	0.456265	0.991483
2.08791	0.46326	0.46326	1.00668
2.0979	0.470041	0.470041	1.02142
2.10789	0.476606	0.476606	1.03568
2.11788	0.482954	0.482954	1.04948
2.12787	0.489085	0.489085	1.0628
2.13786	0.494997	0.494997	1.07565
2.14785	0.500691	0.500691	1.08802
2.15784	0.506165	0.506165	1.09992
2.16783	0.51142	0.51142	1.11134
2.17782	0.516455	0.516455	1.12228
2.18781	0.521271	0.521271	1.13274
2.1978	0.525867	0.525867	1.14273
2.20779	0.530245	0.530245	1.15224
2.21778	0.534404	0.534404	1.16128
2.22777	0.538346	0.538346	1.16985
2.23776	0.542071	0.542071	1.17794
2.24775	0.54558	0.54558	1.18557
2.25774	0.548873	0.548873	1.19272
2.26773	0.551953	0.551953	1.19942
2.27772	0.554821	0.554821	1.20565
2.28771	0.557477	0.557477	1.21142
2.2977	0.559924	0.559924	1.21674
2.30769	0.562162	0.562162	1.2216
2.31768	0.564195	0.564195	1.22602
2.32767	0.566023	0.566023	1.22999
2.33766	0.567649	0.567649	1.23352
2.34765	0.569075	0.569075	1.23662
2.35764	0.570302	0.570302	1.23929
2.36763	0.571333	0.571333	1.24153
2.37762	0.572171	0.572171	1.24335
2.38761	0.572818	0.572818	1.24476
2.3976	0.573276	0.573276	1.24575
2.40759	0.573548	0.573548	1.24634
2.41758	0.573637	0.573637	1.24654
2.42757	0.573545	0.573545	1.24634
2.43756	0.573275	0.573275	1.24575
2.44755	0.57283	0.57283	1.24478
2.45754	0.572213	0.572213	1.24344
2.46753	0.571427	0.571427	1.24173
2.47752	0.570474	0.570474	1.23966
2.48751	0.569359	0.569359	1.23724
2.4975	0.568084	0.568084	1.23447
2.50749	0.566652	0.566652	1.23136
2.51748	0.565067	0.565067	1.22791
2.52747	0.563332	0.563332	1.22414
2.53746	0.56145	0.56145	1.22005
2.54745	0.559424	0.559424	1.21565
2.55744	0.557258	0.557258	1.21094
2.56743	0.554955	0.554955	1.20594
2.57742	0.552519	0.552519	1.20065
2.58741	0.549953	0.549953	1.19507
2.5974	0.54726	0.54726	1.18922
2.60739	0.544444	0.544444	1.1831
2.61738	0.541508	0.541508	1.17672
2.62737	0.538457	0.538457	1.17009
2.63736	0.535292	0.535292	1.16321
2.64735	0.532018	0.532018	1.1561
2.65734	0.528639	0.528639	1.14875
2.66733	0.525157	0.525157	1.14119
2.67732	0.521576	0.521576	1.13341
2.68731	0.5179	0.5179	1.12542
2.6973	0.514132	0.514132	1.11723
2.70729	0.510275	0.510275	1.10885
2.71728	0.506334	0.506334	1.10028
2.72727	0.50231	0.50231	1.09154
2.73726	0.498208	0.498208	1.08263
2.74725	0.494032	0.494032	1.07355
2.75724	0.489783	0.489783	1.06432
2.76723	0.485466	0.485466	1.05494
2.77722	0.481085	0.481085	1.04542
2.78721	0.476641	0.476641	1.03576
2.7972	0.472139	0.472139	1.02598
2.80719	0.467581	0.467581	1.01607
2.81718	0.462971	0.462971	1.00605
2.82717	0.458311	0.458311	0.99593
2.83716	0.453606	0.453606	0.985705
2.84715	0.448858	0.448858	0.975386
2.85714	0.444069	0.444069	0.964981
2.86713	0.439244	0.439244	0.954494
2.87712	0.434384	0.434384	0.943934
2.88711	0.429493	0.429493	0.933305
2.8971	0.424573	0.424573	0.922614
2.90709	0.419627	0.419627	0.911868
2.91708	0.414659	0.414659	0.901071
2.92707	0.40967	0.40967	0.89023
2.93706	0.404664	0.404664	0.879351
2.94705	0.399642	0.399642	0.868439
2.95704	0.394608	0.394608	0.857499
2.96703	0.389564	0.389564	0.846538
2.97702	0.384511	0.384511	0.835559
2.98701	0.379454	0.379454	0.82457
2.997	0.374394	0.374394	0.813573
3.00699	0.369333	0.369333	0.802575
3.01698	0.364273	0.364273	0.791581
3.02697	0.359218	0.359218	0.780594
3.03696	0.354167	0.354167	0.769621
3.04695	0.349125	0.349125	0.758664
3.05694	0.344093	0.344093	0.747728
3.06693	0.339072	0.339072	0.736818
3.07692	0.334066	0.334066	0.725939
3.08691	0.329074	0.329074	0.715092
3.0969	0.324101	0.324101	0.704284
3.10689	0.319146	0.319146	0.693517
3.11688	0.314212	0.314212	0.682795
3.12687	0.3093	0.3093	0.672122
3.13686	0.304412	0.304412	0.661501
3.14685	0.29955	0.29955	0.650935
3.15684	0.294715	0.294715	0.640428
3.16683	0.289908	0.289908	0.629982
3.17682	0.285131	0.285131	0.619601
3.18681	0.280385	0.280385	0.609288
3.1968	0.275671	0.275671	0.599044
3.20679	0.270991	0.270991	0.588874
3.21678	0.266345	0.266345	0.578779
3.22677	0.261735	0.261735	0.568762
3.23676	0.257163	0.257163	0.558825
3.24675	0.252628	0.252628	0.54897
3.25674	0.248131	0.248131	0.5392
3.26673	0.243675	0.243675	0.529516
3.27672	0.239259	0.239259	0.51992
3.28671	0.234885	0.234885	0.510414
3.2967	0.230553	0.230553	0.501
3.30669	0.226263	0.226263	0.49168
3.31668	0.222018	0.222018	0.482454
3.32667	0.217817	0.217817	0.473325
3.33666	0.21366	0.21366	0.464293
3.34665	0.20955	0.20955	0.45536
3.35664	0.205485	0.205485	0.446527
3.36663	0.201466	0.201466	0.437795
3.37662	0.197495	0.197495	0.429165
3.38661	0.193571	0.193571	0.420637
3.3966	0.189694	0.189694	0.412214
3.40659	0.185866	0.185866	0.403894
3.41658	0.182086	0.182086	0.39568
3.42657	0.178354	0.178354	0.387571
3.43656	0.174671	0.174671	0.379568
3.44655	0.171037	0.171037	0.371672
3.45654	0.167453	0.167453	0.363882
3.46653	0.163917	0.163917	0.356199
3.47652	0.160431	0.160431	0.348623
3.48651	0.156994	0.156994	0.341155
3.4965	0.153607	0.153607	0.333795
3.50649	0.150269	0.150269	0.326541
3.51648	0.146981	0.146981	0.319395
3.52647	0.143742	0.143742	0.312356
3.53646	0.140552	0.140552	0.305425
3.54645	0.137411	0.137411	0.2986
3.55644	0.13432	0.13432	0.291882
3.56643	0.131277	0.131277	0.28527
3.57642	0.128283	0.128283	0.278764
3.58641	0.125337	0.125337	0.272363
3.5964	0.12244	0.12244	0.266067
3.60639	0.119591	0.119591	0.259876
3.61638	0.11679	0.11679	0.253789
3.62637	0.114036	0.114036	0.247805
3.63636	0.111329	0.111329	0.241923
3.64635	0.10867	0.10867	0.236144
3.65634	0.106057	0.106057	0.230465
3.66633	0.10349	0.10349	0.224887
3.67632	0.100969	0.100969	0.219409
3.68631	0.0984932	0.0984932	0.21403
3.6963	0.0960628	0.0960628	0.208748
3.70629	0.0936771	0.0936771	0.203564
3.71628	0.0913357	0.0913357	0.198476
3.72627	0.0890381	0.0890381	0.193483
3.73626	0.0867839	0.0867839	0.188585
3.74625	0.0845727	0.0845727	0.18378
3.75624	0.0824039	0.0824039	0.179067
3.76623	0.0802772	0.0802772	0.174446
3.77622	0.078192	0.078192	0.169914
3.78621	0.0761478	0.0761478	0.165472
3.7962	0.0741442	0.0741442	0.161118
3.80619	0.0721806	0.0721806	0.156851
3.81618	0.0702565	0.0702565	0.15267
3.82617	0.0683714	0.0683714	0.148574
3.83616	0.0665248	0.0665248	0.144561
3.84615	0.0647162	0.0647162	0.140631
3.85614	0.0629449	0.0629449	0.136782
3.86613	0.0612105	0.0612105	0.133013
3.87612	0.0595125	0.0595125	0.129323
3.88611	0.0578502	0.0578502	0.125711
3.8961	0.0562232	0.0562232	0.122175
3.90609	0.0546308	0.0546308	0.118715
3.91608	0.0530725	0.0530725	0.115329
3.92607	0.0515478	0.0515478	0.112015
3.93606	0.050056	0.050056	0.108774
3.94605	0.0485968	0.0485968	0.105603
3.95604	0.0471693	0.0471693	0.102501
3.96603	0.0457732	0.0457732	0.099467
3.97602	0.0444078	0.0444078	0.0965
3.98601	0.0430726	0.0430726	0.0935985
3.996	0.041767	0.041767	0.0907614
4.00599	0.0404904	0.0404904	0.0879873
4.01598	0.0392423	0.0392423	0.0852752
4.02597	0.0380221	0.0380221	0.0826237
4.03596	0.0368293	0.0368293	0.0800316
4.04595	0.0356633	0.0356633	0.0774977
4.05594	0.0345235	0.0345235	0.0750209
4.06593	0.0334093	0.0334093	0.0725998
4.07592	0.0323203	0.0323203	0.0702333
4.08591	0.0312558	0	0.0679201
4.0959	0.0302153	0	0.0656591
4.10589	0.0291983	0	0.0634491
4.11588	0.0282042	0	0.0612888
4.12587	0.0272324	0	0.0591771
4.13586	0.0262824	0	0.0571127
4.14585	0.0253537	0	0.0550945
4.15584	0.0244456	0	0.0531214
4.16583	0.0235578	0	0.0511921
4.17582	0.0226896	0	0.0493055
4.18581	0.0218405	0	0.0474604
4.1958	0.02101	0	0.0456556
4.20579	0.0201975	0	0.0438901
4.21578	0.0194026	0	0.0421626
4.22577	0.0186246	0	0.040472
4.23576	0.0178631	0	0.0388172
4.24575	0.0171175	0	0.037197
4.25574	0.0163874	0	0.0356104
4.26573	0.0156721	0	0.0340561
4.27572	0.0149712	0	0.0325331
4.28571	0.0142842	0	0.0310402
4.2957	0.0136106	0	0.0295763
4.30569	0.0129497	0	0.0281403
4.31568	0.0123013	0	0.0267311
4.32567	0.0116646	0	0.0253476
4.33566	0.0110392	0	0.0239887
4.34565	0.0104246	0	0.0226532
4.35564	0.00982035	0	0.02134
4.36563	0.00922583	0	0.0200481
4.37562	0.00864057	0	0.0187763
4.38561	0.00806406	0	0.0175235
4.3956	0.00749578	0	0.0162886
4.40559	0.00693523	0	0.0150705
4.41558	0.00638188	0	0.0138681
4.42557	0.00583521	0	0.0126802
4.43556	0.00529471	0	0.0115056
4.44555	0.00475985	0	0.0103433
4.45554	0.0042301	0	0.00919218
4.46553	0.00370493	0	0.00805096
4.47552	0.0031838	0	0.00691853
4.48551	0.00266618	0	0.00579372
4.4955	0.00215152	0	0.00467534
4.50549	0.00163926	0	0.00356219
4.51548	0.00112885	0	0.00245305
4.52547	0.000619728	0	0.0013467
4.53546	0.000111312	0	0.000241885
4.54545	-0.000396977	0	-0.000862648
4.55544	-0.000905729	0	-0.00196819
4.56543	-0.00141554	0	-0.00307604
4.57542	-0.00192703	0	-0.00418752
4.58541	-0.00244082	0	-0.005304
4.5954	-0.00295753	0	-0.00642684
4.60539	-0.00347783	0	-0.00755746
4.61538	-0.00400236	0	-0.00869729
4.62537	-0.0045318	0	-0.0098478
4.63536	-0.00506686	0	-0.0110105
4.64535	-0.00560823	0	-0.0121869
4.65534	-0.00615664	0	-0.0133786
4.66533	-0.00671283	0	-0.0145873
4.67532	-0.00727758	0	-0.0158145
4.68531	-0.00785167	0	-0.017062
4.6953	-0.00843592	0	-0.0183316
4.70529	-0.00903114	0	-0.019625
4.71528	-0.00963821	0	-0.0209442
4.72527	-0.010258	0	-0.0222911
4.73526	-0.0108915	0	-0.0236676
4.74525	-0.0115395	0	-0.0250758
4.75524	-0.0122031	0	-0.0265179
4.76523	-0.0128833	0	-0.027996
4.77522	-0.0135811	0	-0.0295123
4.78521	-0.0142976	0	-0.0310694
4.7952	-0.015034	0	-0.0326695
4.80519	-0.0157914	0	-0.0343153
4.81518	-0.0165709	0	-0.0360093
4.82517	-0.017374	0	-0.0377543
4.83516	-0.0182018	0	-0.0395532
4.84515	-0.0190557	0	-0.0414088
4.85514	-0.0199371	0	-0.0433242
4.86513	-0.0208476	0	-0.0453027
4.87512	-0.0217886	0	-0.0473475
4.88511	-0.0227617	0	-0.049462
4.8951	-0.0237685	0	-0.05165
4.90509	-0.0248109	0	-0.053915
4.91508	-0.0258905	0	-0.0562612
4.92507	-0.0270093	0	-0.0586924
4.93506	-0.0281693	0	-0.061213
4.94505	-0.0293724	0	-0.0638275
4.95504	-0.0306208	0	-0.0665404
4.96503	-0.0319168	0	-0.0693565
4.97502	-0.0332626	0	-0.0722811
4.98501	-0.0346607	0	-0.0753192
4.995	-0.0361137	0	-0.0784766
5.00499	-0.0376241	0	-0.0817588
5.01498	-0.0391949	0	-0.0851721
5.02497	-0.0408288	0	-0.0887226
5.03496	-0.0425289	0	-0.092417
5.04495	-0.0442984	0	-0.0962623
5.05494	-0.0461407	0	-0.100266
5.06493	-0.0480592	0	-0.104435
5.07492	-0.0500576	0	-0.108777
5.08491	-0.0521397	0	-0.113302
5.0949	-0.0543095	0	-0.118017
5.10489	-0.0565713	0	-0.122932
5.11488	-0.0589294	0	-0.128056
5.12487	-0.0613884	0	-0.1334
5.13486	-0.0639532	0	-0.138973
5.14485	-0.0666289	0	-0.144787
5.15484	-0.0694208	0	-0.150854
5.16483	-0.0723344	0	-0.157186
5.17482	-0.0753756	0	-0.163794
5.18481	-0.0785506	0	-0.170694
5.1948	-0.0818658	0	-0.177898
5.20479	-0.085328	0	-0.185421
5.21478	-0.0889443	0	-0.19328
5.22477	-0.092722	0	-0.201489
5.23476	-0.0966691	0	-0.210066
5.24475	-0.100794	0	-0.219029
5.25474	-0.105105	0	-0.228397
5.26473	-0.109611	0	-0.238189
5.27472	-0.114322	0	-0.248426
5.28471	-0.119248	0	-0.25913
5.2947	-0.124399	0	-0.270323
5.30469	-0.129786	0	-0.28203
5.31468	-0.135421	0	-0.294276
5.32467	-0.141317	0	-0.307087
5.33466	-0.147485	0	-0.320491
5.34465	-0.15394	0	-0.334518
5.35464	-0.160696	0	-0.349198
5.36463	-0.167767	0	-0.364564
5.37462	-0.175169	0	-0.380649
5.38461	-0.182919	0	-0.39749
5.3946	-0.191034	0	-0.415125
5.40459	-0.199532	0	-0.433592
5.41458	-0.208433	0	-0.452934
5.42457	-0.217757	0	-0.473195
5.43456	-0.227524	0	-0.49442
5.44455	-0.237758	0	-0.516659
5.45454	-0.248482	0	-0.539962
5.46453	-0.259721	0	-0.564384
5.47452	-0.2715	0	-0.589981
5.48451	-0.283848	0	-0.616813
5.4945	-0.296793	0	-0.644943
5.50449	-0.310365	0	-0.674437
5.51448	-0.324598	0	-0.705365
5.52447	-0.339524	0	-0.7378
5.53446	-0.35518	0	-0.77182
5.54445	-0.371602	0	-0.807506
5.55444	-0.388831	0	-0.844945
5.56443	-0.406908	0	-0.884227
5.57442	-0.425877	0	-0.925448
5.58441	-0.445784	0	-0.968707
5.5944	-0.466679	0	-1.01411
5.60439	-0.488612	0	-1.06177
5.61438	-0.511638	0	-1.11181
5.62437	-0.535815	0	-1.16435
5.63436	-0.561202	0	-1.21951
5.64435	-0.587863	0	-1.27745
5.65434	-0.615866	0	-1.3383
5.66433	-0.64528	0	-1.40222
5.67432	-0.676182	0	-1.46937
5.68431	-0.708649	0	-1.53992
5.6943	-0.742766	0	-1.61406
5.70429	-0.778619	0	-1.69197
5.71428	-0.816302	0	-1.77386
5.72427	-0.855912	0	-1.85993
5.73426	-0.897552	0	-1.95042
5.74425	-0.941333	0	-2.04555
5.75424	-0.987368	0	-2.14559
5.76423	-1.03578	0	-2.25079
5.77422	-1.0867	0	-2.36143
5.78421	-1.14025	0	-2.47782
5.7942	-1.19659	0	-2.60025
5.80419	-1.25587	0	-2.72905
5.81418	-1.31824	0	-2.86459
5.82417	-1.38387	0	-3.00721
5.83416	-1.45295	0	-3.15732
5.84415	-1.52566	0	-3.31532
5.85414	-1.6022	0	-3.48164
5.86413	-1.68278	0	-3.65675
5.87412	-1.76763	0	-3.84112
5.88411	-1.85697	0	-4.03528
5.8941	-1.95107	0	-4.23975
5.90409	-2.05018	0	-4.45512
5.91408	-2.15458	0	-4.68199
5.92407	-2.26457	0	-4.92099
5.93406	-2.38045	0	-5.17282
5.94405	-2.50257	0	-5.43818
5.95404	-2.63126	0	-5.71784
5.96403	-2.7669	0	-6.01259
5.97402	-2.90988	0	-6.32329
5.98401	-3.06061	0	-6.65084
5.994	-3.21954	0	-6.99618
6.00399	-3.38711	0	-7.36033
6.01398	-3.56383	0	-7.74436
6.02397	-3.75022	0	-8.14938
6.03396	-3.94682	0	-8.57661
6.04395	-4.15422	0	-9.0273
6.05394	-4.37304	0	-9.5028
6.06393	-4.60393	0	-10.0045
6.07392	-4.84758	0	-10.534
6.08391	-5.10473	0	-11.0928
6.0939	-5.37615	0	-11.6826
6.10389	-5.66268	0	-12.3052
6.11388	-5.96517	0	-12.9626
6.12387	-6.28457	0	-13.6566
6.13386	-6.62184	0	-14.3895
6.14385	-6.97804	0	-15.1636
6.15384	-7.35426	0	-15.9811
6.16383	-7.75168	0	-16.8447
6.17382	-8.17153	0	-17.7571
6.18381	-8.61513	0	-18.721
6.1938	-9.08388	0	-19.7397
6.20379	-9.57926	0	-20.8161
6.21378	-10.1028	0	-21.9539
6.22377	-10.6563	0	-23.1565
6.23376	-11.2413	0	-24.4279
6.24375	-11.8599	0	-25.7721
6.25374	-12.514	0	-27.1934
6.26373	-13.2057	0	-28.6965
6.27372	-13.9372	0	-30.2861
6.28371	-14.711	0	-31.9676
6.2937	-15.5296	0	-33.7464
6.30369	-16.3956	0	-35.6282
6.31368	-17.3119	0	-37.6194
6.32367	-18.2815	0	-39.7265
6.33366	-19.3077	0	-41.9565
6.34365	-20.3939	0	-44.3168
6.35364	-21.5437	0	-46.8153
6.36363	-22.7609	0	-49.4605
6.37362	-24.0497	0	-52.2611
6.38361	-25.4145	0	-55.2267
6.3936	-26.8598	0	-58.3674
6.40359	-28.3905	0	-61.6938
6.41358	-30.012	0	-65.2173
6.42357	-31.7297	0	-68.95
6.43356	-33.5497	0	-72.9048
6.44355	-35.4781	0	-77.0954
6.45354	-37.5217	0	-81.5362
6.46353	-39.6876	0	-86.2427
6.47352	-41.9833	0	-91.2315
6.48351	-44.417	0	-96.5199
6.4935	-46.9971	0	-102.127
6.50349	-49.7329	0	-108.072
6.51348	-52.6339	0	-114.376
6.52347	-55.7106	0	-121.061
6.53346	-58.9739	0	-128.153
6.54345	-62.4356	0	-135.675
6.55344	-66.108	0	-143.655
6.56343	-70.0044	0	-152.122
6.57342	-74.139	0	-161.107
6.58341	-78.5268	0	-170.642
6.5934	-83.1838	0	-180.762
6.60339	-88.1271	0	-191.504
6.61338	-93.3748	0	-202.907
6.62337	-98.9464	0	-215.015
6.63336	-104.862	0	-227.87
6.64335	-111.145	0	-241.522
6.65334	-117.817	0	-256.021
6.66333	-124.904	0	-271.421
6.67332	-132.432	0	-287.781
6.68331	-140.431	0	-305.161
6.6933	-148.929	0	-323.628
6.70329	-157.959	0	-343.252
6.71328	-167.556	0	-364.107
6.72327	-177.757	0	-386.273
6.73326	-188.6	0	-409.835
6.74325	-200.127	0	-434.884
6.75324	-212.383	0	-461.516
6.76323	-225.415	0	-489.835
6.77322	-239.273	0	-519.951
6.78321	-254.013	0	-551.98
6.7932	-269.691	0	-586.049
6.80319	-286.369	0	-622.292
6.81318	-304.113	0	-660.851
6.82317	-322.994	0	-701.879
6.83316	-343.085	0	-745.538
6.84315	-364.467	0	-792.002
6.85314	-387.226	0	-841.458
6.86313	-411.452	0	-894.103
6.87312	-437.244	0	-950.149
6.88311	-464.705	0	-1009.82
6.8931	-493.946	0	-1073.36
6.90309	-525.086	0	-1141.03
6.91308	-558.253	0	-1213.11
6.92307	-593.581	0	-1289.88
6.93306	-631.217	0	-1371.66
6.94305	-671.314	0	-1458.79
6.95304	-714.039	0	-1551.64
6.96303	-759.569	0	-1650.57
6.97302	-808.093	0	-1756.02
6.98301	-859.813	0	-1868.41
6.993	-914.946	0	-1988.22
7.00299	-973.725	0	-2115.94
7.01298	-1036.4	0	-2252.13
7.02297	-1103.22	0	-2397.35
7.03296	-1174.49	0	-2552.22
7.04295	-1250.51	0	-2717.41
7.05294	-1331.59	0	-2893.6
7.06293	-1418.09	0	-3081.57
7.07292	-1510.38	0	-3282.12
7.08291	-1608.85	0	-3496.1
7.0929	-1713.94	0	-3724.46
7.10289	-1826.1	0	-3968.18
7.11288	-1945.81	0	-4228.32
7.12287	-2073.6	0	-4506.02
7.13286	-2210.03	0	-4802.49
7.14285	-2355.7	0	-5119.04
7.15284	-2511.26	0	-5457.07
7.16283	-2677.38	0	-5818.07
7.17282	-2854.82	0	-6203.64
7.18281	-3044.35	0	-6615.5
7.1928	-3246.83	0	-7055.5
7.20279	-3463.16	0	-7525.6
7.21278	-3694.32	0	-8027.91
7.22277	-3941.35	0	-8564.71
7.23276	-4205.36	0	-9138.42
7.24275	-4487.56	0	-9751.65
7.25274	-4789.23	0	-10407.2
7.26273	-5111.74	0	-11108
7.27272	-5456.59	0	-11857.4
7.28271	-5825.34	0	-12658.7
7.2927	-6219.71	0	-13515.7
7.30269	-6641.51	0	-14432.3
7.31268	-7092.71	0	-15412.8
7.32267	-7575.4	0	-16461.7
7.33266	-8091.84	0	-17583.9
7.34265	-8644.45	0	-18784.7
7.35264	-9235.82	0	-20069.8
7.36263	-9868.74	0	-21445.2
7.37262	-10546.2	0	-22917.3
7.38261	-11271.4	0	-24493.3
7.3926	-12047.9	0	-26180.5
7.40259	-12879.2	0	-27987
7.41258	-13769.4	0	-29921.5
7.42257	-14722.8	0	-31993.3
7.43256	-15744	0	-34212.3
7.44255	-16837.8	0	-36589.2
7.45254	-18009.6	0	-39135.6
7.46253	-19265.1	0	-41863.9
7.47252	-20610.4	0	-44787.3
7.48251	-22052.1	0	-47920.2
7.4925	-23597.3	0	-51277.9
7.50249	-25253.5	0	-54876.9
7.51248	-27028.9	0	-58735
7.52247	-28932.4	0	-62871.2
7.53246	-30973.3	0	-67306.2
7.54245	-33161.8	0	-72062
7.55244	-35508.9	0	-77162.3
7.56243	-38026.3	0	-82632.8
7.57242	-40726.7	0	-88500.8
7.58241	-43623.6	0	-94795.9
7.5924	-46731.8	0	-101550
7.60239	-50066.9	0	-108797
7.61238	-53645.9	0	-116575
7.62237	-57487.1	0	-124922
7.63236	-61610.2	0	-133881
7.64235	-66036.2	0	-143499
7.65234	-70787.9	0	-153825
7.66233	-75889.9	0	-164912
7.67232	-81368.6	0	-176817
7.68231	-87252.4	0	-189603
7.6923	-93571.9	0	-203336
7.70229	-100360	0	-218087
7.71228	-107653	0	-233934
7.72227	-115488	0	-250960
7.73226	-123907	0	-269254
7.74225	-132954	0	-288914
7.75224	-142677	0	-310044
7.76223	-153129	0	-332755
7.77222	-164364	0	-357170
7.78221	-176443	0	-383417
7.7922	-189430	0	-411638
7.80219	-203395	0	-441985
7.81218	-218414	0	-474622
7.82217	-234567	0	-509723
7.83216	-251942	0	-547481
7.84215	-270635	0	-588100
7.85214	-290746	0	-631802
7.86213	-312385	0	-678825
7.87212	-335672	0	-729428
7.88211	-360734	0	-783889
7.8921	-387709	0	-842508
7.90209	-416748	0	-905610
7.91208	-448010	0	-973544
7.92207	-481670	0	-1.04669e+006
7.93206	-517915	0	-1.12545e+006
7.94205	-556949	0	-1.21027e+006
7.95204	-598989	0	-1.30163e+006
7.96203	-644274	0	-1.40003e+006
7.97202	-693057	0	-1.50604e+006
7.98201	-745616	0	-1.62025e+006
7.992	-802247	0	-1.74332e+006
8.00199	-863274	0	-1.87593e+006
8.01198	-929045	0	-2.01885e+006
8.02197	-999935	0	-2.1729e+006
8.03196	-1.07635e+006	0	-2.33896e+006
8.04195	-1.15874e+006	0	-2.51798e+006
8.05194	-1.24756e+006	0	-2.711e+006
8.06193	-1.34334e+006	0	-2.91913e+006
8.07192	-1.44663e+006	0	-3.14358e+006
8.08191	-1.55803e+006	0	-3.38566e+006
8.0919	-1.67819e+006	0	-3.64678e+006
8.10189	-1.80782e+006	0	-3.92846e+006
8.11188	-1.94767e+006	0	-4.23236e+006
8.12187	-2.09857e+006	0	-4.56027e+006
8.13186	-2.2614e+006	0	-4.91411e+006
8.14185	-2.43713e+006	0	-5.29599e+006
8.15184	-2.62681e+006	0	-5.70816e+006
8.16183	-2.83155e+006	0	-6.15307e+006
8.17182	-3.05258e+006	0	-6.63339e+006
8.18181	-3.29123e+006	0	-7.15197e+006
8.1918	-3.54891e+006	0	-7.71193e+006
8.20179	-3.82719e+006	0	-8.31663e+006
8.21178	-4.12773e+006	0	-8.96973e+006
8.22177	-4.45236e+006	0	-9.67515e+006
8.23176	-4.80303e+006	0	-1.04372e+007
8.24175	-5.18189e+006	0	-1.12605e+007
8.25174	-5.59124e+006	0	-1.215e+007
8.26173	-6.03358e+006	0	-1.31112e+007
8.27172	-6.51162e+006	0	-1.415e+007
8.28171	-7.02829e+006	0	-1.52728e+007
8.2917	-7.58679e+006	0	-1.64864e+007
8.30169	-8.19054e+006	0	-1.77984e+007
8.31168	-8.8433e+006	0	-1.92169e+007
8.32167	-9.54912e+006	0	-2.07506e+007
8.33166	-1.03124e+007	0	-2.24092e+007
8.34165	-1.11379e+007	0	-2.4203e+007
8.35164	-1.20307e+007	0	-2.61432e+007
8.36163	-1.29965e+007	0	-2.8242e+007
8.37162	-1.40414e+007	0	-3.05126e+007
8.38161	-1.5172e+007	0	-3.29693e+007
8.3916	-1.63953e+007	0	-3.56276e+007
8.40159	-1.77192e+007	0	-3.85045e+007
8.41158	-1.9152e+007	0	-4.16181e+007
8.42157	-2.0703e+007	0	-4.49884e+007
8.43156	-2.23819e+007	0	-4.86368e+007
8.44155	-2.41996e+007	0	-5.25868e+007
8.45154	-2.61678e+007	0	-5.68637e+007
8.46153	-2.82991e+007	0	-6.14951e+007
8.47152	-3.06073e+007	0	-6.65109e+007
8.48151	-3.31073e+007	0	-7.19435e+007
8.4915	-3.58154e+007	0	-7.78282e+007
8.50149	-3.87491e+007	0	-8.42034e+007
8.51148	-4.19277e+007	0	-9.11106e+007
8.52147	-4.53719e+007	0	-9.85951e+007
8.53146	-4.91044e+007	0	-1.06706e+008
8.54145	-5.31496e+007	0	-1.15496e+008
8.55144	-5.75342e+007	0	-1.25024e+008
8.56143	-6.22872e+007	0	-1.35353e+008
8.57142	-6.74402e+007	0	-1.4655e+008
8.58141	-7.30273e+007	0	-1.58691e+008
8.5914	-7.90858e+007	0	-1.71857e+008
8.60139	-8.56562e+007	0	-1.86134e+008
8.61138	-9.27823e+007	0	-2.0162e+008
8.62137	-1.00512e+008	0	-2.18417e+008
8.63136	-1.08898e+008	0	-2.36639e+008
8.64135	-1.17995e+008	0	-2.56409e+008
8.65134	-1.27867e+008	0	-2.7786e+008
8.66133	-1.38579e+008	0	-3.01139e+008
8.67132	-1.50205e+008	0	-3.26402e+008
8.68131	-1.62824e+008	0	-3.53823e+008
8.6913	-1.76522e+008	0	-3.83589e+008
8.70129	-1.91392e+008	0	-4.15903e+008
8.71128	-2.07538e+008	0	-4.50988e+008
8.72127	-2.2507e+008	0	-4.89086e+008
8.73126	-2.44109e+008	0	-5.30458e+008
8.74125	-2.64787e+008	0	-5.75392e+008
8.75124	-2.87247e+008	0	-6.242e+008
8.76123	-3.11646e+008	0	-6.77219e+008
8.77122	-3.38154e+008	0	-7.34822e+008
8.78121	-3.66955e+008	0	-7.97409e+008
8.7912	-3.98253e+008	0	-8.65419e+008
8.80119	-4.32266e+008	0	-9.39331e+008
8.81118	-4.69234e+008	0	-1.01966e+009
8.82117	-5.09418e+008	0	-1.10699e+009
8.83116	-5.53103e+008	0	-1.20192e+009
8.84115	-6.00598e+008	0	-1.30513e+009
8.85114	-6.52242e+008	0	-1.41735e+009
8.86113	-7.08402e+008	0	-1.53939e+009
8.87112	-7.6948e+008	0	-1.67211e+009
8.88111	-8.35914e+008	0	-1.81648e+009
8.8911	-9.0818e+008	0	-1.97351e+009
8.90109	-9.868e+008	0	-2.14436e+009
8.91108	-1.07234e+009	0	-2.33024e+009
8.92107	-1.16542e+009	0	-2.5325e+009
8.93106	-1.26671e+009	0	-2.75262e+009
8.94105	-1.37696e+009	0	-2.99219e+009
8.95104	-1.49696e+009	0	-3.25295e+009
8.96103	-1.62759e+009	0	-3.53682e+009
8.97102	-1.76981e+009	0	-3.84588e+009
8.98101	-1.92467e+009	0	-4.18238e+009
8.991	-2.09329e+009	0	-4.54881e+009
9.00099	-2.27694e+009	0	-4.94788e+009
9.01098	-2.47696e+009	0	-5.38253e+009
9.02097	-2.69483e+009	0	-5.85599e+009
9.03096	-2.93219e+009	0	-6.37177e+009
9.04095	-3.19079e+009	0	-6.93372e+009
9.05094	-3.47257e+009	0	-7.54604e+009
9.06093	-3.77964e+009	0	-8.21331e+009
9.07092	-4.1143e+009	0	-8.94054e+009
9.08091	-4.47906e+009	0	-9.73319e+009
9.0909	-4.87669e+009	0	-1.05973e+010
9.10089	-5.31018e+009	0	-1.15392e+010
9.11088	-5.78283e+009	0	-1.25663e+010
9.12087	-6.29821e+009	0	-1.36863e+010
9.13086	-6.86025e+009	0	-1.49076e+010
9.14085	-7.47325e+009	0	-1.62397e+010
9.15084	-8.14189e+009	0	-1.76927e+010
9.16083	-8.87129e+009	0	-1.92777e+010
9.17082	-9.66707e+009	0	-2.10069e+010
9.18081	-1.05354e+010	0	-2.28938e+010
9.1908	-1.14829e+010	0	-2.49527e+010
9.20079	-1.25169e+010	0	-2.71997e+010
9.21078	-1.36455e+010	0	-2.96523e+010
9.22077	-1.48775e+010	0	-3.23293e+010
9.23076	-1.62224e+010	0	-3.52519e+010
9.24075	-1.76907e+010	0	-3.84427e+010
9.25074	-1.92941e+010	0	-4.19268e+010
9.26073	-2.10449e+010	0	-4.57315e+010
9.27072	-2.29571e+010	0	-4.98868e+010
9.28071	-2.50458e+010	0	-5.44255e+010
9.2907	-2.73273e+010	0	-5.93834e+010
9.30069	-2.98198e+010	0	-6.47998e+010
9.31068	-3.25432e+010	0	-7.07177e+010
9.32067	-3.5519e+010	0	-7.71843e+010
9.33066	-3.87711e+010	0	-8.42512e+010
9.34065	-4.23254e+010	0	-9.19749e+010
9.35064	-4.62105e+010	0	-1.00417e+011
9.36063	-5.04576e+010	0	-1.09646e+011
9.37062	-5.51008e+010	0	-1.19736e+011
9.38061	-6.01777e+010	0	-1.30769e+011
9.3906	-6.57293e+010	0	-1.42833e+011
9.40059	-7.18007e+010	0	-1.56026e+011
9.41058	-7.84413e+010	0	-1.70456e+011
9.42057	-8.57051e+010	0	-1.86241e+011
9.43056	-9.36515e+010	0	-2.03509e+011
9.44055	-1.02346e+011	0	-2.22401e+011
9.45054	-1.11859e+011	0	-2.43073e+011
9.46053	-1.22269e+011	0	-2.65695e+011
9.47052	-1.33662e+011	0	-2.90453e+011
9.48051	-1.46132e+011	0	-3.17551e+011
9.4905	-1.59783e+011	0	-3.47215e+011
9.50049	-1.74727e+011	0	-3.79689e+011
9.51048	-1.91089e+011	0	-4.15245e+011
9.52047	-2.09006e+011	0	-4.54179e+011
9.53046	-2.28627e+011	0	-4.96816e+011
9.54045	-2.50116e+011	0	-5.43513e+011
9.55044	-2.73654e+011	0	-5.94662e+011
9.56043	-2.99439e+011	0	-6.50694e+011
9.57042	-3.27688e+011	0	-7.1208e+011
9.58041	-3.5864e+011	0	-7.7934e+011
9.5904	-3.92558e+011	0	-8.53044e+011
9.60039	-4.29728e+011	0	-9.33817e+011
9.61038	-4.70468e+011	0	-1.02235e+012
9.62037	-5.15124e+011	0	-1.11939e+012
9.63036	-5.64079e+011	0	-1.22577e+012
9.64035	-6.17752e+011	0	-1.3424e+012
9.65034	-6.76603e+011	0	-1.47029e+012
9.66033	-7.41139e+011	0	-1.61053e+012
9.67032	-8.11917e+011	0	-1.76433e+012
9.68031	-8.89548e+011	0	-1.93302e+012
9.6903	-9.74704e+011	0	-2.11807e+012
9.70029	-1.06813e+012	0	-2.32108e+012
9.71028	-1.17062e+012	0	-2.54382e+012
9.72027	-1.2831e+012	0	-2.78822e+012
9.73026	-1.40652e+012	0	-3.05643e+012
9.74025	-1.54198e+012	0	-3.35079e+012
9.75024	-1.69067e+012	0	-3.67389e+012
9.76023	-1.85389e+012	0	-4.02857e+012
9.77022	-2.03308e+012	0	-4.41796e+012
9.78021	-2.22982e+012	0	-4.84549e+012
9.7902	-2.44586e+012	0	-5.31496e+012
9.80019	-2.68312e+012	0	-5.83054e+012
9.81018	-2.94371e+012	0	-6.3968e+012
9.82017	-3.22994e+012	0	-7.01879e+012
9.83016	-3.54438e+012	0	-7.70208e+012
9.84015	-3.88984e+012	0	-8.45278e+012
9.85014	-4.26942e+012	0	-9.27763e+012
9.86013	-4.68654e+012	0	-1.0184e+013
9.87012	-5.14495e+012	0	-1.11802e+013
9.88011	-5.6488e+012	0	-1.22751e+013
9.8901	-6.20264e+012	0	-1.34786e+013
9.90009	-6.8115e+012	0	-1.48017e+013
9.91008	-7.48092e+012	0	-1.62563e+013
9.92007	-8.21699e+012	0	-1.78559e+013
9.93006	-9.02644e+012	0	-1.96148e+013
9.94005	-9.91667e+012	0	-2.15493e+013
9.95004	-1.08958e+013	0	-2.36771e+013
9.96003	-1.1973e+013	0	-2.60178e+013
9.97002	-1.3158e+013	0	-2.85928e+013
9.98001	-1.44618e+013	0	-3.1426e+013
9.99	-1.58964e+013	0	-3.45436e+013
