0	0.420073	0.420073	1
0.00999	0.419801	0.419801	0.999352
0.01998	0.418984	0.418984	0.997407
0.02997	0.417624	0.417624	0.994169
0.03996	0.415722	0.415722	0.989641
0.04995	0.41328	0.41328	0.983829
0.05994	0.410303	0.410303	0.976741
0.06993	0.406793	0.406793	0.968386
0.07992	0.402756	0.402756	0.958776
0.08991	0.398197	0.398197	0.947922
0.0999	0.393121	0.393121	0.935839
0.10989	0.387536	0.387536	0.922543
0.11988	0.381448	0.381448	0.908051
0.12987	0.374866	0.374866	0.892382
0.13986	0.367799	0.367799	0.875558
0.14985	0.360254	0.360254	0.857599
0.15984	0.352244	0.352244	0.838529
0.16983	0.343777	0.343777	0.818374
0.17982	0.334865	0.334865	0.797159
0.18981	0.32552	0.32552	0.774913
0.1998	0.315754	0.315754	0.751664
0.20979	0.305579	0.305579	0.727443
0.21978	0.29501	0.29501	0.702281
0.22977	0.284059	0.284059	0.676212
0.23976	0.272741	0.272741	0.649269
0.24975	0.26107	0.26107	0.621487
0.25974	0.249063	0.249063	0.592903
0.26973	0.236734	0.236734	0.563554
0.27972	0.2241	0.2241	0.533478
0.28971	0.211177	0.211177	0.502714
0.2997	0.197981	0.197981	0.471302
0.30969	0.184531	0.184531	0.439282
0.31968	0.170843	0.170843	0.406697
0.32967	0.156935	0.156935	0.373589
0.33966	0.142825	0.142825	0.339999
0.34965	0.128531	0.128531	0.305973
0.35964	0.114072	0.114072	0.271553
0.36963	0.0994671	0.0994671	0.236785
0.37962	0.0847341	0.0847341	0.201713
0.38961	0.0698925	0.0698925	0.166382
0.3996	0.0549612	0.0549612	0.130837
0.40959	0.0399594	0.0399594	0.0951249
0.41958	0.0249066	0.0249066	0.0592909
0.42957	0.00982178	0.00982178	0.0233811
0.43956	-0.00527556	-0.00527556	-0.0125587
0.44955	-0.0203662	-0.0203662	-0.0484824
0.45954	-0.0354307	-0.0354307	-0.0843442
0.46953	-0.0504501	-0.0504501	-0.120098
0.47952	-0.0654051	-0.0654051	-0.155699
0.48951	-0.0802768	-0.0802768	-0.191102
0.4995	-0.0950463	-0.0950463	-0.226261
0.50949	-0.109695	-0.109695	-0.261132
0.51948	-0.124204	-0.124204	-0.295672
0.52947	-0.138555	-0.138555	-0.329835
0.53946	-0.152731	-0.152731	-0.363581
0.54945	-0.166712	-0.166712	-0.396864
0.55944	-0.180483	-0.180483	-0.429645
0.56943	-0.194025	-0.194025	-0.461882
0.57942	-0.207321	-0.207321	-0.493535
0.58941	-0.220355	-0.220355	-0.524564
0.5994	-0.233112	-0.233112	-0.554931
0.60939	-0.245574	-0.245574	-0.584598
0.61938	-0.257727	-0.257727	-0.613527
0.62937	-0.269555	-0.269555	-0.641685
0.63936	-0.281044	-0.281044	-0.669035
0.64935	-0.29218	-0.29218	-0.695545
0.65934	-0.302949	-0.302949	-0.721181
0.66933	-0.313338	-0.313338	-0.745914
0.67932	-0.323335	-0.323335	-0.769711
0.68931	-0.332928	-0.332928	-0.792546
0.6993	-0.342104	-0.342104	-0.81439
0.70929	-0.350853	-0.350853	-0.835218
0.71928	-0.359164	-0.359164	-0.855003
0.72927	-0.367028	-0.367028	-0.873724
0.73926	-0.374436	-0.374436	-0.891357
0.74925	-0.381378	-0.381378	-0.907883
0.75924	-0.387846	-0.387846	-0.923282
0.76923	-0.393834	-0.393834	-0.937536
0.77922	-0.399334	-0.399334	-0.950629
0.78921	-0.40434	-0.40434	-0.962546
0.7992	-0.408847	-0.408847	-0.973275
0.80919	-0.412849	-0.412849	-0.982802
0.81918	-0.416343	-0.416343	-0.991119
0.82917	-0.419324	-0.419324	-0.998217
0.83916	-0.421791	-0.421791	-1.00409
0.84915	-0.423739	-0.423739	-1.00873
0.85914	-0.425169	-0.425169	-1.01213
0.86913	-0.426078	-0.426078	-1.01429
0.87912	-0.426466	-0.426466	-1.01522
0.88911	-0.426335	-0.426335	-1.01491
0.8991	-0.425683	-0.425683	-1.01335
0.90909	-0.424514	-0.424514	-1.01057
0.91908	-0.422829	-0.422829	-1.00656
0.92907	-0.420631	-0.420631	-1.00133
0.93906	-0.417924	-0.417924	-0.994883
0.94905	-0.414711	-0.414711	-0.987234
0.95904	-0.410997	-0.410997	-0.978394
0.96903	-0.406788	-0.406788	-0.968374
0.97902	-0.40209	-0.40209	-0.957189
0.98901	-0.396908	-0.396908	-0.944853
0.999	-0.39125	-0.39125	-0.931384
1.00899	-0.385123	-0.385123	-0.9168
1.01898	-0.378536	-0.378536	-0.901118
1.02897	-0.371497	-0.371497	-0.884362
1.03896	-0.364015	-0.364015	-0.866551
1.04895	-0.3561	-0.3561	-0.84771
1.05894	-0.347763	-0.347763	-0.827861
1.06893	-0.339013	-0.339013	-0.807032
1.07892	-0.329861	-0.329861	-0.785247
1.08891	-0.320321	-0.320321	-0.762535
1.0989	-0.310402	-0.310402	-0.738924
1.10889	-0.300119	-0.300119	-0.714443
1.11888	-0.289482	-0.289482	-0.689123
1.12887	-0.278507	-0.278507	-0.662995
1.13886	-0.267205	-0.267205	-0.636091
1.14885	-0.255591	-0.255591	-0.608445
1.15884	-0.24368	-0.24368	-0.580089
1.16883	-0.231485	-0.231485	-0.551058
1.17882	-0.219021	-0.219021	-0.521387
1.18881	-0.206303	-0.206303	-0.491112
1.1988	-0.193347	-0.193347	-0.46027
1.20879	-0.180168	-0.180168	-0.428896
1.21878	-0.166781	-0.166781	-0.397028
1.22877	-0.153203	-0.153203	-0.364704
1.23876	-0.139448	-0.139448	-0.331962
1.24875	-0.125535	-0.125535	-0.29884
1.25874	-0.111478	-0.111478	-0.265377
1.26873	-0.0972937	-0.0972937	-0.231611
1.27872	-0.0829991	-0.0829991	-0.197582
1.28871	-0.0686104	-0.0686104	-0.163329
1.2987	-0.054144	-0.054144	-0.128892
1.30869	-0.0396164	-0.0396164	-0.0943083
1.31868	-0.0250442	-0.0250442	-0.0596187
1.32867	-0.0104439	-0.0104439	-0.0248621
1.33866	0.00416814	0.00416814	0.00992241
1.34865	0.0187755	0.0187755	0.0446958
1.35864	0.033362	0.033362	0.0794194
1.36863	0.0479113	0.0479113	0.114055
1.37862	0.0624074	0.0624074	0.148563
1.38861	0.0768344	0.0768344	0.182907
1.3986	0.0911765	0.0911765	0.217049
1.40859	0.105418	0.105418	0.250952
1.41858	0.119544	0.119544	0.284579
1.42857	0.133539	0.133539	0.317893
1.43856	0.147387	0.147387	0.35086
1.44855	0.161075	0.161075	0.383445
1.45854	0.174588	0.174588	0.415612
1.46853	0.187911	0.187911	0.447328
1.47852	0.201031	0.201031	0.478561
1.48851	0.213933	0.213933	0.509276
1.4985	0.226606	0.226606	0.539444
1.50849	0.239036	0.239036	0.569033
1.51848	0.251209	0.251209	0.598013
1.52847	0.263115	0.263115	0.626354
1.53846	0.27474	0.27474	0.654029
1.54845	0.286074	0.286074	0.68101
1.55844	0.297105	0.297105	0.70727
1.56843	0.307823	0.307823	0.732784
1.57842	0.318217	0.318217	0.757528
1.58841	0.328278	0.328278	0.781477
1.5984	0.337995	0.337995	0.804608
1.60839	0.347359	0.347359	0.826902
1.61838	0.356363	0.356363	0.848335
1.62837	0.364998	0.364998	0.86889
1.63836	0.373255	0.373255	0.888548
1.64835	0.381129	0.381129	0.907291
1.65834	0.388611	0.388611	0.925103
1.66833	0.395696	0.395696	0.941968
1.67832	0.402377	0.402377	0.957873
1.68831	0.408649	0.408649	0.972805
1.6983	0.414508	0.414508	0.986751
1.70829	0.419948	0.419948	0.999701
1.71828	0.424965	0.424965	1.01165
1.72827	0.429557	0.429557	1.02258
1.73826	0.433719	0.433719	1.03248
1.74825	0.437449	0.437449	1.04136
1.75824	0.440745	0.440745	1.04921
1.76823	0.443605	0.443605	1.05602
1.77822	0.446028	0.446028	1.06179
1.78821	0.448013	0.448013	1.06651
1.7982	0.44956	0.44956	1.07019
1.80819	0.450669	0.450669	1.07283
1.81818	0.45134	0.45134	1.07443
1.82817	0.451574	0.451574	1.07499
1.83816	0.451374	0.451374	1.07451
1.84815	0.450739	0.450739	1.073
1.85814	0.449674	0.449674	1.07047
1.86813	0.44818	0.44818	1.06691
1.87812	0.446261	0.446261	1.06234
1.88811	0.44392	0.44392	1.05677
1.8981	0.441161	0.441161	1.0502
1.90809	0.437988	0.437988	1.04265
1.91808	0.434406	0.434406	1.03412
1.92807	0.43042	0.43042	1.02463
1.93806	0.426035	0.426035	1.01419
1.94805	0.421257	0.421257	1.00282
1.95804	0.416092	0.416092	0.990523
1.96803	0.410547	0.410547	0.977322
1.97802	0.404627	0.404627	0.96323
1.98801	0.398341	0.398341	0.948265
1.998	0.391695	0.391695	0.932444
2.00799	0.384697	0.384697	0.915784
2.01798	0.377354	0.377354	0.898305
2.02797	0.369675	0.369675	0.880025
2.03796	0.361669	0.361669	0.860965
2.04795	0.353343	0.353343	0.841145
2.05794	0.344706	0.344706	0.820585
2.06793	0.335768	0.335768	0.799308
2.07792	0.326537	0.326537	0.777334
2.08791	0.317024	0.317024	0.754687
2.0979	0.307237	0.307237	0.731389
2.10789	0.297187	0.297187	0.707464
2.11788	0.286883	0.286883	0.682934
2.12787	0.276334	0.276334	0.657824
2.13786	0.265553	0.265553	0.632158
2.14785	0.254548	0.254548	0.60596
2.15784	0.243329	0.243329	0.579255
2.16783	0.231909	0.231909	0.552067
2.17782	0.220296	0.220296	0.524422
2.18781	0.208501	0.208501	0.496345
2.1978	0.196536	0.196536	0.467861
2.20779	0.18441	0.18441	0.438995
2.21778	0.172135	0.172135	0.409773
2.22777	0.159721	0.159721	0.380221
2.23776	0.147179	0.147179	0.350364
2.24775	0.134519	0.134519	0.320227
2.25774	0.121753	0.121753	0.289837
2.26773	0.10889	0.10889	0.259217
2.27772	0.0959425	0.0959425	0.228395
2.28771	0.0829199	0.0829199	0.197394
2.2977	0.0698331	0.0698331	0.16624
2.30769	0.0566924	0.0566924	0.134958
2.31768	0.0435083	0.0435083	0.103573
2.32767	0.0302911	0.0302911	0.072109
2.33766	0.0170509	0.0170509	0.0405902
2.34765	0.00379787	0.00379787	0.00904098
2.35764	-0.00945798	-0.00945798	-0.0225151
2.36763	-0.0227068	-0.0227068	-0.0540544
2.37762	-0.0359389	-0.0359389	-0.0855539
2.38761	-0.0491447	-0.0491447	-0.116991
2.3976	-0.0623146	-0.0623146	-0.148342
2.40759	-0.0754395	-0.0754395	-0.179587
2.41758	-0.0885102	-0.0885102	-0.210702
2.42757	-0.101518	-0.101518	-0.241666
2.43756	-0.114453	-0.114453	-0.27246
2.44755	-0.127308	-0.127308	-0.303061
2.45754	-0.140074	-0.140074	-0.333451
2.46753	-0.152742	-0.152742	-0.363608
2.47752	-0.165305	-0.165305	-0.393515
2.48751	-0.177755	-0.177755	-0.423153
2.4975	-0.190084	-0.190084	-0.452503
2.50749	-0.202285	-0.202285	-0.481547
2.51748	-0.21435	-0.21435	-0.510269
2.52747	-0.226273	-0.226273	-0.538652
2.53746	-0.238047	-0.238047	-0.566679
2.54745	-0.249664	-0.249664	-0.594335
2.55744	-0.26112	-0.26112	-0.621605
2.56743	-0.272407	-0.272407	-0.648474
2.57742	-0.28352	-0.28352	-0.674928
2.58741	-0.294452	-0.294452	-0.700955
2.5974	-0.3052	-0.3052	-0.72654
2.60739	-0.315757	-0.315757	-0.751672
2.61738	-0.326119	-0.326119	-0.776338
2.62737	-0.336281	-0.336281	-0.800528
2.63736	-0.346238	-0.346238	-0.824231
2.64735	-0.355986	-0.355986	-0.847437
2.65734	-0.365521	-0.365521	-0.870136
2.66733	-0.37484	-0.37484	-0.892319
2.67732	-0.383938	-0.383938	-0.913978
2.68731	-0.392813	-0.392813	-0.935105
2.6973	-0.401461	-0.401461	-0.955693
2.70729	-0.40988	-0.40988	-0.975735
2.71728	-0.418067	-0.418067	-0.995224
2.72727	-0.42602	-0.42602	-1.01416
2.73726	-0.433736	-0.433736	-1.03252
2.74725	-0.441214	-0.441214	-1.05033
2.75724	-0.448452	-0.448452	-1.06756
2.76723	-0.455448	-0.455448	-1.08421
2.77722	-0.462201	-0.462201	-1.10029
2.78721	-0.46871	-0.46871	-1.11578
2.7972	-0.474975	-0.474975	-1.1307
2.80719	-0.480994	-0.480994	-1.14502
2.81718	-0.486768	-0.486768	-1.15877
2.82717	-0.492295	-0.492295	-1.17193
2.83716	-0.497577	-0.497577	-1.1845
2.84715	-0.502612	-0.502612	-1.19649
2.85714	-0.507402	-0.507402	-1.20789
2.86713	-0.511947	-0.511947	-1.21871
2.87712	-0.516248	-0.516248	-1.22895
2.88711	-0.520306	-0.520306	-1.23861
2.8971	-0.524121	-0.524121	-1.24769
2.90709	-0.527696	-0.527696	-1.2562
2.91708	-0.53103	-0.53103	-1.26414
2.92707	-0.534127	-0.534127	-1.27151
2.93706	-0.536988	-0.536988	-1.27832
2.94705	-0.539614	-0.539614	-1.28457
2.95704	-0.542007	-0.542007	-1.29027
2.96703	-0.544171	-0.544171	-1.29542
2.97702	-0.546106	-0.546106	-1.30003
2.98701	-0.547816	-0.547816	-1.3041
2.997	-0.549303	-0.549303	-1.30764
3.00699	-0.550569	-0.550569	-1.31065
3.01698	-0.551619	-0.551619	-1.31315
3.02697	-0.552453	-0.552453	-1.31513
3.03696	-0.553076	-0.553076	-1.31662
3.04695	-0.55349	-0.55349	-1.3176
3.05694	-0.553699	-0.553699	-1.3181
3.06693	-0.553706	-0.553706	-1.31812
3.07692	-0.553515	-0.553515	-1.31766
3.08691	-0.553128	-0.553128	-1.31674
3.0969	-0.55255	-0.55255	-1.31536
3.10689	-0.551783	-0.551783	-1.31354
3.11688	-0.550832	-0.550832	-1.31128
3.12687	-0.549701	-0.549701	-1.30858
3.13686	-0.548393	-0.548393	-1.30547
3.14685	-0.546911	-0.546911	-1.30194
3.15684	-0.545261	-0.545261	-1.29801
3.16683	-0.543446	-0.543446	-1.29369
3.17682	-0.541469	-0.541469	-1.28899
3.18681	-0.539335	-0.539335	-1.28391
3.1968	-0.537048	-0.537048	-1.27846
3.20679	-0.534612	-0.534612	-1.27266
3.21678	-0.532031	-0.532031	-1.26652
3.22677	-0.529309	-0.529309	-1.26004
3.23676	-0.52645	-0.52645	-1.25323
3.24675	-0.523459	-0.523459	-1.24611
3.25674	-0.520339	-0.520339	-1.23869
3.26673	-0.517095	-0.517095	-1.23096
3.27672	-0.513731	-0.513731	-1.22295
3.28671	-0.51025	-0.51025	-1.21467
3.2967	-0.506658	-0.506658	-1.20612
3.30669	-0.502958	-0.502958	-1.19731
3.31668	-0.499154	-0.499154	-1.18825
3.32667	-0.49525	-0.49525	-1.17896
3.33666	-0.491251	-0.491251	-1.16944
3.34665	-0.48716	-0.48716	-1.1597
3.35664	-0.482982	-0.482982	-1.14976
3.36663	-0.47872	-0.47872	-1.13961
3.37662	-0.474379	-0.474379	-1.12928
3.38661	-0.469962	-0.469962	-1.11876
3.3966	-0.465473	-0.465473	-1.10807
3.40659	-0.460916	-0.460916	-1.09723
3.41658	-0.456294	-0.456294	-1.08623
3.42657	-0.451613	-0.451613	-1.07508
3.43656	-0.446874	-0.446874	-1.0638
3.44655	-0.442083	-0.442083	-1.05239
3.45654	-0.437242	-0.437242	-1.04087
3.46653	-0.432354	-0.432354	-1.02924
3.47652	-0.427425	-0.427425	-1.0175
3.48651	-0.422456	-0.422456	-1.00567
3.4965	-0.417452	-0.417452	-0.99376
3.50649	-0.412416	-0.412416	-0.981771
3.51648	-0.40735	-0.40735	-0.969712
3.52647	-0.402259	-0.402259	-0.957592
3.53646	-0.397145	-0.397145	-0.945418
3.54645	-0.392011	-0.392011	-0.933197
3.55644	-0.386861	-0.386861	-0.920937
3.56643	-0.381697	-0.381697	-0.908644
3.57642	-0.376523	-0.376523	-0.896326
3.58641	-0.37134	-0.37134	-0.883989
3.5964	-0.366153	-0.366153	-0.87164
3.60639	-0.360963	-0.360963	-0.859285
3.61638	-0.355773	-0.355773	-0.84693
3.62637	-0.350586	-0.350586	-0.834582
3.63636	-0.345404	-0.345404	-0.822247
3.64635	-0.34023	-0.34023	-0.809929
3.65634	-0.335066	-0.335066	-0.797636
3.66633	-0.329914	-0.329914	-0.785371
3.67632	-0.324776	-0.324776	-0.773142
3.68631	-0.319656	-0.319656	-0.760952
3.6963	-0.314554	-0.314554	-0.748807
3.70629	-0.309473	-0.309473	-0.736711
3.71628	-0.304414	-0.304414	-0.724669
3.72627	-0.29938	-0.29938	-0.712686
3.73626	-0.294373	-0.294373	-0.700765
3.74625	-0.289394	-0.289394	-0.688912
3.75624	-0.284444	-0.284444	-0.67713
3.76623	-0.279526	-0.279526	-0.665422
3.77622	-0.274641	-0.274641	-0.653794
3.78621	-0.269791	-0.269791	-0.642247
3.7962	-0.264976	-0.264976	-0.630786
3.80619	-0.260199	-0.260199	-0.619414
3.81618	-0.255461	-0.255461	-0.608133
3.82617	-0.250762	-0.250762	-0.596948
3.83616	-0.246104	-0.246104	-0.58586
3.84615	-0.241488	-0.241488	-0.574872
3.85614	-0.236916	-0.236916	-0.563987
3.86613	-0.232388	-0.232388	-0.553207
3.87612	-0.227905	-0.227905	-0.542535
3.88611	-0.223467	-0.223467	-0.531972
3.8961	-0.219077	-0.219077	-0.521521
3.90609	-0.214735	-0.214735	-0.511183
3.91608	-0.21044	-0.21044	-0.500961
3.92607	-0.206195	-0.206195	-0.490855
3.93606	-0.201999	-0.201999	-0.480867
3.94605	-0.197854	-0.197854	-0.470999
3.95604	-0.193759	-0.193759	-0.461251
3.96603	-0.189716	-0.189716	-0.451626
3.97602	-0.185724	-0.185724	-0.442124
3.98601	-0.181785	-0.181785	-0.432745
3.996	-0.177897	-0.177897	-0.423491
4.00599	-0.174063	-0.174063	-0.414363
4.01598	-0.170281	-0.170281	-0.40536
4.02597	-0.166553	-0.166553	-0.396484
4.03596	-0.162877	-0.162877	-0.387735
4.04595	-0.159256	-0.159256	-0.379114
4.05594	-0.155687	-0.155687	-0.370619
4.06593	-0.152173	-0.152173	-0.362253
4.07592	-0.148712	-0.148712	-0.354013
4.08591	-0.145304	-0.145304	-0.345902
4.0959	-0.14195	-0.14195	-0.337918
4.10589	-0.13865	-0.13865	-0.330061
4.11588	-0.135403	-0.135403	-0.322332
4.12587	-0.132209	-0.132209	-0.314729
4.13586	-0.129069	-0.129069	-0.307252
4.14585	-0.125981	-0.125981	-0.299902
4.15584	-0.122946	-0.122946	-0.292676
4.16583	-0.119963	-0.119963	-0.285576
4.17582	-0.117032	-0.117032	-0.278599
4.18581	-0.114153	-0.114153	-0.271746
4.1958	-0.111326	-0.111326	-0.265015
4.20579	-0.10855	-0.10855	-0.258407
4.21578	-0.105824	-0.105824	-0.251919
4.22577	-0.103149	-0.103149	-0.245551
4.23576	-0.100524	-0.100524	-0.239302
4.24575	-0.0979488	-0.0979488	-0.233171
4.25574	-0.0954225	-0.0954225	-0.227157
4.26573	-0.0929448	-0.0929448	-0.221259
4.27572	-0.0905154	-0.0905154	-0.215475
4.28571	-0.0881336	-0.0881336	-0.209805
4.2957	-0.085799	-0.085799	-0.204248
4.30569	-0.0835111	-0.0835111	-0.198801
4.31568	-0.0812694	-0.0812694	-0.193465
4.32567	-0.0790733	-0.0790733	-0.188237
4.33566	-0.0769223	-0.0769223	-0.183116
4.34565	-0.0748157	-0.0748157	-0.178102
4.35564	-0.0727531	-0.0727531	-0.173191
4.36563	-0.0707338	-0.0707338	-0.168384
4.37562	-0.0687573	-0.0687573	-0.163679
4.38561	-0.066823	-0.066823	-0.159075
4.3956	-0.0649303	-0.0649303	-0.154569
4.40559	-0.0630785	-0.0630785	-0.150161
4.41558	-0.061267	-0.061267	-0.145848
4.42557	-0.0594952	-0.0594952	-0.141631
4.43556	-0.0577626	-0.0577626	-0.137506
4.44555	-0.0560684	-0.0560684	-0.133473
4.45554	-0.0544121	-0.0544121	-0.12953
4.46553	-0.052793	-0.052793	-0.125676
4.47552	-0.0512104	-0.0512104	-0.121908
4.48551	-0.0496638	-0.0496638	-0.118226
4.4955	-0.0481524	-0.0481524	-0.114629
4.50549	-0.0466757	-0.0466757	-0.111113
4.51548	-0.045233	-0.045233	-0.107679
4.52547	-0.0438236	-0.0438236	-0.104324
4.53546	-0.042447	-0.042447	-0.101047
4.54545	-0.0411024	-0.0411024	-0.0978458
4.55544	-0.0397892	-0.0397892	-0.0947197
4.56543	-0.0385069	-0.0385069	-0.091667
4.57542	-0.0372546	-0.0372546	-0.088686
4.58541	-0.0360319	-0.0360319	-0.0857752
4.5954	-0.034838	-0.034838	-0.0829331
4.60539	-0.0336723	-0.0336723	-0.0801582
4.61538	-0.0325343	-0.0325343	-0.077449
4.62537	-0.0314231	0	-0.0748039
4.63536	-0.0303383	0	-0.0722215
4.64535	-0.0292792	0	-0.0697003
4.65534	-0.0282452	0	-0.0672387
4.66533	-0.0272356	0	-0.0648353
4.67532	-0.0262498	0	-0.0624887
4.68531	-0.0252873	0	-0.0601972
4.6953	-0.0243473	0	-0.0579596
4.70529	-0.0234293	0	-0.0557742
4.71528	-0.0225326	0	-0.0536398
4.72527	-0.0216568	0	-0.0515547
4.73526	-0.0208011	0	-0.0495177
4.74525	-0.0199649	0	-0.0475272
4.75524	-0.0191477	0	-0.0455819
4.76523	-0.0183489	0	-0.0436803
4.77522	-0.0175679	0	-0.041821
4.78521	-0.016804	0	-0.0400026
4.7952	-0.0160568	0	-0.0382237
4.80519	-0.0153255	0	-0.0364829
4.81518	-0.0146097	0	-0.0347789
4.82517	-0.0139087	0	-0.0331103
4.83516	-0.013222	0	-0.0314756
4.84515	-0.0125491	0	-0.0298735
4.85514	-0.0118892	0	-0.0283026
4.86513	-0.0112418	0	-0.0267616
4.87512	-0.0106065	0	-0.0252491
4.88511	-0.00998251	0	-0.0237637
4.8951	-0.00936936	0	-0.0223041
4.90509	-0.00876646	0	-0.0208689
4.91508	-0.00817324	0	-0.0194567
4.92507	-0.00758912	0	-0.0180662
4.93506	-0.00701353	0	-0.016696
4.94505	-0.00644588	0	-0.0153447
4.95504	-0.0058856	0	-0.0140109
4.96503	-0.0053321	0	-0.0126933
4.97502	-0.00478481	0	-0.0113904
4.98501	-0.00424312	0	-0.0101009
4.995	-0.00370645	0	-0.00882334
5.00499	-0.0031742	0	-0.00755631
5.01498	-0.00264577	0	-0.00629836
5.02497	-0.00212055	0	-0.00504804
5.03496	-0.00159791	0	-0.00380389
5.04495	-0.00107725	0	-0.00256443
5.05494	-0.000557923	0	-0.00132816
5.06493	-3.9295e-005	0	-9.35432e-005
5.07492	0.000479284	0	0.00114095
5.08491	0.000998475	0	0.00237691
5.0949	0.00151895	0	0.00361591
5.10489	0.00204139	0	0.00485959
5.11488	0.00256648	0	0.00610961
5.12487	0.00309496	0	0.00736766
5.13486	0.00362753	0	0.00863546
5.14485	0.00416494	0	0.00991478
5.15484	0.00470795	0	0.0112074
5.16483	0.00525734	0	0.0125153
5.17482	0.0058139	0	0.0138402
5.18481	0.00637846	0	0.0151842
5.1948	0.00695186	0	0.0165492
5.20479	0.00753497	0	0.0179373
5.21478	0.00812867	0	0.0193506
5.22477	0.00873389	0	0.0207913
5.23476	0.00935157	0	0.0222618
5.24475	0.0099827	0	0.0237642
5.25474	0.0106283	0	0.025301
5.26473	0.0112894	0	0.0268747
5.27472	0.011967	0	0.028488
5.28471	0.0126624	0	0.0301433
5.2947	0.0133767	0	0.0318436
5.30469	0.014111	0	0.0335917
5.31468	0.0148666	0	0.0353905
5.32467	0.0156449	0	0.0372432
5.33466	0.0164471	0	0.0391529
5.34465	0.0172747	0	0.0411231
5.35464	0.0181292	0	0.0431571
5.36463	0.019012	0	0.0452587
5.37462	0.0199247	0	0.0474315
5.38461	0.0208691	0	0.0496796
5.3946	0.0218467	0	0.0520069
5.40459	0.0228595	0	0.0544179
5.41458	0.0239093	0	0.0569169
5.42457	0.024998	0	0.0595086
5.43456	0.0261277	0	0.0621978
5.44455	0.0273005	0	0.0649897
5.45454	0.0285186	0	0.0678896
5.46453	0.0297845	0	0.070903
5.47452	0.0311004	0	0.0740357
5.48451	0.0324691	0	0.0772939
5.4945	0.0338931	0	0.0806838
5.50449	0.0353753	0	0.0842121
5.51448	0.0369185	0	0.0878858
5.52447	0.0385259	0	0.0917123
5.53446	0.0402007	0	0.0956991
5.54445	0.0419462	0	0.0998544
5.55444	0.043766	0	0.104186
5.56443	0.0456637	0	0.108704
5.57442	0.0476434	0	0.113417
5.58441	0.049709	0	0.118334
5.5944	0.0518648	0	0.123466
5.60439	0.0541154	0	0.128824
5.61438	0.0564654	0	0.134418
5.62437	0.0589198	0	0.140261
5.63436	0.0614837	0	0.146364
5.64435	0.0641627	0	0.152742
5.65434	0.0669625	0	0.159407
5.66433	0.0698891	0	0.166374
5.67432	0.0729489	0	0.173657
5.68431	0.0761484	0	0.181274
5.6943	0.0794947	0	0.18924
5.70429	0.0829951	0	0.197573
5.71428	0.0866575	0	0.206291
5.72427	0.0904898	0	0.215414
5.73426	0.0945006	0	0.224962
5.74425	0.098699	0	0.234957
5.75424	0.103094	0	0.24542
5.76423	0.107697	0	0.256376
5.77422	0.112517	0	0.26785
5.78421	0.117565	0	0.279867
5.7942	0.122853	0	0.292456
5.80419	0.128394	0	0.305646
5.81418	0.134199	0	0.319466
5.82417	0.140284	0	0.333951
5.83416	0.146661	0	0.349132
5.84415	0.153346	0	0.365047
5.85414	0.160356	0	0.381732
5.86413	0.167705	0	0.399228
5.87412	0.175413	0	0.417577
5.88411	0.183497	0	0.436822
5.8941	0.191977	0	0.457009
5.90409	0.200874	0	0.478188
5.91408	0.210209	0	0.500411
5.92407	0.220006	0	0.523731
5.93406	0.230287	0	0.548207
5.94405	0.241079	0	0.573898
5.95404	0.252409	0	0.600868
5.96403	0.264304	0	0.629185
5.97402	0.276794	0	0.658919
5.98401	0.289912	0	0.690146
5.994	0.303689	0	0.722944
6.00399	0.318162	0	0.757396
6.01398	0.333367	0	0.793591
6.02397	0.349342	0	0.831621
6.03396	0.36613	0	0.871585
6.04395	0.383773	0	0.913585
6.05394	0.402317	0	0.957731
6.06393	0.421811	0	1.00414
6.07392	0.442307	0	1.05293
6.08391	0.463857	0	1.10423
6.0939	0.486519	0	1.15818
6.10389	0.510353	0	1.21491
6.11388	0.535423	0	1.27459
6.12387	0.561795	0	1.33737
6.13386	0.589542	0	1.40343
6.14385	0.618738	0	1.47293
6.15384	0.649463	0	1.54607
6.16383	0.6818	0	1.62305
6.17382	0.715837	0	1.70408
6.18381	0.75167	0	1.78938
6.1938	0.789396	0	1.87919
6.20379	0.829121	0	1.97375
6.21378	0.870955	0	2.07334
6.22377	0.915016	0	2.17823
6.23376	0.961428	0	2.28871
6.24375	1.01032	0	2.40511
6.25374	1.06184	0	2.52774
6.26373	1.11612	0	2.65696
6.27372	1.17332	0	2.79313
6.28371	1.23361	0	2.93666
6.2937	1.29717	0	3.08795
6.30369	1.36416	0	3.24744
6.31368	1.4348	0	3.4156
6.32367	1.50929	0	3.59292
6.33366	1.58784	0	3.77992
6.34365	1.6707	0	3.97715
6.35364	1.75809	0	4.1852
6.36363	1.85029	0	4.40468
6.37362	1.94756	0	4.63625
6.38361	2.05021	0	4.8806
6.3936	2.15854	0	5.13848
6.40359	2.27287	0	5.41065
6.41358	2.39356	0	5.69795
6.42357	2.52097	0	6.00125
6.43356	2.65549	0	6.32149
6.44355	2.79754	0	6.65964
6.45354	2.94755	0	7.01675
6.46353	3.10599	0	7.39392
6.47352	3.27335	0	7.79234
6.48351	3.45016	0	8.21324
6.4935	3.63697	0	8.65795
6.50349	3.83437	0	9.12786
6.51348	4.04299	0	9.62447
6.52347	4.26347	0	10.1494
6.53346	4.49654	0	10.7042
6.54345	4.74293	0	11.2907
6.55344	5.00344	0	11.9109
6.56343	5.27891	0	12.5666
6.57342	5.57023	0	13.2601
6.58341	5.87835	0	13.9936
6.5934	6.20427	0	14.7695
6.60339	6.54906	0	15.5903
6.61338	6.91387	0	16.4587
6.62337	7.29989	0	17.3776
6.63336	7.7084	0	18.3501
6.64335	8.14077	0	19.3794
6.65334	8.59844	0	20.4689
6.66333	9.08295	0	21.6223
6.67332	9.59593	0	22.8435
6.68331	10.1391	0	24.1365
6.6933	10.7144	0	25.5059
6.70329	11.3236	0	26.9563
6.71328	11.969	0	28.4925
6.72327	12.6526	0	30.12
6.73326	13.377	0	31.8444
6.74325	14.1445	0	33.6715
6.75324	14.9579	0	35.6077
6.76323	15.8199	0	37.6599
6.77322	16.7337	0	39.8352
6.78321	17.7024	0	42.1412
6.7932	18.7294	0	44.5861
6.80319	19.8184	0	47.1785
6.81318	20.9733	0	49.9277
6.82317	22.1981	0	52.8434
6.83316	23.4973	0	55.9362
6.84315	24.8755	0	59.2171
6.85314	26.3378	0	62.698
6.86313	27.8893	0	66.3915
6.87312	29.5358	0	70.311
6.88311	31.2832	0	74.4708
6.8931	33.138	0	78.8863
6.90309	35.107	0	83.5735
6.91308	37.1974	0	88.5498
6.92307	39.4171	0	93.8337
6.93306	41.7741	0	99.4448
6.94305	44.2774	0	105.404
6.95304	46.9364	0	111.734
6.96303	49.7609	0	118.458
6.97302	52.7617	0	125.601
6.98301	55.9502	0	133.191
6.993	59.3384	0	141.257
7.00299	62.9393	0	149.829
7.01298	66.7667	0	158.94
7.02297	70.8352	0	168.626
7.03296	75.1606	0	178.922
7.04295	79.7595	0	189.87
7.05294	84.65	0	201.512
7.06293	89.8509	0	213.893
7.07292	95.3827	0	227.062
7.08291	101.267	0	241.07
7.0929	107.527	0	255.972
7.10289	114.188	0	271.828
7.11288	121.275	0	288.701
7.12287	128.818	0	306.656
7.13286	136.846	0	325.767
7.14285	145.392	0	346.11
7.15284	154.489	0	367.767
7.16283	164.175	0	390.824
7.17282	174.489	0	415.377
7.18281	185.472	0	441.523
7.1928	197.17	0	469.371
7.20279	209.631	0	499.034
7.21278	222.905	0	530.635
7.22277	237.048	0	564.302
7.23276	252.118	0	600.176
7.24275	268.177	0	638.406
7.25274	285.293	0	679.15
7.26273	303.536	0	722.58
7.27272	322.985	0	768.877
7.28271	343.719	0	818.236
7.2927	365.827	0	870.865
7.30269	389.403	0	926.989
7.31268	414.547	0	986.844
7.32267	441.366	0	1050.69
7.33266	469.975	0	1118.79
7.34265	500.497	0	1191.45
7.35264	533.063	0	1268.98
7.36263	567.814	0	1351.7
7.37262	604.901	0	1439.99
7.38261	644.486	0	1534.22
7.3926	686.742	0	1634.81
7.40259	731.853	0	1742.2
7.41258	780.018	0	1856.86
7.42257	831.449	0	1979.29
7.43256	886.375	0	2110.05
7.44255	945.039	0	2249.7
7.45254	1007.7	0	2398.87
7.46253	1074.65	0	2558.23
7.47252	1146.17	0	2728.5
7.48251	1222.6	0	2910.43
7.4925	1304.27	0	3104.86
7.50249	1391.56	0	3312.65
7.51248	1484.86	0	3534.77
7.52247	1584.61	0	3772.21
7.53246	1691.24	0	4026.07
7.54245	1805.27	0	4297.51
7.55244	1927.2	0	4587.78
7.56243	2057.61	0	4898.22
7.57242	2197.1	0	5230.27
7.58241	2346.31	0	5585.48
7.5924	2505.95	0	5965.49
7.60239	2676.75	0	6372.1
7.61238	2859.53	0	6807.21
7.62237	3055.14	0	7272.86
7.63236	3264.5	0	7771.26
7.64235	3488.62	0	8304.78
7.65234	3728.55	0	8875.94
7.66233	3985.44	0	9487.47
7.67232	4260.51	0	10142.3
7.68231	4555.1	0	10843.6
7.6923	4870.62	0	11594.7
7.70229	5208.58	0	12399.2
7.71228	5570.64	0	13261.1
7.72227	5958.55	0	14184.5
7.73226	6374.2	0	15174
7.74225	6819.63	0	16234.4
7.75224	7297.02	0	17370.8
7.76223	7808.72	0	18588.9
7.77222	8357.26	0	19894.8
7.78221	8945.36	0	21294.8
7.7922	9575.94	0	22795.9
7.80219	10252.1	0	24405.6
7.81218	10977.3	0	26132
7.82217	11755.2	0	27983.7
7.83216	12589.6	0	29970
7.84215	13484.8	0	32100.9
7.85214	14445.2	0	34387.4
7.86213	15475.9	0	36840.8
7.87212	16581.9	0	39473.8
7.88211	17769	0	42299.9
7.8921	19043.3	0	45333.4
7.90209	20411.3	0	48589.9
7.91208	21880.1	0	52086.4
7.92207	23457.2	0	55840.8
7.93206	25150.9	0	59872.6
7.94205	26969.9	0	64202.8
7.95204	28923.7	0	68854
7.96203	31022.7	0	73850.6
7.97202	33277.7	0	79218.8
7.98201	35700.7	0	84986.8
7.992	38304.4	0	91185.1
8.00199	41102.7	0	97846.5
8.01198	44110.5	0	105007
8.02197	47343.7	0	112703
8.03196	50819.6	0	120978
8.04195	54556.9	0	129875
8.05194	58575.7	0	139442
8.06193	62897.7	0	149730
8.07192	67546.1	0	160796
8.08191	72546.3	0	172699
8.0919	77925.5	0	185505
8.10189	83713	0	199282
8.11188	89940.5	0	214107
8.12187	96642.2	0	230060
8.13186	103855	0	247230
8.14185	111619	0	265712
8.15184	119976	0	285607
8.16183	128974	0	307027
8.17182	138662	0	330090
8.18181	149095	0	354926
8.1918	160331	0	381674
8.20179	172433	0	410483
8.21178	185469	0	441517
8.22177	199514	0	474950
8.23176	214646	0	510972
8.24175	230952	0	549789
8.25174	248524	0	591620
8.26173	267463	0	636706
8.27172	287878	0	685305
8.28171	309886	0	737696
8.2917	333615	0	794181
8.30169	359200	0	855088
8.31168	386790	0	920769
8.32167	416547	0	991606
8.33166	448643	0	1.06801e+006
8.34165	483267	0	1.15043e+006
8.35164	520621	0	1.23936e+006
8.36163	560925	0	1.3353e+006
8.37162	604417	0	1.43884e+006
8.38161	651354	0	1.55057e+006
8.3916	702014	0	1.67117e+006
8.40159	756699	0	1.80135e+006
8.41158	815735	0	1.94189e+006
8.42157	879476	0	2.09362e+006
8.43156	948303	0	2.25747e+006
8.44155	1.02263e+006	0	2.43441e+006
8.45154	1.10291e+006	0	2.62551e+006
8.46153	1.18962e+006	0	2.83193e+006
8.47152	1.28329e+006	0	3.05492e+006
8.48151	1.38449e+006	0	3.29583e+006
8.4915	1.49384e+006	0	3.55614e+006
8.50149	1.61201e+006	0	3.83744e+006
8.51148	1.73971e+006	0	4.14145e+006
8.52147	1.87775e+006	0	4.47004e+006
8.53146	2.02696e+006	0	4.82524e+006
8.54145	2.18827e+006	0	5.20925e+006
8.55144	2.36268e+006	0	5.62444e+006
8.56143	2.55128e+006	0	6.07341e+006
8.57142	2.75523e+006	0	6.55894e+006
8.58141	2.97583e+006	0	7.08407e+006
8.5914	3.21444e+006	0	7.6521e+006
8.60139	3.47257e+006	0	8.26659e+006
8.61138	3.75185e+006	0	8.93142e+006
8.62137	4.05404e+006	0	9.65079e+006
8.63136	4.38106e+006	0	1.04293e+007
8.64135	4.73498e+006	0	1.12718e+007
8.65134	5.11806e+006	0	1.21837e+007
8.66133	5.53274e+006	0	1.31709e+007
8.67132	5.98169e+006	0	1.42396e+007
8.68131	6.46779e+006	0	1.53968e+007
8.6913	6.99416e+006	0	1.66498e+007
8.70129	7.56421e+006	0	1.80069e+007
8.71128	8.18163e+006	0	1.94767e+007
8.72127	8.85042e+006	0	2.10688e+007
8.73126	9.57495e+006	0	2.27935e+007
8.74125	1.03599e+007	0	2.46622e+007
8.75124	1.12105e+007	0	2.6687e+007
8.76123	1.21323e+007	0	2.88813e+007
8.77122	1.31313e+007	0	3.12595e+007
8.78121	1.42141e+007	0	3.38372e+007
8.7912	1.53879e+007	0	3.66315e+007
8.80119	1.66605e+007	0	3.9661e+007
8.81118	1.80404e+007	0	4.29458e+007
8.82117	1.95367e+007	0	4.65078e+007
8.83116	2.11594e+007	0	5.03707e+007
8.84115	2.29195e+007	0	5.45606e+007
8.85114	2.48286e+007	0	5.91055e+007
8.86113	2.68998e+007	0	6.4036e+007
8.87112	2.9147e+007	0	6.93855e+007
8.88111	3.15854e+007	0	7.51902e+007
8.8911	3.42316e+007	0	8.14895e+007
8.90109	3.71035e+007	0	8.83263e+007
8.91108	4.02209e+007	0	9.57473e+007
8.92107	4.36049e+007	0	1.03803e+008
8.93106	4.72789e+007	0	1.12549e+008
8.94105	5.12681e+007	0	1.22046e+008
8.95104	5.56e+007	0	1.32358e+008
8.96103	6.03046e+007	0	1.43557e+008
8.97102	6.54144e+007	0	1.55721e+008
8.98101	7.09651e+007	0	1.68935e+008
8.991	7.69951e+007	0	1.8329e+008
9.00099	8.35468e+007	0	1.98886e+008
9.01098	9.0666e+007	0	2.15834e+008
9.02097	9.84026e+007	0	2.34251e+008
9.03096	1.06811e+008	0	2.54268e+008
9.04095	1.15951e+008	0	2.76025e+008
9.05094	1.25886e+008	0	2.99677e+008
9.06093	1.36689e+008	0	3.25392e+008
9.07092	1.48434e+008	0	3.53352e+008
9.08091	1.61206e+008	0	3.83757e+008
9.0909	1.75096e+008	0	4.16823e+008
9.10089	1.90204e+008	0	4.52789e+008
9.11088	2.06639e+008	0	4.91911e+008
9.12087	2.24518e+008	0	5.34473e+008
9.13086	2.43971e+008	0	5.80781e+008
9.14085	2.65138e+008	0	6.31171e+008
9.15084	2.88173e+008	0	6.86007e+008
9.16083	3.13244e+008	0	7.45689e+008
9.17082	3.40534e+008	0	8.10653e+008
9.18081	3.70241e+008	0	8.81373e+008
9.1908	4.02584e+008	0	9.58367e+008
9.20079	4.37801e+008	0	1.0422e+009
9.21078	4.7615e+008	0	1.13349e+009
9.22077	5.17915e+008	0	1.23292e+009
9.23076	5.63405e+008	0	1.34121e+009
9.24075	6.12958e+008	0	1.45917e+009
9.25074	6.66942e+008	0	1.58768e+009
9.26073	7.25759e+008	0	1.7277e+009
9.27072	7.8985e+008	0	1.88027e+009
9.28071	8.59695e+008	0	2.04654e+009
9.2907	9.35819e+008	0	2.22775e+009
9.30069	1.01879e+009	0	2.42528e+009
9.31068	1.10925e+009	0	2.6406e+009
9.32067	1.20786e+009	0	2.87536e+009
9.33066	1.31539e+009	0	3.13134e+009
9.34065	1.43265e+009	0	3.41047e+009
9.35064	1.56052e+009	0	3.71489e+009
9.36063	1.7e+009	0	4.04692e+009
9.37062	1.85215e+009	0	4.40911e+009
9.38061	2.01813e+009	0	4.80424e+009
9.3906	2.19923e+009	0	5.23535e+009
9.40059	2.39684e+009	0	5.70577e+009
9.41058	2.61249e+009	0	6.21914e+009
9.42057	2.84786e+009	0	6.77943e+009
9.43056	3.10477e+009	0	7.39101e+009
9.44055	3.38522e+009	0	8.05864e+009
9.45054	3.69141e+009	0	8.78753e+009
9.46053	4.02573e+009	0	9.58339e+009
9.47052	4.3908e+009	0	1.04525e+010
9.48051	4.78951e+009	0	1.14016e+010
9.4905	5.22498e+009	0	1.24383e+010
9.50049	5.70067e+009	0	1.35707e+010
9.51048	6.22035e+009	0	1.48078e+010
9.52047	6.78814e+009	0	1.61594e+010
9.53046	7.40856e+009	0	1.76363e+010
9.54045	8.08656e+009	0	1.92504e+010
9.55044	8.82758e+009	0	2.10144e+010
9.56043	9.63754e+009	0	2.29425e+010
9.57042	1.0523e+010	0	2.50503e+010
9.58041	1.1491e+010	0	2.73547e+010
9.5904	1.25494e+010	0	2.98743e+010
9.60039	1.37068e+010	0	3.26296e+010
9.61038	1.49726e+010	0	3.56428e+010
9.62037	1.6357e+010	0	3.89385e+010
9.63036	1.78714e+010	0	4.25436e+010
9.64035	1.95282e+010	0	4.64875e+010
9.65034	2.13408e+010	0	5.08025e+010
9.66033	2.33242e+010	0	5.5524e+010
9.67032	2.54947e+010	0	6.0691e+010
9.68031	2.78702e+010	0	6.63459e+010
9.6903	3.04703e+010	0	7.25357e+010
9.70029	3.33166e+010	0	7.93115e+010
9.71028	3.64328e+010	0	8.67296e+010
9.72027	3.98447e+010	0	9.48518e+010
9.73026	4.35809e+010	0	1.03746e+011
9.74025	4.76726e+010	0	1.13486e+011
9.75024	5.21541e+010	0	1.24155e+011
9.76023	5.70631e+010	0	1.35841e+011
9.77022	6.24408e+010	0	1.48643e+011
9.78021	6.83328e+010	0	1.62669e+011
9.7902	7.47888e+010	0	1.78037e+011
9.80019	8.18636e+010	0	1.94879e+011
9.81018	8.96174e+010	0	2.13338e+011
9.82017	9.81162e+010	0	2.33569e+011
9.83016	1.07433e+011	0	2.55747e+011
9.84015	1.17646e+011	0	2.80061e+011
9.85014	1.28845e+011	0	3.0672e+011
9.86013	1.41125e+011	0	3.35953e+011
9.87012	1.54592e+011	0	3.68012e+011
9.88011	1.69362e+011	0	4.03173e+011
9.8901	1.85564e+011	0	4.41742e+011
9.90009	2.03338e+011	0	4.84052e+011
9.91008	2.22837e+011	0	5.30473e+011
9.92007	2.44234e+011	0	5.81407e+011
9.93006	2.67713e+011	0	6.37302e+011
9.94005	2.93482e+011	0	6.98644e+011
9.95004	3.21766e+011	0	7.65974e+011
9.96003	3.52813e+011	0	8.39884e+011
9.97002	3.86898e+011	0	9.21024e+011
9.98001	4.24321e+011	0	1.01011e+012
9.99	4.65415e+011	0	1.10794e+012
