0	0.586559	0.586559	1
0.00999	0.584375	0.584375	0.996278
0.01998	0.577837	0.577837	0.985132
0.02997	0.566994	0.566994	0.966645
0.03996	0.551925	0.551925	0.940954
0.04995	0.532743	0.532743	0.908253
0.05994	0.509592	0.509592	0.868783
0.06993	0.482644	0.482644	0.82284
0.07992	0.452099	0.452099	0.770765
0.08991	0.418185	0.418185	0.712947
0.0999	0.381156	0.381156	0.649818
0.10989	0.341287	0.341287	0.581846
0.11988	0.298875	0.298875	0.50954
0.12987	0.254236	0.254236	0.433437
0.13986	0.207704	0.207704	0.354106
0.14985	0.159624	0.159624	0.272136
0.15984	0.110355	0.110355	0.188139
0.16983	0.0602635	0.0602635	0.102741
0.17982	0.00972344	0.00972344	0.0165771
0.18981	-0.040889	-0.040889	-0.0697101
0.1998	-0.091197	-0.091197	-0.155478
0.20979	-0.140826	-0.140826	-0.240088
0.21978	-0.189406	-0.189406	-0.32291
0.22977	-0.236576	-0.236576	-0.403328
0.23976	-0.281984	-0.281984	-0.480743
0.24975	-0.325293	-0.325293	-0.554578
0.25974	-0.36618	-0.36618	-0.624285
0.26973	-0.404342	-0.404342	-0.689346
0.27972	-0.439494	-0.439494	-0.749275
0.28971	-0.471375	-0.471375	-0.803628
0.2997	-0.499749	-0.499749	-0.852001
0.30969	-0.524404	-0.524404	-0.894035
0.31968	-0.545158	-0.545158	-0.929418
0.32967	-0.561857	-0.561857	-0.957887
0.33966	-0.574377	-0.574377	-0.979233
0.34965	-0.582626	-0.582626	-0.993296
0.35964	-0.586543	-0.586543	-0.999974
0.36963	-0.5861	-0.5861	-0.999219
0.37962	-0.581301	-0.581301	-0.991036
0.38961	-0.572182	-0.572182	-0.97549
0.3996	-0.558811	-0.558811	-0.952695
0.40959	-0.54129	-0.54129	-0.922824
0.41958	-0.519749	-0.519749	-0.886099
0.42957	-0.494349	-0.494349	-0.842795
0.43956	-0.465279	-0.465279	-0.793235
0.44955	-0.432756	-0.432756	-0.737788
0.45954	-0.397022	-0.397022	-0.676867
0.46953	-0.358343	-0.358343	-0.610925
0.47952	-0.317007	-0.317007	-0.540453
0.48951	-0.273321	-0.273321	-0.465975
0.4995	-0.22761	-0.22761	-0.388043
0.50949	-0.180212	-0.180212	-0.307237
0.51948	-0.13148	-0.13148	-0.224155
0.52947	-0.0817746	-0.0817746	-0.139414
0.53946	-0.0314638	-0.0314638	-0.0536414
0.54945	0.0190798	0.0190798	0.0325283
0.55944	0.0694823	0.0694823	0.118458
0.56943	0.119371	0.119371	0.203511
0.57942	0.168378	0.168378	0.287061
0.58941	0.216142	0.216142	0.368492
0.5994	0.26231	0.26231	0.447203
0.60939	0.306544	0.306544	0.522614
0.61938	0.348517	0.348517	0.594172
0.62937	0.387921	0.387921	0.661351
0.63936	0.424469	0.424469	0.72366
0.64935	0.457892	0.457892	0.780641
0.65934	0.487946	0.487946	0.83188
0.66933	0.514414	0.514414	0.877003
0.67932	0.537101	0.537101	0.915682
0.68931	0.555846	0.555846	0.947639
0.6993	0.570512	0.570512	0.972643
0.70929	0.580995	0.580995	0.990516
0.71928	0.587223	0.587223	1.00113
0.72927	0.589151	0.589151	1.00442
0.73926	0.586771	0.586771	1.00036
0.74925	0.580102	0.580102	0.988993
0.75924	0.569198	0.569198	0.970403
0.76923	0.554141	0.554141	0.944733
0.77922	0.535046	0.535046	0.912179
0.78921	0.512055	0.512055	0.872983
0.7992	0.48534	0.48534	0.827437
0.80919	0.455098	0.455098	0.775878
0.81918	0.421553	0.421553	0.718689
0.82917	0.384951	0.384951	0.656288
0.83916	0.345562	0.345562	0.589135
0.84915	0.303673	0.303673	0.51772
0.85914	0.25959	0.25959	0.442565
0.86913	0.213634	0.213634	0.364216
0.87912	0.166139	0.166139	0.283243
0.88911	0.117448	0.117448	0.200232
0.8991	0.0679124	0.0679124	0.115781
0.90909	0.0178898	0.0178898	0.0304996
0.91908	-0.032261	-0.032261	-0.0550006
0.92907	-0.0821812	-0.0821812	-0.140107
0.93906	-0.131514	-0.131514	-0.224214
0.94905	-0.17991	-0.17991	-0.306721
0.95904	-0.227025	-0.227025	-0.387045
0.96903	-0.272526	-0.272526	-0.464618
0.97902	-0.316094	-0.316094	-0.538896
0.98901	-0.357424	-0.357424	-0.609357
0.999	-0.396227	-0.396227	-0.675511
1.00899	-0.432235	-0.432235	-0.736901
1.01898	-0.465201	-0.465201	-0.793102
1.02897	-0.494898	-0.494898	-0.843731
1.03896	-0.521125	-0.521125	-0.888445
1.04895	-0.543707	-0.543707	-0.926944
1.05894	-0.562494	-0.562494	-0.958973
1.06893	-0.577364	-0.577364	-0.984324
1.07892	-0.588222	-0.588222	-1.00284
1.08891	-0.595004	-0.595004	-1.0144
1.0989	-0.597673	-0.597673	-1.01895
1.10889	-0.59622	-0.59622	-1.01647
1.11888	-0.590667	-0.590667	-1.00701
1.12887	-0.581064	-0.581064	-0.990632
1.13886	-0.567486	-0.567486	-0.967484
1.14885	-0.550038	-0.550038	-0.937738
1.15884	-0.528851	-0.528851	-0.901617
1.16883	-0.504079	-0.504079	-0.859383
1.17882	-0.4759	-0.4759	-0.811342
1.18881	-0.444515	-0.444515	-0.757836
1.1988	-0.410146	-0.410146	-0.699242
1.20879	-0.373033	-0.373033	-0.635969
1.21878	-0.333433	-0.333433	-0.568456
1.22877	-0.291617	-0.291617	-0.497165
1.23876	-0.24787	-0.24787	-0.422584
1.24875	-0.202489	-0.202489	-0.345215
1.25874	-0.155777	-0.155777	-0.265578
1.26873	-0.108046	-0.108046	-0.184203
1.27872	-0.0596106	-0.0596106	-0.101628
1.28871	-0.0107882	-0.0107882	-0.0183923
1.2987	0.0381042	0.0381042	0.0649623
1.30869	0.0867517	0.0867517	0.1479
1.31868	0.134844	0.134844	0.22989
1.32867	0.182077	0.182077	0.310416
1.33866	0.228155	0.228155	0.388972
1.34865	0.272793	0.272793	0.465074
1.35864	0.315718	0.315718	0.538255
1.36863	0.35667	0.35667	0.608073
1.37862	0.395406	0.395406	0.674112
1.38861	0.431697	0.431697	0.735983
1.3986	0.465335	0.465335	0.793331
1.40859	0.496129	0.496129	0.84583
1.41858	0.523908	0.523908	0.893189
1.42857	0.548522	0.548522	0.935154
1.43856	0.569845	0.569845	0.971505
1.44855	0.587768	0.587768	1.00206
1.45854	0.602209	0.602209	1.02668
1.46853	0.613105	0.613105	1.04526
1.47852	0.620417	0.620417	1.05772
1.48851	0.624128	0.624128	1.06405
1.4985	0.624242	0.624242	1.06425
1.50849	0.620786	0.620786	1.05835
1.51848	0.613805	0.613805	1.04645
1.52847	0.603368	0.603368	1.02866
1.53846	0.589561	0.589561	1.00512
1.54845	0.572486	0.572486	0.976009
1.55844	0.552267	0.552267	0.941538
1.56843	0.52904	0.52904	0.90194
1.57842	0.502958	0.502958	0.857473
1.58841	0.474187	0.474187	0.808422
1.5984	0.442904	0.442904	0.755089
1.60839	0.409298	0.409298	0.697795
1.61838	0.373566	0.373566	0.636877
1.62837	0.335914	0.335914	0.572686
1.63836	0.296554	0.296554	0.505583
1.64835	0.255702	0.255702	0.435936
1.65834	0.213578	0.213578	0.364121
1.66833	0.170404	0.170404	0.290515
1.67832	0.126402	0.126402	0.215497
1.68831	0.0817927	0.0817927	0.139445
1.6983	0.0367957	0.0367957	0.0627315
1.70829	-0.00837385	-0.00837385	-0.0142762
1.71828	-0.0535052	-0.0535052	-0.0912189
1.72827	-0.0983937	-0.0983937	-0.167747
1.73826	-0.142841	-0.142841	-0.243524
1.74825	-0.186658	-0.186658	-0.318226
1.75824	-0.229663	-0.229663	-0.391543
1.76823	-0.271684	-0.271684	-0.463183
1.77822	-0.31256	-0.31256	-0.532871
1.78821	-0.352141	-0.352141	-0.600351
1.7982	-0.390288	-0.390288	-0.665386
1.80819	-0.426873	-0.426873	-0.727758
1.81818	-0.461782	-0.461782	-0.787273
1.82817	-0.494912	-0.494912	-0.843755
1.83816	-0.526173	-0.526173	-0.897051
1.84815	-0.555487	-0.555487	-0.947028
1.85814	-0.582791	-0.582791	-0.993577
1.86813	-0.608031	-0.608031	-1.03661
1.87812	-0.631167	-0.631167	-1.07605
1.88811	-0.652171	-0.652171	-1.11186
1.8981	-0.671027	-0.671027	-1.14401
1.90809	-0.687729	-0.687729	-1.17248
1.91808	-0.702284	-0.702284	-1.1973
1.92807	-0.714706	-0.714706	-1.21847
1.93806	-0.725023	-0.725023	-1.23606
1.94805	-0.733269	-0.733269	-1.25012
1.95804	-0.739487	-0.739487	-1.26072
1.96803	-0.743729	-0.743729	-1.26795
1.97802	-0.746053	-0.746053	-1.27192
1.98801	-0.746527	-0.746527	-1.27272
1.998	-0.745219	-0.745219	-1.27049
2.00799	-0.742209	-0.742209	-1.26536
2.01798	-0.737575	-0.737575	-1.25746
2.02797	-0.731404	-0.731404	-1.24694
2.03796	-0.723784	-0.723784	-1.23395
2.04795	-0.714805	-0.714805	-1.21864
2.05794	-0.70456	-0.70456	-1.20118
2.06793	-0.693143	-0.693143	-1.18171
2.07792	-0.680648	-0.680648	-1.16041
2.08791	-0.667171	-0.667171	-1.13743
2.0979	-0.652805	-0.652805	-1.11294
2.10789	-0.637644	-0.637644	-1.08709
2.11788	-0.621781	-0.621781	-1.06005
2.12787	-0.605304	-0.605304	-1.03196
2.13786	-0.588303	-0.588303	-1.00297
2.14785	-0.570863	-0.570863	-0.973241
2.15784	-0.553066	-0.553066	-0.9429
2.16783	-0.534992	-0.534992	-0.912087
2.17782	-0.516718	-0.516718	-0.880931
2.18781	-0.498314	-0.498314	-0.849556
2.1978	-0.479851	-0.479851	-0.818079
2.20779	-0.461393	-0.461393	-0.786611
2.21778	-0.443001	-0.443001	-0.755255
2.22777	-0.424732	-0.424732	-0.724108
2.23776	-0.406638	-0.406638	-0.69326
2.24775	-0.388767	-0.388767	-0.662793
2.25774	-0.371165	-0.371165	-0.632784
2.26773	-0.353871	-0.353871	-0.6033
2.27772	-0.336922	-0.336922	-0.574404
2.28771	-0.320349	-0.320349	-0.54615
2.2977	-0.304182	-0.304182	-0.518588
2.30769	-0.288446	-0.288446	-0.491759
2.31768	-0.273161	-0.273161	-0.4657
2.32767	-0.258345	-0.258345	-0.440441
2.33766	-0.244012	-0.244012	-0.416007
2.34765	-0.230175	-0.230175	-0.392416
2.35764	-0.216842	-0.216842	-0.369684
2.36763	-0.204017	-0.204017	-0.34782
2.37762	-0.191704	-0.191704	-0.326829
2.38761	-0.179905	-0.179905	-0.306712
2.3976	-0.168616	-0.168616	-0.287467
2.40759	-0.157835	-0.157835	-0.269087
2.41758	-0.147556	-0.147556	-0.251563
2.42757	-0.137772	-0.137772	-0.234882
2.43756	-0.128474	-0.128474	-0.21903
2.44755	-0.119652	-0.119652	-0.20399
2.45754	-0.111295	-0.111295	-0.189743
2.46753	-0.103391	-0.103391	-0.176267
2.47752	-0.095926	-0.095926	-0.16354
2.48751	-0.0888865	-0.0888865	-0.151539
2.4975	-0.0822581	-0.0822581	-0.140238
2.50749	-0.0760256	-0.0760256	-0.129613
2.51748	-0.0701739	-0.0701739	-0.119637
2.52747	-0.0646871	-0.0646871	-0.110282
2.53746	-0.0595496	-0.0595496	-0.101524
2.54745	-0.0547455	-0.0547455	-0.0933334
2.55744	-0.0502589	-0.0502589	-0.0856844
2.56743	-0.0460741	-0.0460741	-0.0785499
2.57742	-0.0421754	-0.0421754	-0.0719032
2.58741	-0.0385476	-0.0385476	-0.0657182
2.5974	-0.0351753	-0.0351753	-0.0599689
2.60739	-0.0320438	-0.0320438	-0.0546301
2.61738	-0.0291385	-0.0291385	-0.0496771
2.62737	-0.0264454	-0.0264454	-0.0450857
2.63736	-0.0239507	-0.0239507	-0.0408325
2.64735	-0.0216409	-0.0216409	-0.0368947
2.65734	-0.0195032	-0.0195032	-0.0332503
2.66733	-0.0175251	-0.0175251	-0.0298778
2.67732	-0.0156943	-0.0156943	-0.0267566
2.68731	-0.0139992	-0.0139992	-0.0238667
2.6973	-0.0124285	-0.0124285	-0.0211888
2.70729	-0.010971	-0.010971	-0.0187041
2.71728	-0.00961631	-0.00961631	-0.0163945
2.72727	-0.00835396	-0.00835396	-0.0142423
2.73726	-0.00717391	-0.00717391	-0.0122305
2.74725	-0.00606633	-0.00606633	-0.0103422
2.75724	-0.00502155	-0.00502155	-0.00856104
2.76723	-0.00403004	-0.00403004	-0.00687066
2.77722	-0.00308232	-0.00308232	-0.00525492
2.78721	-0.00216887	-0.00216887	-0.00369762
2.7972	-0.00128011	-0.00128011	-0.0021824
2.80719	-0.000406239	-0.000406239	-0.00069258
2.81718	0.000462822	0	0.000789046
2.82717	0.00133757	0	0.00228037
2.83716	0.00222906	0	0.00380023
2.84715	0.00314903	0	0.00536865
2.85714	0.00411011	0	0.00700716
2.86713	0.00512601	0	0.00873912
2.87712	0.00621173	0	0.0105901
2.88711	0.00738385	0	0.0125884
2.8971	0.00866085	0	0.0147655
2.90709	0.0100634	0	0.0171567
2.91708	0.0116149	0	0.0198017
2.92707	0.0133417	0	0.0227457
2.93706	0.0152741	0	0.0260401
2.94705	0.0174464	0	0.0297436
2.95704	0.0198982	0	0.0339237
2.96703	0.0226752	0	0.038658
2.97702	0.0258298	0	0.0440362
2.98701	0.0294229	0	0.0501619
2.997	0.033525	0	0.0571555
3.00699	0.0382181	0	0.0651565
3.01698	0.0435976	0	0.0743277
3.02697	0.0497745	0	0.0848585
3.03696	0.0568787	0	0.0969703
3.04695	0.065062	0	0.110922
3.05694	0.0745019	0	0.127015
3.06693	0.0854067	0	0.145607
3.07692	0.0980208	0	0.167112
3.08691	0.112631	0	0.19202
3.0969	0.129576	0	0.220909
3.10689	0.149253	0	0.254455
3.11688	0.172132	0	0.29346
3.12687	0.198766	0	0.338868
3.13686	0.229811	0	0.391796
3.14685	0.266043	0	0.453565
3.15684	0.308378	0	0.525741
3.16683	0.357908	0	0.610182
3.17682	0.415924	0	0.709093
3.18681	0.483966	0	0.825095
3.1968	0.563864	0	0.961309
3.20679	0.657799	0	1.12146
3.21678	0.768373	0	1.30997
3.22677	0.898695	0	1.53215
3.23676	1.05248	0	1.79433
3.24675	1.23418	0	2.1041
3.25674	1.44912	0	2.47055
3.26673	1.70371	0	2.90458
3.27672	2.00562	0	3.4193
3.28671	2.36411	0	4.03048
3.2967	2.79031	0	4.75709
3.30669	3.29764	0	5.62201
3.31668	3.9023	0	6.65287
3.32667	4.62386	0	7.88304
3.33666	5.48602	0	9.3529
3.34665	6.51747	0	11.1114
3.35664	7.75299	0	13.2178
3.36663	9.23486	0	15.7441
3.37662	11.0144	0	18.7781
3.38661	13.1542	0	22.4261
3.3966	15.7304	0	26.8182
3.40659	18.836	0	32.1128
3.41658	22.5846	0	38.5036
3.42657	27.115	0	46.2273
3.43656	32.5974	0	55.574
3.44655	39.2403	0	66.8992
3.45654	47.2997	0	80.6394
3.46653	57.0904	0	97.3311
3.47652	68.9996	0	117.635
3.48651	83.5045	0	142.363
3.4965	101.194	0	172.521
3.50649	122.794	0	209.347
3.51648	149.206	0	254.375
3.52647	181.542	0	309.504
3.53646	221.184	0	377.087
3.54645	269.844	0	460.047
3.55644	329.655	0	562.016
3.56643	403.268	0	687.515
3.57642	493.987	0	842.178
3.58641	605.935	0	1033.03
3.5964	744.263	0	1268.86
3.60639	915.415	0	1560.65
3.61638	1127.46	0	1922.16
3.62637	1390.52	0	2370.65
3.63636	1717.31	0	2927.77
3.64635	2123.8	0	3620.78
3.65634	2630.12	0	4483.98
3.66633	3261.62	0	5560.6
3.67632	4050.32	0	6905.22
3.68631	5036.68	0	8586.83
3.6963	6271.91	0	10692.7
3.70629	7820.9	0	13333.5
3.71628	9765.97	0	16649.6
3.72627	12211.7	0	20819.3
3.73626	15291.3	0	26069.5
3.74625	19174.1	0	32689.2
3.75624	24076.5	0	41047.1
3.76623	30274.7	0	51614.2
3.77622	38121.9	0	64992.6
3.78621	48070.6	0	81953.6
3.7962	60700.9	0	103487
3.80619	76757.8	0	130861
3.81618	97199.4	0	165711
3.82617	123259	0	210139
3.83616	156527	0	266856
3.84615	199056	0	339363
3.85614	253502	0	432185
3.86613	323299	0	551179
3.87612	412903	0	703941
3.88611	528095	0	900329
3.8961	676393	0	1.15316e+006
3.90609	867580	0	1.4791e+006
3.91608	1.11441e+006	0	1.89991e+006
3.92607	1.43353e+006	0	2.44396e+006
3.93606	1.84669e+006	0	3.14834e+006
3.94605	2.38237e+006	0	4.06161e+006
3.95604	3.0779e+006	0	5.24739e+006
3.96603	3.98227e+006	0	6.7892e+006
3.97602	5.15986e+006	0	8.79683e+006
3.98601	6.69543e+006	0	1.14148e+007
3.996	8.70067e+006	0	1.48334e+007
4.00599	1.1323e+007	0	1.93042e+007
4.01598	1.47574e+007	0	2.51592e+007
4.02597	1.92616e+007	0	3.28384e+007
4.03596	2.51777e+007	0	4.29244e+007
4.04595	3.29594e+007	0	5.61911e+007
4.05594	4.32099e+007	0	7.36668e+007
4.06593	5.67323e+007	0	9.67206e+007
4.07592	7.4597e+007	0	1.27177e+008
4.08591	9.8233e+007	0	1.67473e+008
4.0959	1.29551e+008	0	2.20866e+008
4.10589	1.71108e+008	0	2.91714e+008
4.11588	2.26333e+008	0	3.85866e+008
4.12587	2.99831e+008	0	5.1117e+008
4.13586	3.97792e+008	0	6.7818e+008
4.14585	5.28553e+008	0	9.01109e+008
4.15584	7.03355e+008	0	1.19912e+009
4.16583	9.3738e+008	0	1.5981e+009
4.17582	1.25116e+009	0	2.13305e+009
4.18581	1.67251e+009	0	2.85139e+009
4.1958	2.23914e+009	0	3.81742e+009
4.20579	3.00231e+009	0	5.11851e+009
4.21578	4.03172e+009	0	6.87351e+009
4.22577	5.42235e+009	0	9.24435e+009
4.23576	7.30381e+009	0	1.2452e+010
4.24575	9.85317e+009	0	1.67983e+010
4.25574	1.33128e+010	0	2.26964e+010
4.26573	1.80148e+010	0	3.07127e+010
4.27572	2.44151e+010	0	4.16244e+010
4.28571	3.31405e+010	0	5.64999e+010
4.2957	4.50537e+010	0	7.68103e+010
4.30569	6.13444e+010	0	1.04584e+011
4.31568	8.36553e+010	0	1.42621e+011
4.32567	1.14258e+011	0	1.94794e+011
4.33566	1.563e+011	0	2.66469e+011
4.34565	2.14144e+011	0	3.65086e+011
4.35564	2.93856e+011	0	5.00984e+011
4.36563	4.03872e+011	0	6.88545e+011
4.37562	5.55948e+011	0	9.47813e+011
4.38561	7.66493e+011	0	1.30676e+012
4.3956	1.05844e+012	0	1.80449e+012
4.40559	1.4639e+012	0	2.49574e+012
4.41558	2.02788e+012	0	3.45725e+012
4.42557	2.8136e+012	0	4.79679e+012
4.43556	3.90995e+012	0	6.66592e+012
4.44555	5.44218e+012	0	9.27815e+012
4.45554	7.58693e+012	0	1.29346e+013
4.46553	1.05938e+013	0	1.8061e+013
4.47552	1.48161e+013	0	2.52594e+013
4.48551	2.07546e+013	0	3.53836e+013
4.4955	2.91199e+013	0	4.96454e+013
4.50549	4.09228e+013	0	6.97677e+013
4.51548	5.76025e+013	0	9.82042e+013
4.52547	8.12118e+013	0	1.38455e+014
4.53546	1.14683e+014	0	1.95519e+014
4.54545	1.62213e+014	0	2.7655e+014
4.55544	2.29814e+014	0	3.918e+014
4.56543	3.26117e+014	0	5.55984e+014
4.57542	4.63532e+014	0	7.90258e+014
4.58541	6.59928e+014	0	1.12508e+015
4.5954	9.41073e+014	0	1.6044e+015
4.60539	1.3442e+015	0	2.29167e+015
4.61538	1.92317e+015	0	3.27873e+015
4.62537	2.75604e+015	0	4.69866e+015
4.63536	3.95613e+015	0	6.74465e+015
4.64535	5.68819e+015	0	9.69756e+015
4.65534	8.19212e+015	0	1.39664e+016
4.66533	1.18179e+016	0	2.01478e+016
4.67532	1.70767e+016	0	2.91134e+016
4.68531	2.47168e+016	0	4.21387e+016
4.6953	3.58348e+016	0	6.10933e+016
4.70529	5.20408e+016	0	8.87222e+016
4.71528	7.57025e+016	0	1.29062e+017
4.72527	1.10307e+017	0	1.88059e+017
4.73526	1.61002e+017	0	2.74485e+017
4.74525	2.35389e+017	0	4.01305e+017
4.75524	3.44727e+017	0	5.87712e+017
4.76523	5.05707e+017	0	8.6216e+017
4.77522	7.43119e+017	0	1.26691e+018
4.78521	1.09384e+018	0	1.86485e+018
4.7952	1.61283e+018	0	2.74965e+018
4.80519	2.38211e+018	0	4.06117e+018
4.81518	3.52434e+018	0	6.0085e+018
4.82517	5.22318e+018	0	8.90479e+018
4.83516	7.75418e+018	0	1.32198e+019
4.84515	1.15314e+019	0	1.96594e+019
4.85514	1.71781e+019	0	2.92863e+019
4.86513	2.5634e+019	0	4.37024e+019
4.87512	3.83183e+019	0	6.53274e+019
4.88511	5.73783e+019	0	9.78219e+019
4.8951	8.60678e+019	0	1.46733e+020
4.90509	1.29326e+020	0	2.20483e+020
4.91508	1.94665e+020	0	3.31877e+020
4.92507	2.93525e+020	0	5.0042e+020
4.93506	4.43364e+020	0	7.55874e+020
4.94505	6.70865e+020	0	1.14373e+021
4.95504	1.01688e+021	0	1.73364e+021
4.96503	1.54407e+021	0	2.63242e+021
4.97502	2.34869e+021	0	4.00418e+021
4.98501	3.5789e+021	0	6.10152e+021
4.995	5.4631e+021	0	9.31382e+021
5.00499	8.35405e+021	0	1.42425e+022
5.01498	1.27974e+022	0	2.18178e+022
5.02497	1.9639e+022	0	3.34817e+022
5.03496	3.01917e+022	0	5.14725e+022
5.04495	4.64973e+022	0	7.92714e+022
5.05494	7.17369e+022	0	1.22301e+023
5.06493	1.10875e+023	0	1.89026e+023
5.07492	1.71673e+023	0	2.92678e+023
5.08491	2.66286e+023	0	4.5398e+023
5.0949	4.13784e+023	0	7.05444e+023
5.10489	6.44142e+023	0	1.09817e+024
5.11488	1.00455e+024	0	1.71262e+024
5.12487	1.56945e+024	0	2.67569e+024
5.13486	2.45644e+024	0	4.18789e+024
5.14485	3.85171e+024	0	6.56663e+024
5.15484	6.05047e+024	0	1.03152e+025
5.16483	9.5217e+024	0	1.62332e+025
5.17482	1.50117e+025	0	2.55929e+025
5.18481	2.37104e+025	0	4.0423e+025
5.1948	3.75183e+025	0	6.39634e+025
5.20479	5.94759e+025	0	1.01398e+026
5.21478	9.44574e+025	0	1.61037e+026
5.22477	1.5029e+026	0	2.56223e+026
5.23476	2.39564e+026	0	4.08424e+026
5.24475	3.82575e+026	0	6.52236e+026
5.25474	6.12086e+026	0	1.04352e+027
5.26473	9.81099e+026	0	1.67264e+027
5.27472	1.5755e+027	0	2.68601e+027
5.28471	2.53472e+027	0	4.32135e+027
5.2947	4.08555e+027	0	6.96529e+027
5.30469	6.59752e+027	0	1.12478e+028
5.31468	1.06739e+028	0	1.81974e+028
5.32467	1.73011e+028	0	2.9496e+028
5.33466	2.80958e+028	0	4.78994e+028
5.34465	4.57113e+028	0	7.79314e+028
5.35464	7.45114e+028	0	1.27031e+029
5.36463	1.21686e+029	0	2.07457e+029
5.37462	1.99102e+029	0	3.39441e+029
5.38461	3.26387e+029	0	5.56444e+029
5.3946	5.36059e+029	0	9.13905e+029
5.40459	8.82096e+029	0	1.50385e+030
5.41458	1.45427e+030	0	2.47932e+030
5.42457	2.40214e+030	0	4.09532e+030
5.43456	3.97541e+030	0	6.77752e+030
5.44455	6.59165e+030	0	1.12378e+031
5.45454	1.09506e+031	0	1.86692e+031
5.46453	1.82269e+031	0	3.10743e+031
5.47452	3.03964e+031	0	5.18216e+031
5.48451	5.07887e+031	0	8.65875e+031
5.4945	8.50252e+031	0	1.44956e+032
5.50449	1.42615e+032	0	2.43139e+032
5.51448	2.39676e+032	0	4.08614e+032
5.52447	4.03575e+032	0	6.88039e+032
5.53446	6.80872e+032	0	1.16079e+033
5.54445	1.15094e+033	0	1.96218e+033
5.55444	1.94931e+033	0	3.3233e+033
5.56443	3.30794e+033	0	5.63958e+033
5.57442	5.62449e+033	0	9.58896e+033
5.58441	9.58203e+033	0	1.6336e+034
5.5944	1.63562e+034	0	2.7885e+034
5.60439	2.79744e+034	0	4.76924e+034
5.61438	4.79393e+034	0	8.17297e+034
5.62437	8.23148e+034	0	1.40335e+035
5.63436	1.41619e+035	0	2.4144e+035
5.64435	2.44131e+035	0	4.16208e+035
5.65434	4.2168e+035	0	7.18905e+035
5.66433	7.29801e+035	0	1.24421e+036
5.67432	1.26558e+036	0	2.15763e+036
5.68431	2.19905e+036	0	3.74908e+036
5.6943	3.82868e+036	0	6.52736e+036
5.70429	6.67926e+036	0	1.13872e+037
5.71428	1.16755e+037	0	1.99051e+037
5.72427	2.045e+037	0	3.48644e+037
5.73426	3.58907e+037	0	6.11885e+037
5.74425	6.31164e+037	0	1.07605e+038
5.75424	1.11218e+038	0	1.89612e+038
5.76423	1.96375e+038	0	3.34792e+038
5.77422	3.47435e+038	0	5.92327e+038
5.78421	6.15939e+038	0	1.05009e+039
5.7942	1.09416e+039	0	1.8654e+039
5.80419	1.94764e+039	0	3.32045e+039
5.81418	3.47389e+039	0	5.92249e+039
5.82417	6.20881e+039	0	1.05851e+040
5.83416	1.11195e+040	0	1.89572e+040
5.84415	1.99549e+040	0	3.40203e+040
5.85414	3.58841e+040	0	6.11774e+040
5.86413	6.46613e+040	0	1.10239e+041
5.87412	1.16756e+041	0	1.99052e+041
5.88411	2.11254e+041	0	3.60158e+041
5.8941	3.83023e+041	0	6.53e+041
5.90409	6.9589e+041	0	1.18639e+042
5.91408	1.26693e+042	0	2.15994e+042
5.92407	2.31134e+042	0	3.94052e+042
5.93406	4.22547e+042	0	7.20384e+042
5.94405	7.74084e+042	0	1.3197e+043
5.95404	1.42103e+043	0	2.42266e+043
5.96403	2.6141e+043	0	4.45668e+043
5.97402	4.8189e+043	0	8.21554e+043
5.98401	8.90184e+043	0	1.51764e+044
5.994	1.64786e+044	0	2.80937e+044
6.00399	3.05683e+044	0	5.21146e+044
6.01398	5.68242e+044	0	9.68773e+044
6.02397	1.05854e+045	0	1.80467e+045
6.03396	1.97605e+045	0	3.36889e+045
6.04395	3.69661e+045	0	6.3022e+045
6.05394	6.92989e+045	0	1.18145e+046
6.06393	1.30187e+046	0	2.2195e+046
6.07392	2.45092e+046	0	4.17847e+046
6.08391	4.62394e+046	0	7.88317e+046
6.0939	8.74215e+046	0	1.49041e+047
6.10389	1.65634e+047	0	2.82382e+047
6.11388	3.14489e+047	0	5.3616e+047
6.12387	5.98398e+047	0	1.02018e+048
6.13386	1.14105e+048	0	1.94532e+048
6.14385	2.18045e+048	0	3.71737e+048
6.15384	4.17563e+048	0	7.11886e+048
6.16383	8.01365e+048	0	1.36622e+049
6.17382	1.54125e+049	0	2.62762e+049
6.18381	2.97066e+049	0	5.06456e+049
6.1938	5.73813e+049	0	9.78271e+049
6.20379	1.11078e+050	0	1.89372e+050
6.21378	2.15488e+050	0	3.67377e+050
6.22377	4.1895e+050	0	7.14251e+050
6.23376	8.1629e+050	0	1.39166e+051
6.24375	1.59394e+051	0	2.71744e+051
6.25374	3.11921e+051	0	5.31782e+051
6.26373	6.11739e+051	0	1.04293e+052
6.27372	1.20237e+052	0	2.04987e+052
6.28371	2.36842e+052	0	4.03782e+052
6.2937	4.67554e+052	0	7.97114e+052
6.30369	9.25037e+052	0	1.57706e+053
6.31368	1.83418e+053	0	3.12702e+053
6.32367	3.64486e+053	0	6.21397e+053
6.33366	7.25901e+053	0	1.23756e+054
6.34365	1.44888e+054	0	2.47015e+054
6.35364	2.89835e+054	0	4.94129e+054
6.36363	5.81074e+054	0	9.90649e+054
6.37362	1.16755e+055	0	1.99051e+055
6.38361	2.35117e+055	0	4.00842e+055
6.3936	4.74526e+055	0	8.09001e+055
6.40359	9.59853e+055	0	1.63641e+056
6.41358	1.94589e+056	0	3.31747e+056
6.42357	3.9537e+056	0	6.74051e+056
6.43356	8.05122e+056	0	1.37262e+057
6.44355	1.64321e+057	0	2.80145e+057
6.45354	3.36125e+057	0	5.73047e+057
6.46353	6.89106e+057	0	1.17483e+058
6.47352	1.41595e+058	0	2.414e+058
6.48351	2.91603e+058	0	4.97143e+058
6.4935	6.0189e+058	0	1.02614e+059
6.50349	1.24516e+059	0	2.12282e+059
6.51348	2.58176e+059	0	4.40154e+059
6.52347	5.3653e+059	0	9.14708e+059
6.53346	1.11753e+060	0	1.90523e+060
6.54345	2.33299e+060	0	3.97742e+060
6.55344	4.88154e+060	0	8.32234e+060
6.56343	1.02375e+061	0	1.74534e+061
6.57342	2.1519e+061	0	3.66868e+061
6.58341	4.53362e+061	0	7.72918e+061
6.5934	9.57336e+061	0	1.63212e+062
6.60339	2.0262e+062	0	3.45438e+062
6.61338	4.29831e+062	0	7.32801e+062
6.62337	9.13933e+062	0	1.55813e+063
6.63336	1.94775e+063	0	3.32064e+063
6.64335	4.16059e+063	0	7.09322e+063
6.65334	8.90804e+063	0	1.51869e+064
6.66333	1.91168e+064	0	3.25915e+064
6.67332	4.11203e+064	0	7.01043e+064
6.68331	8.86557e+064	0	1.51146e+065
6.6933	1.91588e+065	0	3.2663e+065
6.70329	4.14994e+065	0	7.07506e+065
6.71328	9.01008e+065	0	1.53609e+066
6.72327	1.96079e+066	0	3.34287e+066
6.73326	4.2771e+066	0	7.29186e+066
6.74325	9.35162e+066	0	1.59432e+067
6.75324	2.04948e+067	0	3.49407e+067
6.76323	4.50216e+067	0	7.67555e+067
6.77322	9.91337e+067	0	1.69009e+068
6.78321	2.18799e+068	0	3.73022e+068
6.7932	4.84055e+068	0	8.25246e+068
6.80319	1.07342e+069	0	1.83004e+069
6.81318	2.38603e+069	0	4.06785e+069
6.82317	5.31632e+069	0	9.06358e+069
6.83316	1.18735e+070	0	2.02426e+070
6.84315	2.65813e+070	0	4.53174e+070
6.85314	5.96499e+070	0	1.01695e+071
6.86313	1.34177e+071	0	2.28753e+071
6.87312	3.02541e+071	0	5.15791e+071
6.88311	6.83801e+071	0	1.16578e+072
6.8931	1.54923e+072	0	2.64121e+072
6.90309	3.51837e+072	0	5.99833e+072
6.91308	8.00961e+072	0	1.36553e+073
6.92307	1.82779e+073	0	3.11612e+073
6.93306	4.18106e+073	0	7.12811e+073
6.94305	9.58725e+073	0	1.63449e+074
6.95304	2.20369e+074	0	3.75698e+074
6.96303	5.0776e+074	0	8.65659e+074
6.97302	1.17278e+075	0	1.99943e+075
6.98301	2.71538e+075	0	4.62934e+075
6.993	6.30228e+075	0	1.07445e+076
7.00299	1.4663e+076	0	2.49983e+076
7.01298	3.41982e+076	0	5.83032e+076
7.02297	7.99549e+076	0	1.36312e+077
7.03296	1.8739e+077	0	3.19474e+077
7.04295	4.40262e+077	0	7.50585e+077
7.05294	1.03691e+078	0	1.76778e+078
7.06293	2.44812e+078	0	4.1737e+078
7.07292	5.79418e+078	0	9.87826e+078
7.08291	1.37474e+079	0	2.34374e+079
7.0929	3.26977e+079	0	5.5745e+079
7.10289	7.79626e+079	0	1.32915e+080
7.11288	1.86349e+080	0	3.17699e+080
7.12287	4.46522e+080	0	7.61257e+080
7.13286	1.07259e+081	0	1.82861e+081
7.14285	2.58286e+081	0	4.40342e+081
7.15284	6.23516e+081	0	1.06301e+082
7.16283	1.50895e+082	0	2.57254e+082
7.17282	3.66085e+082	0	6.24123e+082
7.18281	8.90374e+082	0	1.51796e+083
7.1928	2.17094e+083	0	3.70114e+083
7.20279	5.3065e+083	0	9.04684e+083
7.21278	1.30034e+084	0	2.21689e+084
7.22277	3.19443e+084	0	5.44605e+084
7.23276	7.86721e+084	0	1.34125e+085
7.24275	1.9424e+085	0	3.31153e+085
7.25274	4.80786e+085	0	8.19673e+085
7.26273	1.19305e+086	0	2.03398e+086
7.27272	2.96799e+086	0	5.06e+086
7.28271	7.40224e+086	0	1.26198e+087
7.2927	1.85081e+087	0	3.15538e+087
7.30269	4.63942e+087	0	7.90956e+087
7.31268	1.16591e+088	0	1.98772e+088
7.32267	2.93746e+088	0	5.00796e+088
7.33266	7.41966e+088	0	1.26495e+089
7.34265	1.87889e+089	0	3.20325e+089
7.35264	4.7701e+089	0	8.13236e+089
7.36263	1.21412e+090	0	2.06991e+090
7.37262	3.0982e+090	0	5.282e+090
7.38261	7.92626e+090	0	1.35132e+091
7.3926	2.03302e+091	0	3.46601e+091
7.40259	5.22793e+091	0	8.91288e+091
7.41258	1.34783e+092	0	2.29786e+092
7.42257	3.48384e+092	0	5.93945e+092
7.43256	9.0282e+092	0	1.53918e+093
7.44255	2.34566e+093	0	3.99903e+093
7.45254	6.11017e+093	0	1.0417e+094
7.46253	1.59575e+094	0	2.72053e+094
7.47252	4.17833e+094	0	7.12346e+094
7.48251	1.0969e+095	0	1.87006e+095
7.4925	2.88709e+095	0	4.92208e+095
7.50249	7.61875e+095	0	1.29889e+096
7.51248	2.01576e+096	0	3.43659e+096
7.52247	5.34721e+096	0	9.11625e+096
7.53246	1.42217e+097	0	2.4246e+097
7.54245	3.79236e+097	0	6.46545e+097
7.55244	1.01393e+098	0	1.7286e+098
7.56243	2.71796e+098	0	4.63373e+098
7.57242	7.30498e+098	0	1.2454e+099
7.58241	1.96851e+099	0	3.35603e+099
7.5924	5.31863e+099	0	9.06751e+099
7.60239	1.44081e+100	0	2.45638e+100
7.61238	3.91345e+100	0	6.67188e+100
7.62237	1.06576e+101	0	1.81698e+101
7.63236	2.91013e+101	0	4.96136e+101
7.64235	7.96735e+101	0	1.35832e+102
7.65234	2.1871e+102	0	3.72869e+102
7.66233	6.01972e+102	0	1.02628e+103
7.67232	1.66127e+103	0	2.83223e+103
7.68231	4.59685e+103	0	7.83698e+103
7.6923	1.27538e+104	0	2.17434e+104
7.70229	3.54795e+104	0	6.04875e+104
7.71228	9.89639e+104	0	1.6872e+105
7.72227	2.76783e+105	0	4.71876e+105
7.73226	7.76187e+105	0	1.32329e+106
7.74225	2.18252e+106	0	3.72089e+106
7.75224	6.15345e+106	0	1.04908e+107
7.76223	1.73959e+107	0	2.96576e+107
7.77222	4.93112e+107	0	8.40687e+107
7.78221	1.40157e+108	0	2.38949e+108
7.7922	3.99447e+108	0	6.81001e+108
7.80219	1.1415e+109	0	1.9461e+109
7.81218	3.27093e+109	0	5.57648e+109
7.82217	9.39818e+109	0	1.60226e+110
7.83216	2.70766e+110	0	4.61618e+110
7.84215	7.82215e+110	0	1.33357e+111
7.85214	2.26589e+111	0	3.86303e+111
7.86213	6.58168e+111	0	1.12208e+112
7.87212	1.91699e+112	0	3.26819e+112
7.88211	5.5987e+112	0	9.545e+112
7.8921	1.63962e+113	0	2.79533e+113
7.90209	4.81493e+113	0	8.20878e+113
7.91208	1.41784e+114	0	2.41722e+114
7.92207	4.18655e+114	0	7.13748e+114
7.93206	1.23959e+115	0	2.11334e+115
7.94205	3.68043e+115	0	6.27462e+115
7.95204	1.09576e+116	0	1.86811e+116
7.96203	3.27136e+116	0	5.57721e+116
7.97202	9.79359e+116	0	1.66967e+117
7.98201	2.94007e+117	0	5.0124e+117
7.992	8.85065e+117	0	1.50891e+118
8.00199	2.67176e+118	0	4.55498e+118
8.01198	8.08771e+118	0	1.37884e+119
8.02197	2.45505e+119	0	4.18552e+119
8.03196	7.47318e+119	0	1.27407e+120
8.04195	2.28118e+120	0	3.88909e+120
8.05194	6.98274e+120	0	1.19046e+121
8.06193	2.14341e+121	0	3.65421e+121
8.07192	6.5978e+121	0	1.12483e+122
8.08191	2.03662e+122	0	3.47215e+122
8.0919	6.30431e+122	0	1.0748e+123
8.10189	1.95697e+123	0	3.33636e+123
8.11188	6.09189e+123	0	1.03858e+124
8.12187	1.9017e+124	0	3.24213e+124
8.13186	5.95326e+124	0	1.01495e+125
8.14185	1.86893e+125	0	3.18627e+125
8.15184	5.88381e+125	0	1.00311e+126
8.16183	1.8576e+126	0	3.16695e+126
8.17182	5.88132e+126	0	1.00268e+127
8.18181	1.86736e+127	0	3.18359e+127
8.1918	5.94586e+127	0	1.01369e+128
8.20179	1.89861e+128	0	3.23686e+128
8.21178	6.07982e+128	0	1.03652e+129
8.22177	1.95247e+129	0	3.32868e+129
8.23176	6.28803e+129	0	1.07202e+130
8.24175	2.03089e+130	0	3.46238e+130
8.25174	6.57807e+130	0	1.12147e+131
8.26173	2.13675e+131	0	3.64286e+131
8.27172	6.96072e+131	0	1.1867e+132
8.28171	2.27405e+132	0	3.87693e+132
8.2917	7.45063e+132	0	1.27023e+133
8.30169	2.44813e+133	0	4.17372e+133
8.31168	8.06729e+133	0	1.37536e+134
8.32167	2.66607e+134	0	4.54528e+134
8.33166	8.83628e+134	0	1.50646e+135
8.34165	2.93712e+135	0	5.00738e+135
8.35164	9.79108e+135	0	1.66924e+136
8.36163	3.27338e+136	0	5.58066e+136
8.37162	1.09755e+137	0	1.87116e+137
8.38161	3.6907e+137	0	6.29213e+137
8.3916	1.24468e+138	0	2.12201e+138
8.40159	4.20989e+138	0	7.17727e+138
8.41158	1.42807e+139	0	2.43465e+139
8.42157	4.85839e+139	0	8.28288e+139
8.43156	1.6577e+140	0	2.82614e+140
8.44155	5.67267e+140	0	9.67111e+140
8.45154	1.94689e+141	0	3.31917e+141
8.46153	6.70143e+141	0	1.1425e+142
8.47152	2.31349e+142	0	3.94418e+142
8.48151	8.01021e+142	0	1.36563e+143
8.4915	2.78161e+143	0	4.74226e+143
8.50149	9.68787e+143	0	1.65165e+144
8.51148	3.38408e+144	0	5.76938e+144
8.52147	1.18559e+145	0	2.02126e+145
8.53146	4.16591e+145	0	7.10229e+145
8.54145	1.46815e+146	0	2.50299e+146
8.55144	5.18941e+146	0	8.84722e+146
8.56143	1.83972e+147	0	3.13647e+147
8.57142	6.54148e+147	0	1.11523e+148
8.58141	2.33287e+148	0	3.97721e+148
8.5914	8.34443e+148	0	1.42261e+149
8.60139	2.99362e+149	0	5.10369e+149
8.61138	1.07719e+150	0	1.83645e+150
8.62137	3.8876e+150	0	6.62781e+150
8.63136	1.40725e+151	0	2.39916e+151
8.64135	5.10927e+151	0	8.71059e+151
8.65134	1.86058e+152	0	3.17203e+152
8.66133	6.79579e+152	0	1.15859e+153
8.67132	2.48964e+153	0	4.24448e+153
8.68131	9.14823e+153	0	1.55964e+154
8.6913	3.37167e+154	0	5.74822e+154
8.70129	1.24641e+155	0	2.12496e+155
8.71128	4.62155e+155	0	7.87909e+155
8.72127	1.7188e+156	0	2.93031e+156
8.73126	6.41173e+156	0	1.09311e+157
8.74125	2.39905e+157	0	4.09005e+157
8.75124	9.00369e+157	0	1.535e+158
8.76123	3.38937e+158	0	5.77839e+158
8.77122	1.27978e+159	0	2.18184e+159
8.78121	4.84699e+159	0	8.26344e+159
8.7912	1.84133e+160	0	3.1392e+160
8.80119	7.01637e+160	0	1.19619e+161
8.81118	2.68176e+161	0	4.57202e+161
8.82117	1.02814e+162	0	1.75283e+162
8.83116	3.95379e+162	0	6.74065e+162
8.84115	1.52512e+163	0	2.60011e+163
8.85114	5.90097e+163	0	1.00603e+164
8.86113	2.29022e+164	0	3.9045e+164
8.87112	8.91585e+164	0	1.52003e+165
8.88111	3.48165e+165	0	5.93572e+165
8.8911	1.36378e+166	0	2.32505e+166
8.90109	5.35845e+166	0	9.13541e+166
8.91108	2.11191e+167	0	3.60051e+167
8.92107	8.34935e+167	0	1.42345e+168
8.93106	3.3111e+168	0	5.64497e+168
8.94105	1.31715e+169	0	2.24556e+169
8.95104	5.25589e+169	0	8.96055e+169
8.96103	2.10379e+170	0	3.58667e+170
8.97102	8.44711e+170	0	1.44011e+171
8.98101	3.40223e+171	0	5.80032e+171
8.991	1.37458e+172	0	2.34347e+172
9.00099	5.57097e+172	0	9.49772e+172
9.01098	2.26488e+173	0	3.8613e+173
9.02097	9.23668e+173	0	1.57472e+174
9.03096	3.77871e+174	0	6.44217e+174
9.04095	1.55071e+175	0	2.64374e+175
9.05094	6.38379e+175	0	1.08835e+176
9.06093	2.63626e+176	0	4.49445e+176
9.07092	1.0921e+177	0	1.86187e+177
9.08091	4.53836e+177	0	7.73727e+177
9.0909	1.89192e+178	0	3.22547e+178
9.10089	7.91182e+178	0	1.34885e+179
9.11088	3.31908e+179	0	5.65857e+179
9.12087	1.39679e+180	0	2.38133e+180
9.13086	5.8968e+180	0	1.00532e+181
9.14085	2.49733e+181	0	4.25759e+181
9.15084	1.06099e+182	0	1.80884e+182
9.16083	4.52191e+182	0	7.70922e+182
9.17082	1.93336e+183	0	3.2961e+183
9.18081	8.29243e+183	0	1.41374e+184
9.1908	3.56807e+184	0	6.08305e+184
9.20079	1.54016e+185	0	2.62576e+185
9.21078	6.66938e+185	0	1.13704e+186
9.22077	2.89727e+186	0	4.93945e+186
9.23076	1.26264e+187	0	2.15263e+187
9.24075	5.52029e+187	0	9.41131e+187
9.25074	2.42121e+188	0	4.12782e+188
9.26073	1.06536e+189	0	1.81628e+189
9.27072	4.70274e+189	0	8.01751e+189
9.28071	2.08258e+190	0	3.55051e+190
9.2907	9.25227e+190	0	1.57738e+191
9.30069	4.12376e+191	0	7.03043e+191
9.31068	1.8439e+192	0	3.14359e+192
9.32067	8.27146e+192	0	1.41017e+193
9.33066	3.72245e+193	0	6.34626e+193
9.34065	1.68066e+194	0	2.86529e+194
9.35064	7.61265e+194	0	1.29785e+195
9.36063	3.45938e+195	0	5.89776e+195
9.37062	1.57714e+196	0	2.6888e+196
9.38061	7.21356e+196	0	1.22981e+197
9.3906	3.3101e+197	0	5.64326e+197
9.40059	1.52386e+198	0	2.59797e+198
9.41058	7.03825e+198	0	1.19992e+199
9.42057	3.26136e+199	0	5.56017e+199
9.43056	1.51618e+200	0	2.58487e+200
9.44055	7.07165e+200	0	1.20562e+201
9.45054	3.30911e+201	0	5.64157e+201
9.46053	1.55354e+202	0	2.64857e+202
9.47052	7.31743e+202	0	1.24752e+203
9.48051	3.45795e+203	0	5.89531e+203
9.4905	1.63947e+204	0	2.79507e+204
9.50049	7.79861e+204	0	1.32955e+205
9.51048	3.72186e+205	0	6.34525e+205
9.52047	1.7821e+206	0	3.03824e+206
9.53046	8.56127e+206	0	1.45958e+207
9.54045	4.12646e+207	0	7.03503e+207
9.55044	1.9955e+208	0	3.40204e+208
9.56043	9.68192e+208	0	1.65063e+209
9.57042	4.71314e+209	0	8.03524e+209
9.58041	2.30196e+210	0	3.92452e+210
9.5904	1.12805e+211	0	1.92316e+211
9.60039	5.54624e+211	0	9.45556e+211
9.61038	2.73599e+212	0	4.66448e+212
9.62037	1.35418e+213	0	2.30868e+213
9.63036	6.72487e+213	0	1.1465e+214
9.64035	3.35074e+214	0	5.71254e+214
9.65034	1.67512e+215	0	2.85585e+215
9.66033	8.40244e+215	0	1.4325e+216
9.67032	4.22879e+216	0	7.2095e+216
9.68031	2.13541e+217	0	3.64058e+217
9.6903	1.08194e+218	0	1.84456e+218
9.70029	5.50025e+218	0	9.37715e+218
9.71028	2.80556e+219	0	4.78309e+219
9.72027	1.43588e+220	0	2.44798e+220
9.73026	7.37359e+220	0	1.25709e+221
9.74025	3.79929e+221	0	6.47726e+221
9.75024	1.96423e+222	0	3.34873e+222
9.76023	1.01893e+223	0	1.73714e+223
9.77022	5.30358e+223	0	9.04187e+223
9.78021	2.76989e+224	0	4.72227e+224
9.7902	1.45153e+225	0	2.47465e+225
9.80019	7.63239e+225	0	1.30122e+226
9.81018	4.02689e+226	0	6.86529e+226
9.82017	2.13184e+227	0	3.63449e+227
9.83016	1.13244e+228	0	1.93066e+228
9.84015	6.03611e+228	0	1.02907e+229
9.85014	3.22832e+229	0	5.50383e+229
9.86013	1.73252e+230	0	2.9537e+230
9.87012	9.32958e+230	0	1.59056e+231
9.88011	5.04116e+231	0	8.59447e+231
9.8901	2.73328e+232	0	4.65987e+232
9.90009	1.48705e+233	0	2.53522e+233
9.91008	8.11814e+233	0	1.38403e+234
9.92007	4.44711e+234	0	7.58169e+234
9.93006	2.4445e+235	0	4.16753e+235
9.94005	1.34833e+236	0	2.29871e+236
9.95004	7.4627e+236	0	1.27229e+237
9.96003	4.1447e+237	0	7.06613e+237
9.97002	2.30987e+238	0	3.938e+238
9.98001	1.29176e+239	0	2.20227e+239
9.99	7.24896e+239	0	1.23585e+240
