0	0.295761	0.295761	1
0.00999	0.294979	0.294979	0.997359
0.01998	0.292639	0.292639	0.989445
0.02997	0.288751	0.288751	0.9763
0.03996	0.283336	0.283336	0.957992
0.04995	0.276424	0.276424	0.93462
0.05994	0.26805	0.26805	0.906307
0.06993	0.258259	0.258259	0.873202
0.07992	0.247102	0.247102	0.835481
0.08991	0.23464	0.23464	0.793343
0.0999	0.220936	0.220936	0.747011
0.10989	0.206065	0.206065	0.696731
0.11988	0.190105	0.190105	0.642767
0.12987	0.17314	0.17314	0.585406
0.13986	0.15526	0.15526	0.524951
0.14985	0.136559	0.136559	0.461722
0.15984	0.117137	0.117137	0.396052
0.16983	0.097095	0.097095	0.328289
0.17982	0.0765404	0.0765404	0.258792
0.18981	0.0555813	0.0555813	0.187927
0.1998	0.0343286	0.0343286	0.116069
0.20979	0.0128945	0.0128945	0.0435979
0.21978	-0.00860767	-0.00860767	-0.0291035
0.22977	-0.0300644	-0.0300644	-0.101651
0.23976	-0.0513624	-0.0513624	-0.173662
0.24975	-0.072389	-0.072389	-0.244756
0.25974	-0.0930334	-0.0930334	-0.314557
0.26973	-0.113187	-0.113187	-0.382697
0.27972	-0.132742	-0.132742	-0.448816
0.28971	-0.151597	-0.151597	-0.512566
0.2997	-0.169651	-0.169651	-0.573611
0.30969	-0.18681	-0.18681	-0.631627
0.31968	-0.202984	-0.202984	-0.686311
0.32967	-0.218086	-0.218086	-0.737372
0.33966	-0.232037	-0.232037	-0.784543
0.34965	-0.244764	-0.244764	-0.827575
0.35964	-0.2562	-0.2562	-0.866242
0.36963	-0.266285	-0.266285	-0.90034
0.37962	-0.274965	-0.274965	-0.92969
0.38961	-0.282196	-0.282196	-0.954137
0.3996	-0.287939	-0.287939	-0.973555
0.40959	-0.292164	-0.292164	-0.987841
0.41958	-0.29485	-0.29485	-0.99692
0.42957	-0.295981	-0.295981	-1.00075
0.43956	-0.295553	-0.295553	-0.9993
0.44955	-0.293569	-0.293569	-0.992589
0.45954	-0.290038	-0.290038	-0.98065
0.46953	-0.284979	-0.284979	-0.963547
0.47952	-0.27842	-0.27842	-0.941371
0.48951	-0.270396	-0.270396	-0.914239
0.4995	-0.260948	-0.260948	-0.882295
0.50949	-0.250127	-0.250127	-0.845709
0.51948	-0.23799	-0.23799	-0.804673
0.52947	-0.224602	-0.224602	-0.759404
0.53946	-0.210032	-0.210032	-0.710141
0.54945	-0.194357	-0.194357	-0.657145
0.55944	-0.177661	-0.177661	-0.600693
0.56943	-0.160031	-0.160031	-0.541085
0.57942	-0.141561	-0.141561	-0.478633
0.58941	-0.122346	-0.122346	-0.413666
0.5994	-0.102489	-0.102489	-0.346527
0.60939	-0.0820936	-0.0820936	-0.277568
0.61938	-0.0612672	-0.0612672	-0.207151
0.62937	-0.0401193	-0.0401193	-0.135648
0.63936	-0.0187608	-0.0187608	-0.0634323
0.64935	0.00269616	0.00269616	0.00911603
0.65934	0.0241389	0.0241389	0.0816165
0.66933	0.0454552	0.0454552	0.153689
0.67932	0.0665331	0.0665331	0.224956
0.68931	0.0872623	0.0872623	0.295044
0.6993	0.107534	0.107534	0.363586
0.70929	0.127243	0.127243	0.430223
0.71928	0.146285	0.146285	0.494607
0.72927	0.164562	0.164562	0.556402
0.73926	0.181977	0.181977	0.615284
0.74925	0.19844	0.19844	0.670947
0.75924	0.213865	0.213865	0.7231
0.76923	0.228171	0.228171	0.771472
0.77922	0.241284	0.241284	0.81581
0.78921	0.253137	0.253137	0.855884
0.7992	0.263667	0.263667	0.891487
0.80919	0.272819	0.272819	0.922432
0.81918	0.280547	0.280547	0.948561
0.82917	0.28681	0.28681	0.969738
0.83916	0.291577	0.291577	0.985854
0.84915	0.294822	0.294822	0.996828
0.85914	0.29653	0.29653	1.0026
0.86913	0.296692	0.296692	1.00315
0.87912	0.295308	0.295308	0.998469
0.88911	0.292385	0.292385	0.988586
0.8991	0.287939	0.287939	0.973554
0.90909	0.281994	0.281994	0.953454
0.91908	0.274581	0.274581	0.92839
0.92907	0.26574	0.26574	0.898497
0.93906	0.255516	0.255516	0.86393
0.94905	0.243965	0.243965	0.824872
0.95904	0.231145	0.231145	0.781526
0.96903	0.217124	0.217124	0.73412
0.97902	0.201975	0.201975	0.682902
0.98901	0.185778	0.185778	0.628138
0.999	0.168617	0.168617	0.570114
1.00899	0.150581	0.150581	0.509132
1.01898	0.131765	0.131765	0.445511
1.02897	0.112265	0.112265	0.37958
1.03896	0.0921833	0.0921833	0.311682
1.04895	0.0716243	0.0716243	0.24217
1.05894	0.0506945	0.0506945	0.171404
1.06893	0.0295023	0.0295023	0.0997508
1.07892	0.00815755	0.00815755	0.0275816
1.08891	-0.0132294	-0.0132294	-0.0447302
1.0989	-0.0345481	-0.0345481	-0.116811
1.10889	-0.0556882	-0.0556882	-0.188288
1.11888	-0.0765407	-0.0765407	-0.258793
1.12887	-0.0969981	-0.0969981	-0.327962
1.13886	-0.116955	-0.116955	-0.395438
1.14885	-0.136309	-0.136309	-0.460875
1.15884	-0.15496	-0.15496	-0.523936
1.16883	-0.172812	-0.172812	-0.584297
1.17882	-0.189774	-0.189774	-0.641648
1.18881	-0.205759	-0.205759	-0.695696
1.1988	-0.220686	-0.220686	-0.746164
1.20879	-0.234477	-0.234477	-0.792793
1.21878	-0.247062	-0.247062	-0.835346
1.22877	-0.258378	-0.258378	-0.873607
1.23876	-0.268367	-0.268367	-0.90738
1.24875	-0.276978	-0.276978	-0.936495
1.25874	-0.284168	-0.284168	-0.960803
1.26873	-0.2899	-0.2899	-0.980184
1.27872	-0.294146	-0.294146	-0.99454
1.28871	-0.296884	-0.296884	-1.0038
1.2987	-0.298102	-0.298102	-1.00792
1.30869	-0.297794	-0.297794	-1.00688
1.31868	-0.295963	-0.295963	-1.00068
1.32867	-0.292618	-0.292618	-0.989374
1.33866	-0.287777	-0.287777	-0.973008
1.34865	-0.281467	-0.281467	-0.95167
1.35864	-0.273719	-0.273719	-0.925474
1.36863	-0.264574	-0.264574	-0.894555
1.37862	-0.25408	-0.25408	-0.859073
1.38861	-0.242291	-0.242291	-0.819213
1.3986	-0.229267	-0.229267	-0.775178
1.40859	-0.215076	-0.215076	-0.727196
1.41858	-0.19979	-0.19979	-0.675513
1.42857	-0.183488	-0.183488	-0.620394
1.43856	-0.166253	-0.166253	-0.562121
1.44855	-0.148174	-0.148174	-0.500992
1.45854	-0.129342	-0.129342	-0.437319
1.46853	-0.109853	-0.109853	-0.371427
1.47852	-0.0898078	-0.0898078	-0.303651
1.48851	-0.069307	-0.069307	-0.234335
1.4985	-0.0484551	-0.0484551	-0.163832
1.50849	-0.0273578	-0.0273578	-0.0924997
1.51848	-0.006122	-0.006122	-0.0206992
1.52847	0.0151447	0.0151447	0.0512061
1.53846	0.0363349	0.0363349	0.122853
1.54845	0.0573416	0.0573416	0.193878
1.55844	0.0780588	0.0780588	0.263926
1.56843	0.0983822	0.0983822	0.332642
1.57842	0.11821	0.11821	0.39968
1.58841	0.137441	0.137441	0.464705
1.5984	0.155981	0.155981	0.52739
1.60839	0.173736	0.173736	0.587421
1.61838	0.190617	0.190617	0.644497
1.62837	0.20654	0.20654	0.698335
1.63836	0.221425	0.221425	0.748665
1.64835	0.2352	0.2352	0.795237
1.65834	0.247794	0.247794	0.83782
1.66833	0.259146	0.259146	0.876203
1.67832	0.2692	0.2692	0.910196
1.68831	0.277906	0.277906	0.939633
1.6983	0.285222	0.285222	0.964369
1.70829	0.291112	0.291112	0.984284
1.71828	0.295548	0.295548	0.999281
1.72827	0.298508	0.298508	1.00929
1.73826	0.299978	0.299978	1.01426
1.74825	0.299953	0.299953	1.01418
1.75824	0.298434	0.298434	1.00904
1.76823	0.295428	0.295428	0.998877
1.77822	0.290953	0.290953	0.983745
1.78821	0.285031	0.285031	0.963723
1.7982	0.277693	0.277693	0.938912
1.80819	0.268977	0.268977	0.90944
1.81818	0.258925	0.258925	0.875456
1.82817	0.247591	0.247591	0.837132
1.83816	0.235029	0.235029	0.794661
1.84815	0.221305	0.221305	0.748256
1.85814	0.206485	0.206485	0.69815
1.86813	0.190645	0.190645	0.644593
1.87812	0.173863	0.173863	0.587852
1.88811	0.156224	0.156224	0.52821
1.8981	0.137813	0.137813	0.465963
1.90809	0.118724	0.118724	0.401419
1.91808	0.09905	0.09905	0.334899
1.92807	0.0788886	0.0788886	0.266731
1.93806	0.0583393	0.0583393	0.197252
1.94805	0.0375034	0.0375034	0.126803
1.95804	0.0164834	0.0164834	0.0557324
1.96803	-0.00461741	-0.00461741	-0.015612
1.97802	-0.0256956	-0.0256956	-0.0868799
1.98801	-0.0466481	-0.0466481	-0.157722
1.998	-0.0673722	-0.0673722	-0.227793
2.00799	-0.087767	-0.087767	-0.29675
2.01798	-0.107733	-0.107733	-0.364258
2.02797	-0.127173	-0.127173	-0.429987
2.03796	-0.145993	-0.145993	-0.49362
2.04795	-0.164102	-0.164102	-0.554847
2.05794	-0.181411	-0.181411	-0.613373
2.06793	-0.197839	-0.197839	-0.668915
2.07792	-0.213304	-0.213304	-0.721205
2.08791	-0.227734	-0.227734	-0.769993
2.0979	-0.241058	-0.241058	-0.815045
2.10789	-0.253214	-0.253214	-0.856145
2.11788	-0.264143	-0.264143	-0.893097
2.12787	-0.273794	-0.273794	-0.925728
2.13786	-0.28212	-0.28212	-0.953882
2.14785	-0.289084	-0.289084	-0.977427
2.15784	-0.294653	-0.294653	-0.996254
2.16783	-0.2988	-0.2988	-1.01028
2.17782	-0.301507	-0.301507	-1.01943
2.18781	-0.302763	-0.302763	-1.02368
2.1978	-0.302563	-0.302563	-1.023
2.20779	-0.300909	-0.300909	-1.01741
2.21778	-0.29781	-0.29781	-1.00693
2.22777	-0.293282	-0.293282	-0.991621
2.23776	-0.287349	-0.287349	-0.971561
2.24775	-0.280041	-0.280041	-0.946849
2.25774	-0.271392	-0.271392	-0.917609
2.26773	-0.261447	-0.261447	-0.883983
2.27772	-0.250254	-0.250254	-0.846136
2.28771	-0.237867	-0.237867	-0.804254
2.2977	-0.224346	-0.224346	-0.758539
2.30769	-0.209757	-0.209757	-0.709213
2.31768	-0.194171	-0.194171	-0.656514
2.32767	-0.177662	-0.177662	-0.600695
2.33766	-0.16031	-0.16031	-0.542025
2.34765	-0.142197	-0.142197	-0.480785
2.35764	-0.123411	-0.123411	-0.417266
2.36763	-0.104041	-0.104041	-0.351773
2.37762	-0.0841783	-0.0841783	-0.284616
2.38761	-0.0639184	-0.0639184	-0.216115
2.3976	-0.0433569	-0.0433569	-0.146595
2.40759	-0.0225909	-0.0225909	-0.0763826
2.41758	-0.00171862	-0.00171862	-0.00581086
2.42757	0.0191618	0.0191618	0.0647883
2.43756	0.0399522	0.0399522	0.135083
2.44755	0.060555	0.060555	0.204744
2.45754	0.0808739	0.0808739	0.273444
2.46753	0.100814	0.100814	0.340863
2.47752	0.120282	0.120282	0.406688
2.48751	0.139188	0.139188	0.470611
2.4975	0.157444	0.157444	0.532336
2.50749	0.174965	0.174965	0.591578
2.51748	0.191671	0.191671	0.648063
2.52747	0.207485	0.207485	0.701531
2.53746	0.222334	0.222334	0.751737
2.54745	0.23615	0.23615	0.798451
2.55744	0.248871	0.248871	0.841461
2.56743	0.260438	0.260438	0.88057
2.57742	0.270799	0.270799	0.915602
2.58741	0.279908	0.279908	0.946401
2.5974	0.287724	0.287724	0.972827
2.60739	0.294212	0.294212	0.994764
2.61738	0.299344	0.299344	1.01212
2.62737	0.303098	0.303098	1.02481
2.63736	0.305458	0.305458	1.03279
2.64735	0.306415	0.306415	1.03602
2.65734	0.305966	0.305966	1.0345
2.66733	0.304114	0.304114	1.02825
2.67732	0.300871	0.300871	1.01728
2.68731	0.296252	0.296252	1.00166
2.6973	0.29028	0.29028	0.981468
2.70729	0.282983	0.282983	0.956799
2.71728	0.274398	0.274398	0.92777
2.72727	0.264563	0.264563	0.894519
2.73726	0.253526	0.253526	0.857201
2.74725	0.241338	0.241338	0.815992
2.75724	0.228056	0.228056	0.771083
2.76723	0.213741	0.213741	0.722682
2.77722	0.198459	0.198459	0.671011
2.78721	0.18228	0.18228	0.616309
2.7972	0.165278	0.165278	0.558825
2.80719	0.147532	0.147532	0.498823
2.81718	0.129122	0.129122	0.436576
2.82717	0.110131	0.110131	0.372365
2.83716	0.0906456	0.0906456	0.306483
2.84715	0.0707537	0.0707537	0.239226
2.85714	0.0505449	0.0505449	0.170898
2.86713	0.0301099	0.0301099	0.101805
2.87712	0.00954047	0.00954047	0.0322574
2.88711	-0.0110716	-0.0110716	-0.0374343
2.8971	-0.0316343	-0.0316343	-0.106959
2.90709	-0.0520563	-0.0520563	-0.176008
2.91708	-0.0722469	-0.0722469	-0.244275
2.92707	-0.0921169	-0.0921169	-0.311458
2.93706	-0.111579	-0.111579	-0.37726
2.94705	-0.130546	-0.130546	-0.441392
2.95704	-0.148937	-0.148937	-0.503573
2.96703	-0.16667	-0.16667	-0.56353
2.97702	-0.183668	-0.183668	-0.621003
2.98701	-0.199857	-0.199857	-0.675741
2.997	-0.215168	-0.215168	-0.727508
3.00699	-0.229534	-0.229534	-0.77608
3.01698	-0.242893	-0.242893	-0.821248
3.02697	-0.255188	-0.255188	-0.86282
3.03696	-0.266367	-0.266367	-0.900619
3.04695	-0.276383	-0.276383	-0.934484
3.05694	-0.285194	-0.285194	-0.964273
3.06693	-0.292762	-0.292762	-0.989863
3.07692	-0.299058	-0.299058	-1.01115
3.08691	-0.304054	-0.304054	-1.02804
3.0969	-0.307732	-0.307732	-1.04048
3.10689	-0.310077	-0.310077	-1.0484
3.11688	-0.311081	-0.311081	-1.0518
3.12687	-0.310742	-0.310742	-1.05065
3.13686	-0.309062	-0.309062	-1.04497
3.14685	-0.306052	-0.306052	-1.0348
3.15684	-0.301726	-0.301726	-1.02017
3.16683	-0.296105	-0.296105	-1.00116
3.17682	-0.289214	-0.289214	-0.977866
3.18681	-0.281085	-0.281085	-0.950381
3.1968	-0.271755	-0.271755	-0.918834
3.20679	-0.261265	-0.261265	-0.883365
3.21678	-0.249661	-0.249661	-0.844132
3.22677	-0.236995	-0.236995	-0.801306
3.23676	-0.223322	-0.223322	-0.755076
3.24675	-0.208701	-0.208701	-0.705643
3.25674	-0.193197	-0.193197	-0.65322
3.26673	-0.176875	-0.176875	-0.598034
3.27672	-0.159806	-0.159806	-0.540323
3.28671	-0.142064	-0.142064	-0.480334
3.2967	-0.123723	-0.123723	-0.418323
3.30669	-0.104863	-0.104863	-0.354553
3.31668	-0.0855619	-0.0855619	-0.289294
3.32667	-0.0659026	-0.0659026	-0.222824
3.33666	-0.0459676	-0.0459676	-0.155422
3.34665	-0.0258405	-0.0258405	-0.0873697
3.35664	-0.00560566	-0.00560566	-0.0189534
3.36663	0.0146525	0.0146525	0.0495419
3.37662	0.0348498	0.0348498	0.117831
3.38661	0.0549025	0.0549025	0.185632
3.3966	0.0747278	0.0747278	0.252663
3.40659	0.0942439	0.0942439	0.318649
3.41658	0.113371	0.113371	0.38332
3.42657	0.13203	0.13203	0.44641
3.43656	0.150146	0.150146	0.507662
3.44655	0.167646	0.167646	0.566829
3.45654	0.184457	0.184457	0.62367
3.46653	0.200513	0.200513	0.677956
3.47652	0.215749	0.215749	0.729471
3.48651	0.230104	0.230104	0.778008
3.4965	0.243522	0.243522	0.823375
3.50649	0.255949	0.255949	0.865392
3.51648	0.267337	0.267337	0.903895
3.52647	0.27764	0.27764	0.938734
3.53646	0.286821	0.286821	0.969774
3.54645	0.294842	0.294842	0.996896
3.55644	0.301675	0.301675	1.02
3.56643	0.307293	0.307293	1.03899
3.57642	0.311676	0.311676	1.05381
3.58641	0.314809	0.314809	1.0644
3.5964	0.316681	0.316681	1.07073
3.60639	0.317287	0.317287	1.07278
3.61638	0.316627	0.316627	1.07055
3.62637	0.314707	0.314707	1.06406
3.63636	0.311535	0.311535	1.05333
3.64635	0.307126	0.307126	1.03843
3.65634	0.301501	0.301501	1.01941
3.66633	0.294684	0.294684	0.99636
3.67632	0.286704	0.286704	0.969378
3.68631	0.277594	0.277594	0.938578
3.6963	0.267393	0.267393	0.904087
3.70629	0.256143	0.256143	0.866047
3.71628	0.243889	0.243889	0.824615
3.72627	0.230681	0.230681	0.779959
3.73626	0.216573	0.216573	0.732259
3.74625	0.201622	0.201622	0.681706
3.75624	0.185887	0.185887	0.628504
3.76623	0.16943	0.16943	0.572862
3.77622	0.152317	0.152317	0.515002
3.78621	0.134616	0.134616	0.455152
3.7962	0.116395	0.116395	0.393546
3.80619	0.0977264	0.0977264	0.330424
3.81618	0.078682	0.078682	0.266033
3.82617	0.0593358	0.0593358	0.200621
3.83616	0.0397626	0.0397626	0.134442
3.84615	0.0200374	0.0200374	0.0677487
3.85614	0.000235792	0.000235792	0.000797238
3.86613	-0.0195667	-0.0195667	-0.0661573
3.87612	-0.039295	-0.039295	-0.132861
3.88611	-0.0588744	-0.0588744	-0.199061
3.8961	-0.0782312	-0.0782312	-0.264508
3.90609	-0.0972928	-0.0972928	-0.328958
3.91608	-0.115988	-0.115988	-0.392169
3.92607	-0.134248	-0.134248	-0.453906
3.93606	-0.152004	-0.152004	-0.513941
3.94605	-0.169191	-0.169191	-0.572054
3.95604	-0.185746	-0.185746	-0.628029
3.96603	-0.20161	-0.20161	-0.681665
3.97602	-0.216723	-0.216723	-0.732766
3.98601	-0.231033	-0.231033	-0.781148
3.996	-0.244487	-0.244487	-0.826638
4.00599	-0.257038	-0.257038	-0.869073
4.01598	-0.268641	-0.268641	-0.908305
4.02597	-0.279256	-0.279256	-0.944195
4.03596	-0.288845	-0.288845	-0.976619
4.04595	-0.297377	-0.297377	-1.00547
4.05594	-0.304822	-0.304822	-1.03064
4.06593	-0.311156	-0.311156	-1.05205
4.07592	-0.316357	-0.316357	-1.06964
4.08591	-0.32041	-0.32041	-1.08334
4.0959	-0.323302	-0.323302	-1.09312
4.10589	-0.325026	-0.325026	-1.09895
4.11588	-0.325578	-0.325578	-1.10082
4.12587	-0.324959	-0.324959	-1.09872
4.13586	-0.323173	-0.323173	-1.09268
4.14585	-0.320229	-0.320229	-1.08273
4.15584	-0.316142	-0.316142	-1.06891
4.16583	-0.310927	-0.310927	-1.05128
4.17582	-0.304607	-0.304607	-1.02991
4.18581	-0.297206	-0.297206	-1.00489
4.1958	-0.288752	-0.288752	-0.976305
4.20579	-0.279279	-0.279279	-0.944276
4.21578	-0.268823	-0.268823	-0.90892
4.22577	-0.257421	-0.257421	-0.870369
4.23576	-0.245116	-0.245116	-0.828766
4.24575	-0.231955	-0.231955	-0.784265
4.25574	-0.217983	-0.217983	-0.737027
4.26573	-0.203253	-0.203253	-0.687223
4.27572	-0.187818	-0.187818	-0.635033
4.28571	-0.171731	-0.171731	-0.580642
4.2957	-0.155051	-0.155051	-0.524246
4.30569	-0.137837	-0.137837	-0.466042
4.31568	-0.120149	-0.120149	-0.406236
4.32567	-0.102048	-0.102048	-0.345037
4.33566	-0.0835987	-0.0835987	-0.282657
4.34565	-0.0648639	-0.0648639	-0.219312
4.35564	-0.0459082	-0.0459082	-0.155221
4.36563	-0.0267967	-0.0267967	-0.0906026
4.37562	-0.00759436	-0.00759436	-0.0256774
4.38561	0.0116336	0.0116336	0.0393346
4.3956	0.0308225	0.0308225	0.104214
4.40559	0.0499077	0.0499077	0.168744
4.41558	0.0688258	0.0688258	0.232708
4.42557	0.0875138	0.0875138	0.295894
4.43556	0.10591	0.10591	0.358094
4.44555	0.123954	0.123954	0.419103
4.45554	0.141587	0.141587	0.478723
4.46553	0.158752	0.158752	0.536759
4.47552	0.175393	0.175393	0.593025
4.48551	0.191458	0.191458	0.64734
4.4955	0.206894	0.206894	0.699532
4.50549	0.221653	0.221653	0.749435
4.51548	0.235689	0.235689	0.796893
4.52547	0.248959	0.248959	0.841758
4.53546	0.26142	0.26142	0.883892
4.54545	0.273036	0.273036	0.923166
4.55544	0.283771	0.283771	0.959461
4.56543	0.293593	0.293593	0.99267
4.57542	0.302472	0.302472	1.02269
4.58541	0.310384	0.310384	1.04944
4.5954	0.317306	0.317306	1.07285
4.60539	0.323219	0.323219	1.09284
4.61538	0.328106	0.328106	1.10936
4.62537	0.331955	0.331955	1.12238
4.63536	0.334758	0.334758	1.13186
4.64535	0.336508	0.336508	1.13777
4.65534	0.337203	0.337203	1.14012
4.66533	0.336845	0.336845	1.13891
4.67532	0.335436	0.335436	1.13415
4.68531	0.332985	0.332985	1.12586
4.6953	0.329503	0.329503	1.11409
4.70529	0.325002	0.325002	1.09887
4.71528	0.319502	0.319502	1.08027
4.72527	0.31302	0.31302	1.05836
4.73526	0.30558	0.30558	1.0332
4.74525	0.297208	0.297208	1.0049
4.75524	0.287933	0.287933	0.973533
4.76523	0.277784	0.277784	0.939218
4.77522	0.266795	0.266795	0.902065
4.78521	0.255003	0.255003	0.862193
4.7952	0.242444	0.242444	0.819732
4.80519	0.22916	0.22916	0.774817
4.81518	0.215192	0.215192	0.727589
4.82517	0.200584	0.200584	0.678196
4.83516	0.185381	0.185381	0.626793
4.84515	0.16963	0.16963	0.573537
4.85514	0.153379	0.153379	0.518591
4.86513	0.136678	0.136678	0.462123
4.87512	0.119576	0.119576	0.404302
4.88511	0.102127	0.102127	0.345301
4.8951	0.0843796	0.0843796	0.285297
4.90509	0.0663882	0.0663882	0.224466
4.91508	0.048205	0.048205	0.162987
4.92507	0.0298831	0.0298831	0.101038
4.93506	0.0114755	0.0114755	0.0388
4.94505	-0.00696495	-0.00696495	-0.0235493
4.95504	-0.0253856	-0.0253856	-0.0858316
4.96503	-0.0437342	-0.0437342	-0.14787
4.97502	-0.0619592	-0.0619592	-0.209491
4.98501	-0.0800095	-0.0800095	-0.270521
4.995	-0.0978352	-0.0978352	-0.330792
5.00499	-0.115387	-0.115387	-0.390137
5.01498	-0.132617	-0.132617	-0.448394
5.02497	-0.149479	-0.149479	-0.505404
5.03496	-0.165926	-0.165926	-0.561016
5.04495	-0.181916	-0.181916	-0.61508
5.05494	-0.197406	-0.197406	-0.667453
5.06493	-0.212356	-0.212356	-0.717999
5.07492	-0.226726	-0.226726	-0.766585
5.08491	-0.240479	-0.240479	-0.813088
5.0949	-0.253582	-0.253582	-0.857388
5.10489	-0.266	-0.266	-0.899375
5.11488	-0.277703	-0.277703	-0.938945
5.12487	-0.288662	-0.288662	-0.976
5.13486	-0.298852	-0.298852	-1.01045
5.14485	-0.308247	-0.308247	-1.04222
5.15484	-0.316826	-0.316826	-1.07122
5.16483	-0.32457	-0.32457	-1.09741
5.17482	-0.331461	-0.331461	-1.12071
5.18481	-0.337485	-0.337485	-1.14108
5.1948	-0.34263	-0.34263	-1.15847
5.20479	-0.346885	-0.346885	-1.17286
5.21478	-0.350243	-0.350243	-1.18421
5.22477	-0.3527	-0.3527	-1.19252
5.23476	-0.354252	-0.354252	-1.19776
5.24475	-0.354899	-0.354899	-1.19995
5.25474	-0.354643	-0.354643	-1.19909
5.26473	-0.353489	-0.353489	-1.19519
5.27472	-0.351443	-0.351443	-1.18827
5.28471	-0.348515	-0.348515	-1.17837
5.2947	-0.344714	-0.344714	-1.16552
5.30469	-0.340055	-0.340055	-1.14976
5.31468	-0.334552	-0.334552	-1.13116
5.32467	-0.328223	-0.328223	-1.10976
5.33466	-0.321086	-0.321086	-1.08563
5.34465	-0.313163	-0.313163	-1.05884
5.35464	-0.304477	-0.304477	-1.02947
5.36463	-0.295051	-0.295051	-0.997603
5.37462	-0.284913	-0.284913	-0.963323
5.38461	-0.274089	-0.274089	-0.926725
5.3946	-0.262608	-0.262608	-0.887907
5.40459	-0.250501	-0.250501	-0.846972
5.41458	-0.237799	-0.237799	-0.804027
5.42457	-0.224536	-0.224536	-0.759181
5.43456	-0.210744	-0.210744	-0.712549
5.44455	-0.196459	-0.196459	-0.664249
5.45454	-0.181715	-0.181715	-0.6144
5.46453	-0.166551	-0.166551	-0.563127
5.47452	-0.151001	-0.151001	-0.510552
5.48451	-0.135105	-0.135105	-0.456805
5.4945	-0.118899	-0.118899	-0.402013
5.50449	-0.102423	-0.102423	-0.346305
5.51448	-0.0857153	-0.0857153	-0.289813
5.52447	-0.0688139	-0.0688139	-0.232668
5.53446	-0.0517582	-0.0517582	-0.175
5.54445	-0.0345869	-0.0345869	-0.116942
5.55444	-0.0173387	-0.0173387	-0.0586242
5.56443	-5.21978e-005	-5.21978e-005	-0.000176487
5.57442	0.0172345	0.0172345	0.0582717
5.58441	0.0344835	0.0344835	0.116592
5.5944	0.0516574	0.0516574	0.17466
5.60439	0.0687195	0.0687195	0.232349
5.61438	0.0856336	0.0856336	0.289537
5.62437	0.102364	0.102364	0.346105
5.63436	0.118877	0.118877	0.401935
5.64435	0.135137	0.135137	0.456913
5.65434	0.151112	0.151112	0.510927
5.66433	0.16677	0.16677	0.563869
5.67432	0.18208	0.18208	0.615635
5.68431	0.197013	0.197013	0.666122
5.6943	0.211538	0.211538	0.715235
5.70429	0.225629	0.225629	0.762879
5.71428	0.23926	0.23926	0.808965
5.72427	0.252405	0.252405	0.853409
5.73426	0.26504	0.26504	0.896131
5.74425	0.277143	0.277143	0.937053
5.75424	0.288693	0.288693	0.976105
5.76423	0.29967	0.29967	1.01322
5.77422	0.310056	0.310056	1.04834
5.78421	0.319834	0.319834	1.08139
5.7942	0.328988	0.328988	1.11234
5.80419	0.337504	0.337504	1.14114
5.81418	0.345369	0.345369	1.16773
5.82417	0.352574	0.352574	1.19209
5.83416	0.359107	0.359107	1.21418
5.84415	0.36496	0.36496	1.23397
5.85414	0.370127	0.370127	1.25144
5.86413	0.374603	0.374603	1.26657
5.87412	0.378382	0.378382	1.27935
5.88411	0.381464	0.381464	1.28977
5.8941	0.383846	0.383846	1.29783
5.90409	0.385528	0.385528	1.30351
5.91408	0.386512	0.386512	1.30684
5.92407	0.386802	0.386802	1.30782
5.93406	0.3864	0.3864	1.30646
5.94405	0.385312	0.385312	1.30278
5.95404	0.383545	0.383545	1.29681
5.96403	0.381107	0.381107	1.28856
5.97402	0.378005	0.378005	1.27808
5.98401	0.37425	0.37425	1.26538
5.994	0.369854	0.369854	1.25052
6.00399	0.364827	0.364827	1.23352
6.01398	0.359183	0.359183	1.21444
6.02397	0.352936	0.352936	1.19332
6.03396	0.3461	0.3461	1.1702
6.04395	0.338691	0.338691	1.14515
6.05394	0.330725	0.330725	1.11822
6.06393	0.32222	0.32222	1.08946
6.07392	0.313193	0.313193	1.05894
6.08391	0.303663	0.303663	1.02672
6.0939	0.293648	0.293648	0.992856
6.10389	0.283168	0.283168	0.957423
6.11388	0.272243	0.272243	0.920485
6.12387	0.260894	0.260894	0.882112
6.13386	0.249141	0.249141	0.842375
6.14385	0.237006	0.237006	0.801346
6.15384	0.224511	0.224511	0.759096
6.16383	0.211676	0.211676	0.715701
6.17382	0.198524	0.198524	0.671233
6.18381	0.185078	0.185078	0.625768
6.1938	0.171358	0.171358	0.579382
6.20379	0.157389	0.157389	0.532149
6.21378	0.143191	0.143191	0.484145
6.22377	0.128788	0.128788	0.435446
6.23376	0.114201	0.114201	0.386127
6.24375	0.0994533	0.0994533	0.336263
6.25374	0.0845663	0.0845663	0.285928
6.26373	0.0695621	0.0695621	0.235198
6.27372	0.0544624	0.0544624	0.184143
6.28371	0.0392884	0.0392884	0.132839
6.2937	0.0240614	0.0240614	0.0813545
6.30369	0.00880228	0.00880228	0.0297615
6.31368	-0.00646856	-0.00646856	-0.0218709
6.32367	-0.0217309	-0.0217309	-0.0734748
6.33366	-0.0369651	-0.0369651	-0.124983
6.34365	-0.0521519	-0.0521519	-0.176331
6.35364	-0.0672722	-0.0672722	-0.227455
6.36363	-0.0823078	-0.0823078	-0.278292
6.37362	-0.0972407	-0.0972407	-0.328782
6.38361	-0.112053	-0.112053	-0.378866
6.3936	-0.126729	-0.126729	-0.428486
6.40359	-0.141252	-0.141252	-0.477589
6.41358	-0.155605	-0.155605	-0.52612
6.42357	-0.169775	-0.169775	-0.574028
6.43356	-0.183745	-0.183745	-0.621264
6.44355	-0.197503	-0.197503	-0.66778
6.45354	-0.211034	-0.211034	-0.713531
6.46353	-0.224327	-0.224327	-0.758474
6.47352	-0.237368	-0.237368	-0.802567
6.48351	-0.250146	-0.250146	-0.845772
6.4935	-0.262651	-0.262651	-0.888052
6.50349	-0.274871	-0.274871	-0.929371
6.51348	-0.286798	-0.286798	-0.969698
6.52347	-0.298423	-0.298423	-1.009
6.53346	-0.309736	-0.309736	-1.04725
6.54345	-0.320731	-0.320731	-1.08443
6.55344	-0.331399	-0.331399	-1.1205
6.56343	-0.341736	-0.341736	-1.15545
6.57342	-0.351733	-0.351733	-1.18925
6.58341	-0.361388	-0.361388	-1.22189
6.5934	-0.370694	-0.370694	-1.25336
6.60339	-0.379647	-0.379647	-1.28363
6.61338	-0.388245	-0.388245	-1.3127
6.62337	-0.396483	-0.396483	-1.34055
6.63336	-0.40436	-0.40436	-1.36719
6.64335	-0.411875	-0.411875	-1.3926
6.65334	-0.419024	-0.419024	-1.41677
6.66333	-0.425809	-0.425809	-1.43971
6.67332	-0.432228	-0.432228	-1.46141
6.68331	-0.438282	-0.438282	-1.48188
6.6933	-0.443971	-0.443971	-1.50112
6.70329	-0.449297	-0.449297	-1.51913
6.71328	-0.454262	-0.454262	-1.53591
6.72327	-0.458867	-0.458867	-1.55148
6.73326	-0.463114	-0.463114	-1.56584
6.74325	-0.467008	-0.467008	-1.57901
6.75324	-0.47055	-0.47055	-1.59098
6.76323	-0.473746	-0.473746	-1.60179
6.77322	-0.476598	-0.476598	-1.61143
6.78321	-0.479111	-0.479111	-1.61993
6.7932	-0.481291	-0.481291	-1.6273
6.80319	-0.483141	-0.483141	-1.63355
6.81318	-0.484667	-0.484667	-1.63871
6.82317	-0.485875	-0.485875	-1.6428
6.83316	-0.48677	-0.48677	-1.64582
6.84315	-0.487359	-0.487359	-1.64782
6.85314	-0.487648	-0.487648	-1.64879
6.86313	-0.487643	-0.487643	-1.64878
6.87312	-0.487351	-0.487351	-1.64779
6.88311	-0.486778	-0.486778	-1.64585
6.8931	-0.485933	-0.485933	-1.64299
6.90309	-0.484822	-0.484822	-1.63924
6.91308	-0.483451	-0.483451	-1.6346
6.92307	-0.48183	-0.48183	-1.62912
6.93306	-0.479964	-0.479964	-1.62281
6.94305	-0.477863	-0.477863	-1.61571
6.95304	-0.475532	-0.475532	-1.60783
6.96303	-0.472981	-0.472981	-1.5992
6.97302	-0.470216	-0.470216	-1.58985
6.98301	-0.467246	-0.467246	-1.57981
6.993	-0.464078	-0.464078	-1.5691
7.00299	-0.460721	-0.460721	-1.55775
7.01298	-0.457181	-0.457181	-1.54578
7.02297	-0.453468	-0.453468	-1.53323
7.03296	-0.449587	-0.449587	-1.52011
7.04295	-0.445548	-0.445548	-1.50645
7.05294	-0.441358	-0.441358	-1.49228
7.06293	-0.437025	-0.437025	-1.47763
7.07292	-0.432555	-0.432555	-1.46252
7.08291	-0.427957	-0.427957	-1.44697
7.0929	-0.423238	-0.423238	-1.43102
7.10289	-0.418406	-0.418406	-1.41468
7.11288	-0.413467	-0.413467	-1.39798
7.12287	-0.408428	-0.408428	-1.38094
7.13286	-0.403297	-0.403297	-1.36359
7.14285	-0.398081	-0.398081	-1.34596
7.15284	-0.392786	-0.392786	-1.32805
7.16283	-0.387419	-0.387419	-1.30991
7.17282	-0.381986	-0.381986	-1.29154
7.18281	-0.376495	-0.376495	-1.27297
7.1928	-0.37095	-0.37095	-1.25422
7.20279	-0.365359	-0.365359	-1.23532
7.21278	-0.359726	-0.359726	-1.21628
7.22277	-0.354059	-0.354059	-1.19711
7.23276	-0.348362	-0.348362	-1.17785
7.24275	-0.342641	-0.342641	-1.15851
7.25274	-0.336902	-0.336902	-1.1391
7.26273	-0.331149	-0.331149	-1.11965
7.27272	-0.325388	-0.325388	-1.10017
7.28271	-0.319623	-0.319623	-1.08068
7.2927	-0.31386	-0.31386	-1.0612
7.30269	-0.308102	-0.308102	-1.04173
7.31268	-0.302354	-0.302354	-1.02229
7.32267	-0.296621	-0.296621	-1.00291
7.33266	-0.290906	-0.290906	-0.983586
7.34265	-0.285213	-0.285213	-0.964338
7.35264	-0.279546	-0.279546	-0.945178
7.36263	-0.273909	-0.273909	-0.926118
7.37262	-0.268305	-0.268305	-0.907169
7.38261	-0.262737	-0.262737	-0.888344
7.3926	-0.257208	-0.257208	-0.869651
7.40259	-0.251722	-0.251722	-0.851101
7.41258	-0.246281	-0.246281	-0.832704
7.42257	-0.240888	-0.240888	-0.814469
7.43256	-0.235545	-0.235545	-0.796403
7.44255	-0.230254	-0.230254	-0.778516
7.45254	-0.225019	-0.225019	-0.760815
7.46253	-0.219841	-0.219841	-0.743307
7.47252	-0.214721	-0.214721	-0.725997
7.48251	-0.209663	-0.209663	-0.708894
7.4925	-0.204667	-0.204667	-0.692002
7.50249	-0.199735	-0.199735	-0.675326
7.51248	-0.194868	-0.194868	-0.658872
7.52247	-0.190069	-0.190069	-0.642643
7.53246	-0.185337	-0.185337	-0.626645
7.54245	-0.180674	-0.180674	-0.610881
7.55244	-0.176082	-0.176082	-0.595353
7.56243	-0.17156	-0.17156	-0.580065
7.57242	-0.167111	-0.167111	-0.56502
7.58241	-0.162733	-0.162733	-0.55022
7.5924	-0.158429	-0.158429	-0.535666
7.60239	-0.154198	-0.154198	-0.52136
7.61238	-0.150041	-0.150041	-0.507304
7.62237	-0.145957	-0.145957	-0.493499
7.63236	-0.141949	-0.141949	-0.479944
7.64235	-0.138014	-0.138014	-0.466642
7.65234	-0.134154	-0.134154	-0.45359
7.66233	-0.130368	-0.130368	-0.440791
7.67232	-0.126657	-0.126657	-0.428242
7.68231	-0.12302	-0.12302	-0.415944
7.6923	-0.119457	-0.119457	-0.403896
7.70229	-0.115967	-0.115967	-0.392097
7.71228	-0.11255	-0.11255	-0.380545
7.72227	-0.109206	-0.109206	-0.369239
7.73226	-0.105935	-0.105935	-0.358178
7.74225	-0.102735	-0.102735	-0.347359
7.75224	-0.0996064	-0.0996064	-0.336781
7.76223	-0.0965483	-0.0965483	-0.326441
7.77222	-0.0935601	-0.0935601	-0.316337
7.78221	-0.090641	-0.090641	-0.306468
7.7922	-0.0877903	-0.0877903	-0.296829
7.80219	-0.0850073	-0.0850073	-0.287419
7.81218	-0.082291	-0.082291	-0.278235
7.82217	-0.0796407	-0.0796407	-0.269274
7.83216	-0.0770554	-0.0770554	-0.260533
7.84215	-0.0745343	-0.0745343	-0.252009
7.85214	-0.0720764	-0.0720764	-0.243699
7.86213	-0.0696808	-0.0696808	-0.235599
7.87212	-0.0673464	-0.0673464	-0.227706
7.88211	-0.0650723	-0.0650723	-0.220017
7.8921	-0.0628575	-0.0628575	-0.212528
7.90209	-0.060701	-0.060701	-0.205237
7.91208	-0.0586016	-0.0586016	-0.198139
7.92207	-0.0565584	-0.0565584	-0.19123
7.93206	-0.0545702	-0.0545702	-0.184508
7.94205	-0.0526361	-0.0526361	-0.177969
7.95204	-0.0507549	-0.0507549	-0.171608
7.96203	-0.0489255	-0.0489255	-0.165423
7.97202	-0.0471469	-0.0471469	-0.159409
7.98201	-0.045418	-0.045418	-0.153563
7.992	-0.0437375	-0.0437375	-0.147882
8.00199	-0.0421046	-0.0421046	-0.14236
8.01198	-0.040518	-0.040518	-0.136996
8.02197	-0.0389766	-0.0389766	-0.131784
8.03196	-0.0374794	-0.0374794	-0.126722
8.04195	-0.0360253	-0.0360253	-0.121806
8.05194	-0.0346131	-0.0346131	-0.117031
8.06193	-0.0332418	-0.0332418	-0.112394
8.07192	-0.0319103	-0.0319103	-0.107892
8.08191	-0.0306175	-0.0306175	-0.103521
8.0919	-0.0293623	-0.0293623	-0.0992774
8.10189	-0.0281437	-0.0281437	-0.0951572
8.11188	-0.0269606	-0.0269606	-0.091157
8.12187	-0.025812	-0.025812	-0.0872733
8.13186	-0.0246967	-0.0246967	-0.0835025
8.14185	-0.0236138	-0.0236138	-0.0798411
8.15184	-0.0225623	-0.0225623	-0.0762856
8.16183	-0.021541	-0.021541	-0.0728325
8.17182	-0.0205489	-0.0205489	-0.0694783
8.18181	-0.0195852	-0.0195852	-0.0662197
8.1918	-0.0186487	-0.0186487	-0.0630533
8.20179	-0.0177384	-0.0177384	-0.0599755
8.21178	-0.0168534	-0.0168534	-0.0569832
8.22177	-0.0159927	-0.0159927	-0.054073
8.23176	-0.0151552	-0.0151552	-0.0512416
8.24175	-0.0143401	-0.0143401	-0.0484856
8.25174	-0.0135464	-0.0135464	-0.0458019
8.26173	-0.012773	-0.012773	-0.0431871
8.27172	-0.0120192	-0.0120192	-0.0406381
8.28171	-0.0112838	-0.0112838	-0.0381517
8.2917	-0.0105659	-0.0105659	-0.0357246
8.30169	-0.00986468	-0.00986468	-0.0333536
8.31168	-0.00917912	-0.00917912	-0.0310356
8.32167	-0.00850829	-0.00850829	-0.0287675
8.33166	-0.00785125	-0.00785125	-0.026546
8.34165	-0.00720708	-0.00720708	-0.024368
8.35164	-0.00657484	-0.00657484	-0.0222303
8.36163	-0.00595359	-0.00595359	-0.0201298
8.37162	-0.00534239	-0.00534239	-0.0180632
8.38161	-0.00474029	-0.00474029	-0.0160275
8.3916	-0.00414636	-0.00414636	-0.0140193
8.40159	-0.00355963	-0.00355963	-0.0120355
8.41158	-0.00297915	-0.00297915	-0.0100729
8.42157	-0.00240395	-0.00240395	-0.00812803
8.43156	-0.00183305	-0.00183305	-0.00619774
8.44155	-0.00126545	-0.00126545	-0.00427864
8.45154	-0.000700163	-0.000700163	-0.00236733
8.46153	-0.00013616	-0.00013616	-0.000460371
8.47152	0.000427593	0	0.00144574
8.48151	0.000992148	0	0.00335457
8.4915	0.00155858	0	0.00526974
8.50149	0.00212799	0	0.00719496
8.51148	0.00270149	0	0.00913404
8.52147	0.00328023	0	0.0110908
8.53146	0.0038654	0	0.0130694
8.54145	0.00445821	0	0.0150737
8.55144	0.0050599	0	0.0171081
8.56143	0.00567175	0	0.0191768
8.57142	0.0062951	0	0.0212844
8.58141	0.00693131	0	0.0234355
8.5914	0.0075818	0	0.0256349
8.60139	0.00824804	0	0.0278876
8.61138	0.00893157	0	0.0301986
8.62137	0.00963395	0	0.0325735
8.63136	0.0103568	0	0.0350177
8.64135	0.011102	0	0.037537
8.65134	0.0118711	0	0.0401376
8.66133	0.0126661	0	0.0428257
8.67132	0.013489	0	0.0456079
8.68131	0.0143418	0	0.0484911
8.6913	0.0152265	0	0.0514826
8.70129	0.0161456	0	0.05459
8.71128	0.0171012	0	0.0578211
8.72127	0.0180959	0	0.0611843
8.73126	0.0191322	0	0.0646883
8.74125	0.020213	0	0.0683424
8.75124	0.0213409	0	0.0721562
8.76123	0.0225192	0	0.0761398
8.77122	0.0237508	0	0.0803041
8.78121	0.0250391	0	0.0846602
8.7912	0.0263878	0	0.08922
8.80119	0.0278004	0	0.0939962
8.81118	0.0292808	0	0.0990018
8.82117	0.0308333	0	0.104251
8.83116	0.0324622	0	0.109758
8.84115	0.034172	0	0.11554
8.85114	0.0359677	0	0.121611
8.86113	0.0378544	0	0.12799
8.87112	0.0398375	0	0.134695
8.88111	0.0419228	0	0.141746
8.8911	0.0441164	0	0.149162
8.90109	0.0464247	0	0.156967
8.91108	0.0488545	0	0.165183
8.92107	0.0514132	0	0.173834
8.93106	0.0541083	0	0.182946
8.94105	0.0569479	0	0.192547
8.95104	0.0599408	0	0.202667
8.96103	0.0630959	0	0.213334
8.97102	0.0664229	0	0.224583
8.98101	0.0699322	0	0.236449
8.991	0.0736345	0	0.248967
9.00099	0.0775415	0	0.262177
9.01098	0.0816653	0	0.27612
9.02097	0.0860191	0	0.29084
9.03096	0.0906165	0	0.306385
9.04095	0.0954722	0	0.322802
9.05094	0.100602	0	0.340146
9.06093	0.106022	0	0.358472
9.07092	0.11175	0	0.37784
9.08091	0.117805	0	0.398311
9.0909	0.124206	0	0.419954
9.10089	0.130975	0	0.44284
9.11088	0.138133	0	0.467045
9.12087	0.145706	0	0.492649
9.13086	0.153718	0	0.519737
9.14085	0.162195	0	0.548401
9.15084	0.171168	0	0.578739
9.16083	0.180666	0	0.610851
9.17082	0.190721	0	0.64485
9.18081	0.201369	0	0.680851
9.1908	0.212645	0	0.718978
9.20079	0.22459	0	0.759364
9.21078	0.237244	0	0.80215
9.22077	0.250653	0	0.847485
9.23076	0.264862	0	0.89553
9.24075	0.279924	0	0.946454
9.25074	0.29589	0	1.00044
9.26073	0.312819	0	1.05768
9.27072	0.330771	0	1.11837
9.28071	0.34981	0	1.18275
9.2907	0.370007	0	1.25104
9.30069	0.391434	0	1.32348
9.31068	0.414171	0	1.40036
9.32067	0.438301	0	1.48194
9.33066	0.463912	0	1.56854
9.34065	0.491102	0	1.66047
9.35064	0.51997	0	1.75808
9.36063	0.550626	0	1.86173
9.37062	0.583185	0	1.97181
9.38061	0.61777	0	2.08875
9.3906	0.654514	0	2.21299
9.40059	0.693557	0	2.34499
9.41058	0.735048	0	2.48528
9.42057	0.77915	0	2.63439
9.43056	0.826031	0	2.79291
9.44055	0.875877	0	2.96144
9.45054	0.92888	0	3.14065
9.46053	0.985252	0	3.33125
9.47052	1.04521	0	3.53399
9.48051	1.109	0	3.74967
9.4905	1.17688	0	3.97916
9.50049	1.24911	0	4.22337
9.51048	1.32598	0	4.48329
9.52047	1.40781	0	4.75998
9.53046	1.49494	0	5.05455
9.54045	1.58771	0	5.36821
9.55044	1.6865	0	5.70225
9.56043	1.79173	0	6.05804
9.57042	1.90383	0	6.43706
9.58041	2.02326	0	6.84088
9.5904	2.15053	0	7.27118
9.60039	2.28616	0	7.72978
9.61038	2.43074	0	8.21861
9.62037	2.58487	0	8.73973
9.63036	2.7492	0	9.29536
9.64035	2.92444	0	9.88787
9.65034	3.11134	0	10.5198
9.66033	3.31071	0	11.1939
9.67032	3.5234	0	11.913
9.68031	3.75035	0	12.6804
9.6903	3.99254	0	13.4992
9.70029	4.25103	0	14.3732
9.71028	4.52697	0	15.3062
9.72027	4.82156	0	16.3022
9.73026	5.13613	0	17.3658
9.74025	5.47206	0	18.5017
9.75024	5.83087	0	19.7148
9.76023	6.21417	0	21.0108
9.77022	6.62369	0	22.3955
9.78021	7.06129	0	23.875
9.7902	7.52896	0	25.4563
9.80019	8.02883	0	27.1464
9.81018	8.56321	0	28.9532
9.82017	9.13456	0	30.885
9.83016	9.74552	0	32.9507
9.84015	10.3989	0	35.16
9.85014	11.0978	0	37.5231
9.86013	11.8455	0	40.0511
9.87012	12.6455	0	42.756
9.88011	13.5016	0	45.6505
9.8901	14.4178	0	48.7483
9.90009	15.3986	0	52.0643
9.91008	16.4485	0	55.6142
9.92007	17.5727	0	59.4152
9.93006	18.7765	0	63.4855
9.94005	20.0658	0	67.8449
9.95004	21.4469	0	72.5146
9.96003	22.9266	0	77.5173
9.97002	24.5119	0	82.8776
9.98001	26.2108	0	88.6219
9.99	28.0317	0	94.7785
