0	0	0	0
0.00999	0.0106074	0.0106074	0.0099895
0.01998	0.0212117	0.0212117	0.019976
0.02997	0.0318095	0.0318095	0.0299565
0.03996	0.0423979	0.0423979	0.0399281
0.04995	0.0529736	0.0529736	0.0498877
0.05994	0.0635335	0.0635335	0.0598324
0.06993	0.0740743	0.0740743	0.0697593
0.07992	0.084593	0.084593	0.0796652
0.08991	0.0950865	0.0950865	0.0895474
0.0999	0.105552	0.105552	0.0994029
0.10989	0.115985	0.115985	0.109229
0.11988	0.126384	0.126384	0.119022
0.12987	0.136746	0.136746	0.12878
0.13986	0.147066	0.147066	0.138499
0.14985	0.157343	0.157343	0.148177
0.15984	0.167573	0.167573	0.157812
0.16983	0.177754	0.177754	0.167399
0.17982	0.187882	0.187882	0.176937
0.18981	0.197954	0.197954	0.186422
0.1998	0.207967	0.207967	0.195853
0.20979	0.217919	0.217919	0.205225
0.21978	0.227807	0.227807	0.214537
0.22977	0.237628	0.237628	0.223786
0.23976	0.247379	0.247379	0.232969
0.24975	0.257057	0.257057	0.242083
0.25974	0.26666	0.26666	0.251127
0.26973	0.276185	0.276185	0.260097
0.27972	0.28563	0.28563	0.268991
0.28971	0.294991	0.294991	0.277807
0.2997	0.304266	0.304266	0.286542
0.30969	0.313453	0.313453	0.295193
0.31968	0.322549	0.322549	0.30376
0.32967	0.331552	0.331552	0.312238
0.33966	0.340459	0.340459	0.320626
0.34965	0.349268	0.349268	0.328922
0.35964	0.357977	0.357977	0.337124
0.36963	0.366583	0.366583	0.345229
0.37962	0.375085	0.375085	0.353235
0.38961	0.38348	0.38348	0.361141
0.3996	0.391766	0.391766	0.368944
0.40959	0.399941	0.399941	0.376643
0.41958	0.408002	0.408002	0.384235
0.42957	0.415949	0.415949	0.391719
0.43956	0.423779	0.423779	0.399093
0.44955	0.43149	0.43149	0.406355
0.45954	0.439081	0.439081	0.413504
0.46953	0.44655	0.44655	0.420537
0.47952	0.453895	0.453895	0.427454
0.48951	0.461114	0.461114	0.434253
0.4995	0.468207	0.468207	0.440932
0.50949	0.475171	0.475171	0.447491
0.51948	0.482005	0.482005	0.453927
0.52947	0.488708	0.488708	0.460239
0.53946	0.495278	0.495278	0.466426
0.54945	0.501714	0.501714	0.472488
0.55944	0.508015	0.508015	0.478422
0.56943	0.51418	0.51418	0.484228
0.57942	0.520208	0.520208	0.489905
0.58941	0.526098	0.526098	0.495451
0.5994	0.531848	0.531848	0.500866
0.60939	0.537458	0.537458	0.50615
0.61938	0.542928	0.542928	0.5113
0.62937	0.548255	0.548255	0.516318
0.63936	0.55344	0.55344	0.521201
0.64935	0.558482	0.558482	0.525949
0.65934	0.56338	0.56338	0.530562
0.66933	0.568135	0.568135	0.535039
0.67932	0.572744	0.572744	0.53938
0.68931	0.577209	0.577209	0.543585
0.6993	0.581528	0.581528	0.547652
0.70929	0.585701	0.585701	0.551582
0.71928	0.589729	0.589729	0.555375
0.72927	0.59361	0.59361	0.559031
0.73926	0.597345	0.597345	0.562548
0.74925	0.600934	0.600934	0.565928
0.75924	0.604377	0.604377	0.56917
0.76923	0.607674	0.607674	0.572275
0.77922	0.610825	0.610825	0.575242
0.78921	0.61383	0.61383	0.578072
0.7992	0.616689	0.616689	0.580765
0.80919	0.619403	0.619403	0.583321
0.81918	0.621972	0.621972	0.58574
0.82917	0.624397	0.624397	0.588024
0.83916	0.626677	0.626677	0.590171
0.84915	0.628814	0.628814	0.592184
0.85914	0.630808	0.630808	0.594062
0.86913	0.63266	0.63266	0.595806
0.87912	0.63437	0.63437	0.597416
0.88911	0.635939	0.635939	0.598894
0.8991	0.637368	0.637368	0.60024
0.90909	0.638658	0.638658	0.601454
0.91908	0.639809	0.639809	0.602538
0.92907	0.640822	0.640822	0.603493
0.93906	0.641699	0.641699	0.604319
0.94905	0.642441	0.642441	0.605017
0.95904	0.643048	0.643048	0.605588
0.96903	0.643521	0.643521	0.606034
0.97902	0.643862	0.643862	0.606355
0.98901	0.644072	0.644072	0.606553
0.999	0.644152	0.644152	0.606628
1.00899	0.644103	0.644103	0.606582
1.01898	0.643927	0.643927	0.606417
1.02897	0.643625	0.643625	0.606132
1.03896	0.643198	0.643198	0.60573
1.04895	0.642649	0.642649	0.605212
1.05894	0.641977	0.641977	0.60458
1.06893	0.641185	0.641185	0.603834
1.07892	0.640274	0.640274	0.602976
1.08891	0.639246	0.639246	0.602008
1.0989	0.638102	0.638102	0.600931
1.10889	0.636845	0.636845	0.599746
1.11888	0.635474	0.635474	0.598456
1.12887	0.633993	0.633993	0.597061
1.13886	0.632403	0.632403	0.595564
1.14885	0.630705	0.630705	0.593965
1.15884	0.628902	0.628902	0.592266
1.16883	0.626994	0.626994	0.59047
1.17882	0.624985	0.624985	0.588578
1.18881	0.622875	0.622875	0.586591
1.1988	0.620666	0.620666	0.584511
1.20879	0.618361	0.618361	0.58234
1.21878	0.615961	0.615961	0.580079
1.22877	0.613468	0.613468	0.577731
1.23876	0.610883	0.610883	0.575298
1.24875	0.60821	0.60821	0.57278
1.25874	0.605449	0.605449	0.570179
1.26873	0.602602	0.602602	0.567499
1.27872	0.599672	0.599672	0.564739
1.28871	0.59666	0.59666	0.561903
1.2987	0.593568	0.593568	0.558991
1.30869	0.590399	0.590399	0.556007
1.31868	0.587154	0.587154	0.552951
1.32867	0.583835	0.583835	0.549825
1.33866	0.580444	0.580444	0.546632
1.34865	0.576984	0.576984	0.543373
1.35864	0.573455	0.573455	0.54005
1.36863	0.56986	0.56986	0.536664
1.37862	0.566201	0.566201	0.533219
1.38861	0.562481	0.562481	0.529714
1.3986	0.5587	0.5587	0.526154
1.40859	0.554861	0.554861	0.522538
1.41858	0.550965	0.550965	0.51887
1.42857	0.547016	0.547016	0.51515
1.43856	0.543014	0.543014	0.511382
1.44855	0.538961	0.538961	0.507565
1.45854	0.534861	0.534861	0.503703
1.46853	0.530713	0.530713	0.499798
1.47852	0.526521	0.526521	0.49585
1.48851	0.522287	0.522287	0.491862
1.4985	0.518011	0.518011	0.487835
1.50849	0.513697	0.513697	0.483772
1.51848	0.509345	0.509345	0.479674
1.52847	0.504958	0.504958	0.475543
1.53846	0.500538	0.500538	0.47138
1.54845	0.496086	0.496086	0.467188
1.55844	0.491605	0.491605	0.462967
1.56843	0.487095	0.487095	0.45872
1.57842	0.482559	0.482559	0.454449
1.58841	0.477999	0.477999	0.450154
1.5984	0.473416	0.473416	0.445838
1.60839	0.468812	0.468812	0.441502
1.61838	0.464189	0.464189	0.437148
1.62837	0.459548	0.459548	0.432778
1.63836	0.454891	0.454891	0.428392
1.64835	0.45022	0.45022	0.423993
1.65834	0.445536	0.445536	0.419582
1.66833	0.440841	0.440841	0.415161
1.67832	0.436137	0.436137	0.41073
1.68831	0.431424	0.431424	0.406292
1.6983	0.426705	0.426705	0.401849
1.70829	0.421982	0.421982	0.3974
1.71828	0.417255	0.417255	0.392948
1.72827	0.412526	0.412526	0.388495
1.73826	0.407796	0.407796	0.384041
1.74825	0.403068	0.403068	0.379588
1.75824	0.398341	0.398341	0.375137
1.76823	0.393619	0.393619	0.370689
1.77822	0.388901	0.388901	0.366246
1.78821	0.38419	0.38419	0.361809
1.7982	0.379486	0.379486	0.35738
1.80819	0.374791	0.374791	0.352958
1.81818	0.370106	0.370106	0.348546
1.82817	0.365433	0.365433	0.344145
1.83816	0.360772	0.360772	0.339756
1.84815	0.356125	0.356125	0.335379
1.85814	0.351492	0.351492	0.331017
1.86813	0.346876	0.346876	0.326669
1.87812	0.342276	0.342276	0.322337
1.88811	0.337694	0.337694	0.318023
1.8981	0.333132	0.333132	0.313726
1.90809	0.32859	0.32859	0.309448
1.91808	0.324068	0.324068	0.30519
1.92807	0.319569	0.319569	0.300953
1.93806	0.315092	0.315092	0.296737
1.94805	0.31064	0.31064	0.292544
1.95804	0.306212	0.306212	0.288374
1.96803	0.301809	0.301809	0.284228
1.97802	0.297433	0.297433	0.280107
1.98801	0.293084	0.293084	0.276011
1.998	0.288763	0.288763	0.271941
2.00799	0.28447	0.28447	0.267899
2.01798	0.280207	0.280207	0.263884
2.02797	0.275974	0.275974	0.259897
2.03796	0.271771	0.271771	0.25594
2.04795	0.2676	0.2676	0.252011
2.05794	0.26346	0.26346	0.248113
2.06793	0.259353	0.259353	0.244245
2.07792	0.25528	0.25528	0.240409
2.08791	0.251239	0.251239	0.236604
2.0979	0.247233	0.247233	0.232831
2.10789	0.243262	0.243262	0.229091
2.11788	0.239325	0.239325	0.225384
2.12787	0.235424	0.235424	0.22171
2.13786	0.231559	0.231559	0.21807
2.14785	0.22773	0.22773	0.214464
2.15784	0.223938	0.223938	0.210893
2.16783	0.220183	0.220183	0.207357
2.17782	0.216465	0.216465	0.203855
2.18781	0.212785	0.212785	0.20039
2.1978	0.209143	0.209143	0.19696
2.20779	0.205539	0.205539	0.193566
2.21778	0.201974	0.201974	0.190208
2.22777	0.198447	0.198447	0.186887
2.23776	0.194959	0.194959	0.183602
2.24775	0.19151	0.19151	0.180354
2.25774	0.188101	0.188101	0.177143
2.26773	0.184731	0.184731	0.173969
2.27772	0.1814	0.1814	0.170833
2.28771	0.178109	0.178109	0.167734
2.2977	0.174858	0.174858	0.164672
2.30769	0.171646	0.171646	0.161647
2.31768	0.168474	0.168474	0.15866
2.32767	0.165343	0.165343	0.155711
2.33766	0.162251	0.162251	0.152799
2.34765	0.159199	0.159199	0.149925
2.35764	0.156187	0.156187	0.147089
2.36763	0.153215	0.153215	0.14429
2.37762	0.150282	0.150282	0.141528
2.38761	0.14739	0.14739	0.138804
2.3976	0.144537	0.144537	0.136118
2.40759	0.141724	0.141724	0.133468
2.41758	0.138951	0.138951	0.130856
2.42757	0.136217	0.136217	0.128282
2.43756	0.133522	0.133522	0.125744
2.44755	0.130866	0.130866	0.123243
2.45754	0.12825	0.12825	0.120779
2.46753	0.125672	0.125672	0.118352
2.47752	0.123134	0.123134	0.115961
2.48751	0.120633	0.120633	0.113606
2.4975	0.118172	0.118172	0.111288
2.50749	0.115748	0.115748	0.109005
2.51748	0.113362	0.113362	0.106759
2.52747	0.111014	0.111014	0.104547
2.53746	0.108704	0.108704	0.102372
2.54745	0.106431	0.106431	0.100231
2.55744	0.104195	0.104195	0.0981254
2.56743	0.101996	0.101996	0.0960543
2.57742	0.0998333	0.0998333	0.0940178
2.58741	0.0977071	0.0977071	0.0920154
2.5974	0.0956169	0.0956169	0.0900469
2.60739	0.0935624	0.0935624	0.0881121
2.61738	0.0915434	0.0915434	0.0862107
2.62737	0.0895596	0.0895596	0.0843425
2.63736	0.0876107	0.0876107	0.0825071
2.64735	0.0856964	0.0856964	0.0807043
2.65734	0.0838163	0.0838163	0.0789338
2.66733	0.0819703	0.0819703	0.0771953
2.67732	0.0801579	0.0801579	0.0754885
2.68731	0.0783789	0.0783789	0.0738131
2.6973	0.0766329	0.0766329	0.0721688
2.70729	0.0749196	0.0749196	0.0705553
2.71728	0.0732386	0.0732386	0.0689723
2.72727	0.0715898	0.0715898	0.0674194
2.73726	0.0699726	0.0699726	0.0658965
2.74725	0.0683868	0.0683868	0.0644031
2.75724	0.0668321	0.0668321	0.0629389
2.76723	0.065308	0.065308	0.0615036
2.77722	0.0638143	0.0638143	0.0600969
2.78721	0.0623507	0.0623507	0.0587185
2.7972	0.0609167	0.0609167	0.0573681
2.80719	0.059512	0.059512	0.0560453
2.81718	0.0581364	0.0581364	0.0547497
2.82717	0.0567893	0.0567893	0.0534812
2.83716	0.0554706	0.0554706	0.0522393
2.84715	0.0541799	0.0541799	0.0510237
2.85714	0.0529167	0.0529167	0.0498342
2.86713	0.0516809	0.0516809	0.0486703
2.87712	0.0504719	0.0504719	0.0475318
2.88711	0.0492896	0.0492896	0.0464183
2.8971	0.0481335	0.0481335	0.0453296
2.90709	0.0470033	0.0470033	0.0442652
2.91708	0.0458987	0.0458987	0.0432249
2.92707	0.0448193	0.0448193	0.0422085
2.93706	0.0437648	0.0437648	0.0412154
2.94705	0.042735	0.042735	0.0402455
2.95704	0.0417293	0.0417293	0.0392985
2.96703	0.0407476	0.0407476	0.0383739
2.97702	0.0397895	0.0397895	0.0374716
2.98701	0.0388547	0.0388547	0.0365913
2.997	0.0379428	0.0379428	0.0357325
3.00699	0.0370536	0.0370536	0.0348951
3.01698	0.0361868	0.0361868	0.0340788
3.02697	0.0353419	0.0353419	0.0332832
3.03696	0.0345189	0.0345189	0.032508
3.04695	0.0337172	0.0337172	0.0317531
3.05694	0.0329367	0.0329367	0.0310181
3.06693	0.0321771	0.0321771	0.0303027
3.07692	0.0314381	0	0.0296067
3.08691	0.0307193	0	0.0289298
3.0969	0.0300206	0	0.0282718
3.10689	0.0293416	0	0.0276323
3.11688	0.0286821	0	0.0270113
3.12687	0.0280418	0	0.0264083
3.13686	0.0274205	0	0.0258232
3.14685	0.0268179	0	0.0252557
3.15684	0.0262338	0	0.0247056
3.16683	0.0256679	0	0.0241727
3.17682	0.02512	0	0.0236567
3.18681	0.0245899	0	0.0231575
3.1968	0.0240774	0	0.0226748
3.20679	0.0235823	0	0.0222085
3.21678	0.0231042	0	0.0217583
3.22677	0.0226431	0	0.0213241
3.23676	0.0221988	0	0.0209057
3.24675	0.0217711	0	0.0205028
3.25674	0.0213597	0	0.0201154
3.26673	0.0209645	0	0.0197433
3.27672	0.0205854	0	0.0193863
3.28671	0.0202222	0	0.0190442
3.2967	0.0198747	0	0.018717
3.30669	0.0195429	0	0.0184045
3.31668	0.0192265	0	0.0181065
3.32667	0.0189255	0	0.017823
3.33666	0.0186397	0	0.0175539
3.34665	0.0183691	0	0.017299
3.35664	0.0181134	0	0.0170583
3.36663	0.0178728	0	0.0168316
3.37662	0.017647	0	0.016619
3.38661	0.017436	0	0.0164203
3.3966	0.0172397	0	0.0162354
3.40659	0.0170581	0	0.0160645
3.41658	0.0168912	0	0.0159073
3.42657	0.0167389	0	0.0157638
3.43656	0.0166012	0	0.0156342
3.44655	0.0164781	0	0.0155182
3.45654	0.0163696	0	0.0154161
3.46653	0.0162758	0	0.0153277
3.47652	0.0161965	0	0.015253
3.48651	0.016132	0	0.0151923
3.4965	0.0160822	0	0.0151454
3.50649	0.0160472	0	0.0151124
3.51648	0.0160271	0	0.0150935
3.52647	0.016022	0	0.0150887
3.53646	0.016032	0	0.0150981
3.54645	0.0160572	0	0.0151218
3.55644	0.0160978	0	0.01516
3.56643	0.0161538	0	0.0152128
3.57642	0.0162255	0	0.0152803
3.58641	0.0163131	0	0.0153628
3.5964	0.0164167	0	0.0154604
3.60639	0.0165367	0	0.0155733
3.61638	0.0166731	0	0.0157018
3.62637	0.0168263	0	0.0158461
3.63636	0.0169965	0	0.0160064
3.64635	0.0171841	0	0.0161831
3.65634	0.0173894	0	0.0163764
3.66633	0.0176126	0	0.0165867
3.67632	0.0178543	0	0.0168142
3.68631	0.0181146	0	0.0170594
3.6963	0.0183941	0	0.0173226
3.70629	0.0186932	0	0.0176042
3.71628	0.0190123	0	0.0179048
3.72627	0.0193519	0	0.0182246
3.73626	0.0197126	0	0.0185643
3.74625	0.0200948	0	0.0189242
3.75624	0.0204991	0	0.019305
3.76623	0.0209262	0	0.0197072
3.77622	0.0213767	0	0.0201314
3.78621	0.0218511	0	0.0205782
3.7962	0.0223503	0	0.0210484
3.80619	0.022875	0	0.0215424
3.81618	0.0234259	0	0.0220612
3.82617	0.0240038	0	0.0226055
3.83616	0.0246096	0	0.023176
3.84615	0.0252442	0	0.0237736
3.85614	0.0259085	0	0.0243992
3.86613	0.0266035	0	0.0250538
3.87612	0.0273302	0	0.0257382
3.88611	0.0280898	0	0.0264534
3.8961	0.0288832	0	0.0272007
3.90609	0.0297118	0	0.027981
3.91608	0.0305767	0	0.0287956
3.92607	0.0314793	0	0.0296456
3.93606	0.0324209	0	0.0305323
3.94605	0.0334029	0	0.0314571
3.95604	0.0344269	0	0.0324214
3.96603	0.0354943	0	0.0334266
3.97602	0.0366068	0	0.0344744
3.98601	0.0377661	0	0.0355661
3.996	0.038974	0	0.0367037
4.00599	0.0402324	0	0.0378887
4.01598	0.0415431	0	0.0391231
4.02597	0.0429083	0	0.0404088
4.03596	0.0443301	0	0.0417477
4.04595	0.0458107	0	0.0431421
4.05594	0.0473524	0	0.044594
4.06593	0.0489577	0	0.0461057
4.07592	0.0506291	0	0.0476798
4.08591	0.0523693	0	0.0493186
4.0959	0.0541811	0	0.0510249
4.10589	0.0560674	0	0.0528013
4.11588	0.0580313	0	0.0546508
4.12587	0.0600759	0	0.0565763
4.13586	0.0622046	0	0.058581
4.14585	0.0644209	0	0.0606682
4.15584	0.0667285	0	0.0628414
4.16583	0.0691311	0	0.065104
4.17582	0.0716327	0	0.0674599
4.18581	0.0742376	0	0.0699131
4.1958	0.0769501	0	0.0724675
4.20579	0.0797748	0	0.0751277
4.21578	0.0827164	0	0.077898
4.22577	0.0857801	0	0.0807831
4.23576	0.0889709	0	0.0837881
4.24575	0.0922944	0	0.086918
4.25574	0.0957564	0	0.0901783
4.26573	0.0993628	0	0.0935747
4.27572	0.10312	0	0.0971129
4.28571	0.107034	0	0.100799
4.2957	0.111113	0	0.10464
4.30569	0.115363	0	0.108643
4.31568	0.119792	0	0.112814
4.32567	0.124408	0	0.117161
4.33566	0.129219	0	0.121691
4.34565	0.134234	0	0.126414
4.35564	0.139461	0	0.131337
4.36563	0.144911	0	0.13647
4.37562	0.150593	0	0.141821
4.38561	0.156518	0	0.1474
4.3956	0.162697	0	0.153219
4.40559	0.16914	0	0.159287
4.41558	0.175861	0	0.165617
4.42557	0.182871	0	0.172218
4.43556	0.190184	0	0.179105
4.44555	0.197814	0	0.186291
4.45554	0.205774	0	0.193787
4.46553	0.214081	0	0.20161
4.47552	0.22275	0	0.209774
4.48551	0.231797	0	0.218295
4.4955	0.241241	0	0.227188
4.50549	0.251099	0	0.236472
4.51548	0.261391	0	0.246164
4.52547	0.272136	0	0.256283
4.53546	0.283356	0	0.26685
4.54545	0.295073	0	0.277884
4.55544	0.307311	0	0.289409
4.56543	0.320093	0	0.301446
4.57542	0.333445	0	0.314021
4.58541	0.347394	0	0.327157
4.5954	0.361968	0	0.340882
4.60539	0.377197	0	0.355224
4.61538	0.393111	0	0.370211
4.62537	0.409744	0	0.385875
4.63536	0.427129	0	0.402247
4.64535	0.445302	0	0.419362
4.65534	0.464301	0	0.437254
4.66533	0.484166	0	0.455962
4.67532	0.504937	0	0.475523
4.68531	0.526659	0	0.49598
4.6953	0.549378	0	0.517375
4.70529	0.57314	0	0.539753
4.71528	0.597998	0	0.563163
4.72527	0.624004	0	0.587654
4.73526	0.651214	0	0.613279
4.74525	0.679687	0	0.640093
4.75524	0.709484	0	0.668154
4.76523	0.74067	0	0.697524
4.77522	0.773313	0	0.728265
4.78521	0.807484	0	0.760446
4.7952	0.84326	0	0.794138
4.80519	0.880719	0	0.829414
4.81518	0.919944	0	0.866354
4.82517	0.961022	0	0.90504
4.83516	1.00405	0	0.945558
4.84515	1.04911	0	0.987999
4.85514	1.09632	0	1.03246
4.86513	1.14579	0	1.07904
4.87512	1.19761	0	1.12785
4.88511	1.25192	0	1.179
4.8951	1.30884	0	1.2326
4.90509	1.3685	0	1.28878
4.91508	1.43103	0	1.34767
4.92507	1.49658	0	1.4094
4.93506	1.56531	0	1.47413
4.94505	1.63738	0	1.542
4.95504	1.71296	0	1.61317
4.96503	1.79222	0	1.68781
4.97502	1.87535	0	1.7661
4.98501	1.96255	0	1.84823
4.995	2.05404	0	1.93439
5.00499	2.15003	0	2.02478
5.01498	2.25075	0	2.11963
5.02497	2.35644	0	2.21917
5.03496	2.46737	0	2.32364
5.04495	2.58381	0	2.43329
5.05494	2.70603	0	2.5484
5.06493	2.83435	0	2.66924
5.07492	2.96908	0	2.79612
5.08491	3.11055	0	2.92935
5.0949	3.25912	0	3.06927
5.10489	3.41516	0	3.21622
5.11488	3.57906	0	3.37057
5.12487	3.75124	0	3.53271
5.13486	3.93212	0	3.70307
5.14485	4.12218	0	3.88205
5.15484	4.3219	0	4.07014
5.16483	4.53179	0	4.2678
5.17482	4.75239	0	4.47554
5.18481	4.98426	0	4.69392
5.1948	5.22803	0	4.92348
5.20479	5.48431	0	5.16483
5.21478	5.75378	0	5.4186
5.22477	6.03714	0	5.68546
5.23476	6.33515	0	5.96611
5.24475	6.64859	0	6.26129
5.25474	6.9783	0	6.57179
5.26473	7.32515	0	6.89844
5.27472	7.69008	0	7.24211
5.28471	8.07406	0	7.60373
5.2947	8.47814	0	7.98426
5.30469	8.9034	0	8.38475
5.31468	9.35101	0	8.80629
5.32467	9.82219	0	9.25001
5.33466	10.3182	0	9.71715
5.34465	10.8405	0	10.209
5.35464	11.3904	0	10.7269
5.36463	11.9695	0	11.2723
5.37462	12.5794	0	11.8466
5.38461	13.2219	0	12.4516
5.3946	13.8986	0	13.089
5.40459	14.6115	0	13.7604
5.41458	15.3627	0	14.4678
5.42457	16.1543	0	15.2132
5.43456	16.9884	0	15.9988
5.44455	17.8676	0	16.8267
5.45454	18.7943	0	17.6994
5.46453	19.7711	0	18.6194
5.47452	20.801	0	19.5893
5.48451	21.8869	0	20.6119
5.4945	23.032	0	21.6903
5.50449	24.2396	0	22.8275
5.51448	25.5132	0	24.027
5.52447	26.8567	0	25.2922
5.53446	28.2739	0	26.6269
5.54445	29.7691	0	28.035
5.55444	31.3468	0	29.5207
5.56443	33.0116	0	31.0886
5.57442	34.7686	0	32.7432
5.58441	36.623	0	34.4896
5.5944	38.5805	0	36.333
5.60439	40.6469	0	38.2791
5.61438	42.8286	0	40.3337
5.62437	45.1323	0	42.5032
5.63436	47.565	0	44.7942
5.64435	50.1342	0	47.2137
5.65434	52.8478	0	49.7693
5.66433	55.7143	0	52.4687
5.67432	58.7425	0	55.3206
5.68431	61.942	0	58.3337
5.6943	65.3227	0	61.5174
5.70429	68.8953	0	64.8819
5.71428	72.671	0	68.4377
5.72427	76.6619	0	72.1961
5.73426	80.8806	0	76.1691
5.74425	85.3406	0	80.3693
5.75424	90.0561	0	84.8101
5.76423	95.0424	0	89.5059
5.77422	100.315	0	94.4718
5.78421	105.892	0	99.7238
5.7942	111.791	0	105.279
5.80419	118.031	0	111.156
5.81418	124.633	0	117.373
5.82417	131.618	0	123.951
5.83416	139.009	0	130.912
5.84415	146.831	0	138.278
5.85414	155.11	0	146.074
5.86413	163.873	0	154.327
5.87412	173.149	0	163.063
5.88411	182.97	0	172.312
5.8941	193.369	0	182.104
5.90409	204.38	0	192.474
5.91408	216.041	0	203.456
5.92407	228.393	0	215.088
5.93406	241.475	0	227.409
5.94405	255.335	0	240.461
5.95404	270.018	0	254.289
5.96403	285.577	0	268.941
5.97402	302.064	0	284.467
5.98401	319.536	0	300.922
5.994	338.055	0	318.363
6.00399	357.686	0	336.85
6.01398	378.497	0	356.448
6.02397	400.561	0	377.227
6.03396	423.956	0	399.259
6.04395	448.765	0	422.623
6.05394	475.076	0	447.401
6.06393	502.983	0	473.683
6.07392	532.586	0	501.562
6.08391	563.992	0	531.137
6.0939	597.312	0	562.517
6.10389	632.668	0	595.813
6.11388	670.188	0	631.147
6.12387	710.008	0	668.648
6.13386	752.273	0	708.451
6.14385	797.139	0	750.703
6.15384	844.77	0	795.56
6.16383	895.342	0	843.186
6.17382	949.042	0	893.758
6.18381	1006.07	0	947.463
6.1938	1066.64	0	1004.5
6.20379	1130.97	0	1065.09
6.21378	1199.31	0	1129.44
6.22377	1271.91	0	1197.82
6.23376	1349.05	0	1270.46
6.24375	1431.02	0	1347.66
6.25374	1518.13	0	1429.7
6.26373	1610.72	0	1516.89
6.27372	1709.13	0	1609.57
6.28371	1813.74	0	1708.09
6.2937	1924.96	0	1812.83
6.30369	2043.22	0	1924.2
6.31368	2168.97	0	2042.62
6.32367	2302.71	0	2168.57
6.33366	2444.94	0	2302.52
6.34365	2596.24	0	2445
6.35364	2757.19	0	2596.58
6.36363	2928.43	0	2757.84
6.37362	3110.63	0	2929.42
6.38361	3304.51	0	3112.01
6.3936	3510.84	0	3306.33
6.40359	3730.46	0	3513.15
6.41358	3964.23	0	3733.3
6.42357	4213.09	0	3967.66
6.43356	4478.04	0	4217.18
6.44355	4760.16	0	4482.87
6.45354	5060.59	0	4765.79
6.46353	5380.54	0	5067.11
6.47352	5721.32	0	5388.04
6.48351	6084.33	0	5729.9
6.4935	6471.04	0	6094.09
6.50349	6883.06	0	6482.1
6.51348	7322.09	0	6895.55
6.52347	7789.93	0	7336.15
6.53346	8288.54	0	7805.71
6.54345	8819.99	0	8306.2
6.55344	9386.5	0	8839.71
6.56343	9990.45	0	9408.48
6.57342	10634.4	0	10014.9
6.58341	11321	0	10661.5
6.5934	12053.2	0	11351.1
6.60339	12834.1	0	12086.5
6.61338	13667.1	0	12870.9
6.62337	14555.6	0	13707.7
6.63336	15503.5	0	14600.4
6.64335	16514.9	0	15552.9
6.65334	17594.1	0	16569.2
6.66333	18745.8	0	17653.8
6.67332	19975	0	18811.4
6.68331	21287	0	20047
6.6933	22687.6	0	21366
6.70329	24182.8	0	22774.1
6.71328	25779.3	0	24277.6
6.72327	27484.1	0	25883.1
6.73326	29304.7	0	27597.6
6.74325	31249.1	0	29428.8
6.75324	33326.1	0	31384.7
6.76323	35544.8	0	33474.2
6.77322	37915.2	0	35706.5
6.78321	40447.9	0	38091.7
6.7932	43154.3	0	40640.4
6.80319	46046.6	0	43364.2
6.81318	49137.9	0	46275.5
6.82317	52442.2	0	49387.3
6.83316	55974.6	0	52713.9
6.84315	59751.1	0	56270.4
6.85314	63789.1	0	60073.2
6.86313	68107.1	0	64139.7
6.87312	72725	0	68488.6
6.88311	77664.2	0	73140
6.8931	82947.4	0	78115.5
6.90309	88599.3	0	83438.1
6.91308	94646.2	0	89132.8
6.92307	101116	0	95226
6.93306	108040	0	101746
6.94305	115450	0	108725
6.95304	123381	0	116194
6.96303	131871	0	124189
6.97302	140959	0	132748
6.98301	150689	0	141911
6.993	161108	0	151723
7.00299	172266	0	162231
7.01298	184215	0	173484
7.02297	197014	0	185537
7.03296	210724	0	198448
7.04295	225411	0	212280
7.05294	241147	0	227100
7.06293	258009	0	242979
7.07292	276079	0	259996
7.08291	295444	0	278234
7.0929	316201	0	297782
7.10289	338452	0	318736
7.11288	362306	0	341201
7.12287	387882	0	365287
7.13286	415307	0	391114
7.14285	444717	0	418811
7.15284	476259	0	448515
7.16283	510091	0	480377
7.17282	546384	0	514555
7.18281	585320	0	551223
7.1928	627095	0	590565
7.20279	671922	0	632781
7.21278	720029	0	678085
7.22277	771659	0	726708
7.23276	827079	0	778899
7.24275	886570	0	834925
7.25274	950439	0	895073
7.26273	1.01902e+006	0	959655
7.27272	1.09265e+006	0	1.029e+006
7.28271	1.17174e+006	0	1.10348e+006
7.2927	1.25667e+006	0	1.18347e+006
7.30269	1.3479e+006	0	1.26938e+006
7.31268	1.44591e+006	0	1.36168e+006
7.32267	1.5512e+006	0	1.46084e+006
7.33266	1.66433e+006	0	1.56738e+006
7.34265	1.7859e+006	0	1.68187e+006
7.35264	1.91655e+006	0	1.80491e+006
7.36263	2.05697e+006	0	1.93715e+006
7.37262	2.20791e+006	0	2.07929e+006
7.38261	2.37017e+006	0	2.2321e+006
7.3926	2.54461e+006	0	2.39638e+006
7.40259	2.73218e+006	0	2.57303e+006
7.41258	2.93389e+006	0	2.76298e+006
7.42257	3.1508e+006	0	2.96726e+006
7.43256	3.38411e+006	0	3.18698e+006
7.44255	3.63507e+006	0	3.42332e+006
7.45254	3.90505e+006	0	3.67757e+006
7.46253	4.19551e+006	0	3.95111e+006
7.47252	4.50804e+006	0	4.24544e+006
7.48251	4.84436e+006	0	4.56216e+006
7.4925	5.20631e+006	0	4.90303e+006
7.50249	5.59588e+006	0	5.26991e+006
7.51248	6.01523e+006	0	5.66483e+006
7.52247	6.46667e+006	0	6.08997e+006
7.53246	6.95271e+006	0	6.5477e+006
7.54245	7.47606e+006	0	7.04056e+006
7.55244	8.03964e+006	0	7.57131e+006
7.56243	8.6466e+006	0	8.14291e+006
7.57242	9.30034e+006	0	8.75857e+006
7.58241	1.00045e+007	0	9.42175e+006
7.5924	1.07632e+007	0	1.01362e+007
7.60239	1.15806e+007	0	1.0906e+007
7.61238	1.24613e+007	0	1.17354e+007
7.62237	1.34104e+007	0	1.26292e+007
7.63236	1.44333e+007	0	1.35925e+007
7.64235	1.55358e+007	0	1.46308e+007
7.65234	1.67242e+007	0	1.575e+007
7.66233	1.80055e+007	0	1.69566e+007
7.67232	1.93869e+007	0	1.82575e+007
7.68231	2.08764e+007	0	1.96603e+007
7.6923	2.24827e+007	0	2.11731e+007
7.70229	2.42152e+007	0	2.28046e+007
7.71228	2.60838e+007	0	2.45643e+007
7.72227	2.80995e+007	0	2.64626e+007
7.73226	3.02741e+007	0	2.85105e+007
7.74225	3.26204e+007	0	3.07201e+007
7.75224	3.51521e+007	0	3.31044e+007
7.76223	3.78843e+007	0	3.56774e+007
7.77222	4.0833e+007	0	3.84544e+007
7.78221	4.40158e+007	0	4.14517e+007
7.7922	4.74516e+007	0	4.46874e+007
7.80219	5.11609e+007	0	4.81806e+007
7.81218	5.51658e+007	0	5.19522e+007
7.82217	5.94904e+007	0	5.60249e+007
7.83216	6.41606e+007	0	6.04231e+007
7.84215	6.92046e+007	0	6.51732e+007
7.85214	7.46529e+007	0	7.03041e+007
7.86213	8.05384e+007	0	7.58468e+007
7.87212	8.68969e+007	0	8.18349e+007
7.88211	9.3767e+007	0	8.83048e+007
7.8921	1.01191e+008	0	9.52961e+007
7.90209	1.09214e+008	0	1.02852e+008
7.91208	1.17885e+008	0	1.11018e+008
7.92207	1.27257e+008	0	1.19844e+008
7.93206	1.37389e+008	0	1.29386e+008
7.94205	1.48343e+008	0	1.39702e+008
7.95204	1.60187e+008	0	1.50856e+008
7.96203	1.72995e+008	0	1.62917e+008
7.97202	1.86845e+008	0	1.75961e+008
7.98201	2.01826e+008	0	1.90069e+008
7.992	2.1803e+008	0	2.05329e+008
8.00199	2.35559e+008	0	2.21837e+008
8.01198	2.54524e+008	0	2.39697e+008
8.02197	2.75044e+008	0	2.59022e+008
8.03196	2.97249e+008	0	2.79933e+008
8.04195	3.2128e+008	0	3.02565e+008
8.05194	3.4729e+008	0	3.27059e+008
8.06193	3.75443e+008	0	3.53573e+008
8.07192	4.05921e+008	0	3.82275e+008
8.08191	4.38919e+008	0	4.1335e+008
8.0919	4.74648e+008	0	4.46998e+008
8.10189	5.13338e+008	0	4.83434e+008
8.11188	5.55239e+008	0	5.22894e+008
8.12187	6.00622e+008	0	5.65634e+008
8.13186	6.49781e+008	0	6.11929e+008
8.14185	7.03036e+008	0	6.62083e+008
8.15184	7.60735e+008	0	7.1642e+008
8.16183	8.23254e+008	0	7.75297e+008
8.17182	8.91002e+008	0	8.39099e+008
8.18181	9.64425e+008	0	9.08245e+008
8.1918	1.04401e+009	0	9.8319e+008
8.20179	1.13027e+009	0	1.06443e+009
8.21178	1.22379e+009	0	1.1525e+009
8.22177	1.32518e+009	0	1.24799e+009
8.23176	1.43512e+009	0	1.35152e+009
8.24175	1.55434e+009	0	1.4638e+009
8.25174	1.68364e+009	0	1.58556e+009
8.26173	1.82388e+009	0	1.71764e+009
8.27172	1.97601e+009	0	1.8609e+009
8.28171	2.14105e+009	0	2.01633e+009
8.2917	2.32011e+009	0	2.18495e+009
8.30169	2.5144e+009	0	2.36793e+009
8.31168	2.72524e+009	0	2.56649e+009
8.32167	2.95407e+009	0	2.78199e+009
8.33166	3.20244e+009	0	3.01589e+009
8.34165	3.47206e+009	0	3.2698e+009
8.35164	3.76475e+009	0	3.54545e+009
8.36163	4.08254e+009	0	3.84472e+009
8.37162	4.42762e+009	0	4.1697e+009
8.38161	4.80235e+009	0	4.5226e+009
8.3916	5.20934e+009	0	4.90588e+009
8.40159	5.65139e+009	0	5.32218e+009
8.41158	6.13159e+009	0	5.77441e+009
8.42157	6.65328e+009	0	6.2657e+009
8.43156	7.22009e+009	0	6.7995e+009
8.44155	7.836e+009	0	7.37953e+009
8.45154	8.50532e+009	0	8.00986e+009
8.46153	9.23276e+009	0	8.69493e+009
8.47152	1.00235e+010	0	9.43956e+009
8.48151	1.0883e+010	0	1.0249e+010
8.4915	1.18174e+010	0	1.1129e+010
8.50149	1.28334e+010	0	1.20858e+010
8.51148	1.39382e+010	0	1.31262e+010
8.52147	1.51396e+010	0	1.42577e+010
8.53146	1.64463e+010	0	1.54883e+010
8.54145	1.78676e+010	0	1.68268e+010
8.55144	1.94137e+010	0	1.82828e+010
8.56143	2.10958e+010	0	1.98669e+010
8.57142	2.2926e+010	0	2.15905e+010
8.58141	2.49175e+010	0	2.3466e+010
8.5914	2.70848e+010	0	2.5507e+010
8.60139	2.94436e+010	0	2.77284e+010
8.61138	3.20111e+010	0	3.01464e+010
8.62137	3.48061e+010	0	3.27786e+010
8.63136	3.78491e+010	0	3.56443e+010
8.64135	4.11623e+010	0	3.87644e+010
8.65134	4.47701e+010	0	4.21621e+010
8.66133	4.86991e+010	0	4.58622e+010
8.67132	5.29784e+010	0	4.98922e+010
8.68131	5.76396e+010	0	5.42819e+010
8.6913	6.27173e+010	0	5.90639e+010
8.70129	6.82494e+010	0	6.42737e+010
8.71128	7.42771e+010	0	6.99502e+010
8.72127	8.08454e+010	0	7.61359e+010
8.73126	8.80036e+010	0	8.28771e+010
8.74125	9.58054e+010	0	9.02245e+010
8.75124	1.0431e+011	0	9.82333e+010
8.76123	1.1358e+011	0	1.06964e+011
8.77122	1.23688e+011	0	1.16482e+011
8.78121	1.34708e+011	0	1.26861e+011
8.7912	1.46726e+011	0	1.38179e+011
8.80119	1.59832e+011	0	1.50521e+011
8.81118	1.74126e+011	0	1.63983e+011
8.82117	1.89719e+011	0	1.78667e+011
8.83116	2.06729e+011	0	1.94686e+011
8.84115	2.25287e+011	0	2.12163e+011
8.85114	2.45536e+011	0	2.31233e+011
8.86113	2.67633e+011	0	2.52042e+011
8.87112	2.91748e+011	0	2.74753e+011
8.88111	3.18069e+011	0	2.9954e+011
8.8911	3.468e+011	0	3.26597e+011
8.90109	3.78164e+011	0	3.56135e+011
8.91108	4.12408e+011	0	3.88384e+011
8.92107	4.49799e+011	0	4.23597e+011
8.93106	4.9063e+011	0	4.62049e+011
8.94105	5.35222e+011	0	5.04044e+011
8.95104	5.83927e+011	0	5.49911e+011
8.96103	6.37129e+011	0	6.00014e+011
8.97102	6.9525e+011	0	6.5475e+011
8.98101	7.5875e+011	0	7.14551e+011
8.991	8.28136e+011	0	7.79894e+011
9.00099	9.03958e+011	0	8.513e+011
9.01098	9.86824e+011	0	9.29339e+011
9.02097	1.0774e+012	0	1.01464e+012
9.03096	1.1764e+012	0	1.10787e+012
9.04095	1.28464e+012	0	1.2098e+012
9.05094	1.40298e+012	0	1.32125e+012
9.06093	1.53237e+012	0	1.44311e+012
9.07092	1.67387e+012	0	1.57636e+012
9.08091	1.82863e+012	0	1.7221e+012
9.0909	1.99789e+012	0	1.88151e+012
9.10089	2.18305e+012	0	2.05588e+012
9.11088	2.38561e+012	0	2.24664e+012
9.12087	2.60724e+012	0	2.45536e+012
9.13086	2.84974e+012	0	2.68373e+012
9.14085	3.11512e+012	0	2.93365e+012
9.15084	3.40556e+012	0	3.20718e+012
9.16083	3.72346e+012	0	3.50656e+012
9.17082	4.07145e+012	0	3.83428e+012
9.18081	4.45243e+012	0	4.19306e+012
9.1908	4.86954e+012	0	4.58588e+012
9.20079	5.32628e+012	0	5.01601e+012
9.21078	5.82646e+012	0	5.48705e+012
9.22077	6.37426e+012	0	6.00294e+012
9.23076	6.97427e+012	0	6.568e+012
9.24075	7.63155e+012	0	7.18699e+012
9.25074	8.35162e+012	0	7.86511e+012
9.26073	9.14057e+012	0	8.6081e+012
9.27072	1.00051e+013	0	9.42224e+012
9.28071	1.09525e+013	0	1.03144e+013
9.2907	1.19908e+013	0	1.12923e+013
9.30069	1.31289e+013	0	1.23641e+013
9.31068	1.43765e+013	0	1.3539e+013
9.32067	1.57442e+013	0	1.48271e+013
9.33066	1.72438e+013	0	1.62393e+013
9.34065	1.88883e+013	0	1.7788e+013
9.35064	2.06916e+013	0	1.94862e+013
9.36063	2.26694e+013	0	2.13489e+013
9.37062	2.48388e+013	0	2.33919e+013
9.38061	2.72187e+013	0	2.56331e+013
9.3906	2.98295e+013	0	2.80919e+013
9.40059	3.26942e+013	0	3.07896e+013
9.41058	3.58376e+013	0	3.37499e+013
9.42057	3.92872e+013	0	3.69986e+013
9.43056	4.30733e+013	0	4.05642e+013
9.44055	4.72292e+013	0	4.44779e+013
9.45054	5.17912e+013	0	4.87742e+013
9.46053	5.67997e+013	0	5.3491e+013
9.47052	6.2299e+013	0	5.86699e+013
9.48051	6.83376e+013	0	6.43568e+013
9.4905	7.49693e+013	0	7.06021e+013
9.50049	8.22529e+013	0	7.74614e+013
9.51048	9.02533e+013	0	8.49958e+013
9.52047	9.9042e+013	0	9.32725e+013
9.53046	1.08698e+014	0	1.02366e+014
9.54045	1.19307e+014	0	1.12357e+014
9.55044	1.30965e+014	0	1.23336e+014
9.56043	1.43777e+014	0	1.35401e+014
9.57042	1.57858e+014	0	1.48662e+014
9.58041	1.73336e+014	0	1.63239e+014
9.5904	1.90351e+014	0	1.79263e+014
9.60039	2.09058e+014	0	1.9688e+014
9.61038	2.29627e+014	0	2.1625e+014
9.62037	2.52245e+014	0	2.37551e+014
9.63036	2.77119e+014	0	2.60976e+014
9.64035	3.04477e+014	0	2.86741e+014
9.65034	3.34571e+014	0	3.15081e+014
9.66033	3.67676e+014	0	3.46257e+014
9.67032	4.04098e+014	0	3.80558e+014
9.68031	4.44173e+014	0	4.18298e+014
9.6903	4.88272e+014	0	4.59829e+014
9.70029	5.36805e+014	0	5.05534e+014
9.71028	5.90222e+014	0	5.55839e+014
9.72027	6.4902e+014	0	6.11213e+014
9.73026	7.13749e+014	0	6.72171e+014
9.74025	7.85013e+014	0	7.39284e+014
9.75024	8.63481e+014	0	8.13181e+014
9.76023	9.4989e+014	0	8.94556e+014
9.77022	1.04505e+015	0	9.84174e+014
9.78021	1.14986e+015	0	1.08288e+015
9.7902	1.26532e+015	0	1.19161e+015
9.80019	1.39251e+015	0	1.31139e+015
9.81018	1.53263e+015	0	1.44335e+015
9.82017	1.68704e+015	0	1.58876e+015
9.83016	1.85718e+015	0	1.749e+015
9.84015	2.0447e+015	0	1.92559e+015
9.85014	2.25138e+015	0	2.12023e+015
9.86013	2.4792e+015	0	2.33478e+015
9.87012	2.73035e+015	0	2.5713e+015
9.88011	3.00725e+015	0	2.83207e+015
9.8901	3.31258e+015	0	3.11961e+015
9.90009	3.64927e+015	0	3.43669e+015
9.91008	4.0206e+015	0	3.78639e+015
9.92007	4.43016e+015	0	4.17209e+015
9.93006	4.88194e+015	0	4.59755e+015
9.94005	5.38034e+015	0	5.06692e+015
9.95004	5.93023e+015	0	5.58477e+015
9.96003	6.53698e+015	0	6.15618e+015
9.97002	7.20654e+015	0	6.78674e+015
9.98001	7.9455e+015	0	7.48265e+015
9.99	8.76113e+015	0	8.25076e+015
