0	0	0	0
0.00999	0.0237375	0.0237375	0.00997688
0.01998	0.047288	0.047288	0.0198751
0.02997	0.0704659	0.0704659	0.0296168
0.03996	0.0930886	0.0930886	0.0391251
0.04995	0.114978	0.114978	0.0483252
0.05994	0.135961	0.135961	0.0571445
0.06993	0.155873	0.155873	0.0655136
0.07992	0.174558	0.174558	0.0733665
0.08991	0.191866	0.191866	0.0806414
0.0999	0.207664	0.207664	0.087281
0.10989	0.221825	0.221825	0.093233
0.11988	0.234239	0.234239	0.0984505
0.12987	0.244807	0.244807	0.102892
0.13986	0.253447	0.253447	0.106524
0.14985	0.260091	0.260091	0.109316
0.15984	0.264686	0.264686	0.111247
0.16983	0.267196	0.267196	0.112302
0.17982	0.267601	0.267601	0.112473
0.18981	0.265899	0.265899	0.111758
0.1998	0.262103	0.262103	0.110162
0.20979	0.256243	0.256243	0.107699
0.21978	0.248365	0.248365	0.104388
0.22977	0.238531	0.238531	0.100255
0.23976	0.22682	0.22682	0.0953322
0.24975	0.213322	0.213322	0.0896591
0.25974	0.198145	0.198145	0.0832802
0.26973	0.181408	0.181408	0.0762456
0.27972	0.163243	0.163243	0.0686108
0.28971	0.143792	0.143792	0.060436
0.2997	0.123211	0.123211	0.0517855
0.30969	0.101659	0.101659	0.0427274
0.31968	0.0793078	0.0793078	0.0333331
0.32967	0.0563323	0.0563323	0.0236764
0.33966	0.0329135	0.0329135	0.0138335
0.34965	0.00923576	0.00923576	0.00388179
0.35964	-0.0145146	-0.0145146	-0.0061005
0.36963	-0.0381508	-0.0381508	-0.0160348
0.37962	-0.061487	-0.061487	-0.025843
0.38961	-0.0843396	-0.0843396	-0.0354479
0.3996	-0.106529	-0.106529	-0.0447741
0.40959	-0.127881	-0.127881	-0.0537482
0.41958	-0.148227	-0.148227	-0.0622997
0.42957	-0.167408	-0.167408	-0.0703615
0.43956	-0.185273	-0.185273	-0.0778701
0.44955	-0.201682	-0.201682	-0.0847667
0.45954	-0.216505	-0.216505	-0.0909972
0.46953	-0.229628	-0.229628	-0.0965125
0.47952	-0.240946	-0.240946	-0.10127
0.48951	-0.250371	-0.250371	-0.105231
0.4995	-0.25783	-0.25783	-0.108366
0.50949	-0.263264	-0.263264	-0.11065
0.51948	-0.26663	-0.26663	-0.112064
0.52947	-0.267902	-0.267902	-0.112599
0.53946	-0.267071	-0.267071	-0.11225
0.54945	-0.264144	-0.264144	-0.11102
0.55944	-0.259143	-0.259143	-0.108918
0.56943	-0.252109	-0.252109	-0.105961
0.57942	-0.243096	-0.243096	-0.102173
0.58941	-0.232176	-0.232176	-0.0975836
0.5994	-0.219435	-0.219435	-0.0922285
0.60939	-0.204973	-0.204973	-0.08615
0.61938	-0.188903	-0.188903	-0.0793959
0.62937	-0.171352	-0.171352	-0.0720192
0.63936	-0.152458	-0.152458	-0.064078
0.64935	-0.132368	-0.132368	-0.0556345
0.65934	-0.111242	-0.111242	-0.0467549
0.66933	-0.0892435	-0.0892435	-0.037509
0.67932	-0.066546	-0.066546	-0.0279693
0.68931	-0.0433273	-0.0433273	-0.0182104
0.6993	-0.0197692	-0.0197692	-0.00830898
0.70929	0.00394372	0.00394372	0.00165755
0.71928	0.0276258	0.0276258	0.0116111
0.72927	0.0510915	0.0510915	0.0214738
0.73926	0.0741575	0.0741575	0.0311684
0.74925	0.0966432	0.0966432	0.0406191
0.75924	0.118373	0.118373	0.0497521
0.76923	0.139177	0.139177	0.0584959
0.77922	0.158892	0.158892	0.0667823
0.78921	0.177365	0.177365	0.0745466
0.7992	0.194452	0.194452	0.0817281
0.80919	0.210019	0.210019	0.0882709
0.81918	0.223945	0.223945	0.0941239
0.82917	0.236121	0.236121	0.0992416
0.83916	0.246453	0.246453	0.103584
0.84915	0.254861	0.254861	0.107118
0.85914	0.261279	0.261279	0.109815
0.86913	0.265657	0.265657	0.111656
0.87912	0.267962	0.267962	0.112625
0.88911	0.268177	0.268177	0.112715
0.8991	0.2663	0.2663	0.111926
0.90909	0.262346	0.262346	0.110264
0.91908	0.256346	0.256346	0.107742
0.92907	0.248349	0.248349	0.104381
0.93906	0.238416	0.238416	0.100206
0.94905	0.226625	0.226625	0.0952505
0.95904	0.213069	0.213069	0.089553
0.96903	0.197854	0.197854	0.0831581
0.97902	0.181099	0.181099	0.0761157
0.98901	0.162933	0.162933	0.0684809
0.999	0.1435	0.1435	0.0603132
1.00899	0.122951	0.122951	0.0516763
1.01898	0.101445	0.101445	0.0426375
1.02897	0.079151	0.079151	0.0332671
1.03896	0.0562412	0.0562412	0.0236382
1.04895	0.0328943	0.0328943	0.0138255
1.05894	0.00929192	0.00929192	0.00390539
1.06893	-0.0143827	-0.0143827	-0.00604504
1.07892	-0.0379456	-0.0379456	-0.0159485
1.08891	-0.061214	-0.061214	-0.0257282
1.0989	-0.0840073	-0.0840073	-0.0353083
1.10889	-0.106149	-0.106149	-0.0446143
1.11888	-0.127467	-0.127467	-0.0535744
1.12887	-0.147797	-0.147797	-0.062119
1.13886	-0.166981	-0.166981	-0.070182
1.14885	-0.184871	-0.184871	-0.0777012
1.15884	-0.201328	-0.201328	-0.0846183
1.16883	-0.216227	-0.216227	-0.0908801
1.17882	-0.229451	-0.229451	-0.0964382
1.18881	-0.240899	-0.240899	-0.10125
1.1988	-0.250483	-0.250483	-0.105278
1.20879	-0.258129	-0.258129	-0.108492
1.21878	-0.263779	-0.263779	-0.110866
1.22877	-0.26739	-0.26739	-0.112384
1.23876	-0.268934	-0.268934	-0.113033
1.24875	-0.2684	-0.2684	-0.112809
1.25874	-0.265793	-0.265793	-0.111713
1.26873	-0.261134	-0.261134	-0.109755
1.27872	-0.25446	-0.25446	-0.106949
1.28871	-0.245822	-0.245822	-0.103319
1.2987	-0.235288	-0.235288	-0.0988914
1.30869	-0.222939	-0.222939	-0.0937013
1.31868	-0.208872	-0.208872	-0.0877889
1.32867	-0.193196	-0.193196	-0.0812001
1.33866	-0.176031	-0.176031	-0.0739857
1.34865	-0.157511	-0.157511	-0.0662017
1.35864	-0.137778	-0.137778	-0.057908
1.36863	-0.116985	-0.116985	-0.0491687
1.37862	-0.0952918	-0.0952918	-0.0400511
1.38861	-0.0728661	-0.0728661	-0.0306256
1.3986	-0.0498802	-0.0498802	-0.0209647
1.40859	-0.0265111	-0.0265111	-0.0111426
1.41858	-0.00293832	-0.00293832	-0.00123498
1.42857	0.020657	0.020657	0.00868215
1.43856	0.0440938	0.0440938	0.0185326
1.44855	0.0671923	0.0671923	0.0282409
1.45854	0.0897755	0.0897755	0.0377326
1.46853	0.11167	0.11167	0.046935
1.47852	0.132709	0.132709	0.0557777
1.48851	0.152732	0.152732	0.0641931
1.4985	0.171584	0.171584	0.0721168
1.50849	0.189123	0.189123	0.0794885
1.51848	0.205215	0.205215	0.0862519
1.52847	0.219737	0.219737	0.0923556
1.53846	0.232579	0.232579	0.0977531
1.54845	0.243644	0.243644	0.102403
1.55844	0.252847	0.252847	0.106271
1.56843	0.260118	0.260118	0.109328
1.57842	0.265405	0.265405	0.11155
1.58841	0.268666	0.268666	0.11292
1.5984	0.269877	0.269877	0.113429
1.60839	0.269031	0.269031	0.113074
1.61838	0.266135	0.266135	0.111856
1.62837	0.261211	0.261211	0.109787
1.63836	0.254298	0.254298	0.106881
1.64835	0.24545	0.24545	0.103162
1.65834	0.234734	0.234734	0.0986585
1.66833	0.222233	0.222233	0.0934043
1.67832	0.208042	0.208042	0.0874401
1.68831	0.192271	0.192271	0.0808114
1.6983	0.175039	0.175039	0.073569
1.70829	0.156479	0.156479	0.0657681
1.71828	0.136731	0.136731	0.0574681
1.72827	0.115946	0.115946	0.0487322
1.73826	0.0942822	0.0942822	0.0396268
1.74825	0.0719038	0.0719038	0.0302212
1.75824	0.0489807	0.0489807	0.0205866
1.76823	0.0256868	0.0256868	0.0107962
1.77822	0.00219849	0.00219849	0.000924026
1.78821	-0.0213065	-0.0213065	-0.00895511
1.7982	-0.0446504	-0.0446504	-0.0187665
1.80819	-0.0676568	-0.0676568	-0.0284362
1.81818	-0.0901523	-0.0901523	-0.037891
1.82817	-0.111967	-0.111967	-0.0470598
1.83816	-0.132937	-0.132937	-0.0558735
1.84815	-0.152905	-0.152905	-0.0642657
1.85814	-0.171719	-0.171719	-0.0721735
1.86813	-0.18924	-0.18924	-0.0795375
1.87812	-0.205335	-0.205335	-0.0863025
1.88811	-0.219885	-0.219885	-0.0924178
1.8981	-0.232781	-0.232781	-0.0978378
1.90809	-0.243926	-0.243926	-0.102522
1.91808	-0.253238	-0.253238	-0.106436
1.92807	-0.260647	-0.260647	-0.10955
1.93806	-0.266099	-0.266099	-0.111841
1.94805	-0.269554	-0.269554	-0.113294
1.95804	-0.270987	-0.270987	-0.113896
1.96803	-0.270389	-0.270389	-0.113644
1.97802	-0.267765	-0.267765	-0.112541
1.98801	-0.263135	-0.263135	-0.110596
1.998	-0.256536	-0.256536	-0.107822
2.00799	-0.248017	-0.248017	-0.104242
2.01798	-0.237644	-0.237644	-0.0998818
2.02797	-0.225495	-0.225495	-0.0947756
2.03796	-0.211662	-0.211662	-0.0889615
2.04795	-0.196249	-0.196249	-0.0824832
2.05794	-0.179371	-0.179371	-0.0753896
2.06793	-0.161156	-0.161156	-0.0677338
2.07792	-0.14174	-0.14174	-0.0595731
2.08791	-0.121268	-0.121268	-0.0509687
2.0979	-0.0998927	-0.0998927	-0.0419849
2.10789	-0.0777746	-0.0777746	-0.0326886
2.11788	-0.0550781	-0.0550781	-0.0231493
2.12787	-0.0319723	-0.0319723	-0.0134379
2.13786	-0.00862893	-0.00862893	-0.00362674
2.14785	0.0147785	0.0147785	0.00621139
2.15784	0.0380762	0.0380762	0.0160034
2.16783	0.0610917	0.0610917	0.0256768
2.17782	0.0836544	0.0836544	0.03516
2.18781	0.105598	0.105598	0.0443827
2.1978	0.126759	0.126759	0.0532769
2.20779	0.146983	0.146983	0.061777
2.21778	0.16612	0.16612	0.0698203
2.22777	0.18403	0.18403	0.0773478
2.23776	0.200581	0.200581	0.0843041
2.24775	0.215651	0.215651	0.0906382
2.25774	0.229131	0.229131	0.0963039
2.26773	0.240922	0.240922	0.10126
2.27772	0.250939	0.250939	0.10547
2.28771	0.259108	0.259108	0.108903
2.2977	0.26537	0.26537	0.111535
2.30769	0.269682	0.269682	0.113347
2.31768	0.272011	0.272011	0.114326
2.32767	0.272343	0.272343	0.114466
2.33766	0.270677	0.270677	0.113765
2.34765	0.267025	0.267025	0.11223
2.35764	0.261416	0.261416	0.109873
2.36763	0.253891	0.253891	0.106711
2.37762	0.244509	0.244509	0.102767
2.38761	0.233337	0.233337	0.0980717
2.3976	0.22046	0.22046	0.0926594
2.40759	0.205972	0.205972	0.08657
2.41758	0.18998	0.18998	0.0798486
2.42757	0.172602	0.172602	0.0725446
2.43756	0.153965	0.153965	0.0647116
2.44755	0.134207	0.134207	0.056407
2.45754	0.113471	0.113471	0.0476917
2.46753	0.0919089	0.0919089	0.0386293
2.47752	0.0696788	0.0696788	0.029286
2.48751	0.0469423	0.0469423	0.0197299
2.4975	0.0238649	0.0238649	0.0100304
2.50749	0.000614207	0.000614207	0.000258151
2.51748	-0.0226409	-0.0226409	-0.00951598
2.52747	-0.045732	-0.045732	-0.0192212
2.53746	-0.0684919	-0.0684919	-0.0287871
2.54745	-0.0907561	-0.0907561	-0.0381448
2.55744	-0.112364	-0.112364	-0.0472265
2.56743	-0.13316	-0.13316	-0.055967
2.57742	-0.152994	-0.152994	-0.0643033
2.58741	-0.171724	-0.171724	-0.0721755
2.5974	-0.189215	-0.189215	-0.0795272
2.60739	-0.205343	-0.205343	-0.0863058
2.61738	-0.219993	-0.219993	-0.0924628
2.62737	-0.233059	-0.233059	-0.0979545
2.63736	-0.244449	-0.244449	-0.102742
2.64735	-0.254082	-0.254082	-0.106791
2.65734	-0.261892	-0.261892	-0.110073
2.66733	-0.267822	-0.267822	-0.112565
2.67732	-0.271831	-0.271831	-0.114251
2.68731	-0.273894	-0.273894	-0.115117
2.6973	-0.273995	-0.273995	-0.11516
2.70729	-0.272136	-0.272136	-0.114379
2.71728	-0.268332	-0.268332	-0.11278
2.72727	-0.262611	-0.262611	-0.110375
2.73726	-0.255016	-0.255016	-0.107183
2.74725	-0.245601	-0.245601	-0.103226
2.75724	-0.234437	-0.234437	-0.0985337
2.76723	-0.221603	-0.221603	-0.0931396
2.77722	-0.207192	-0.207192	-0.0870826
2.78721	-0.191307	-0.191307	-0.0804065
2.7972	-0.174064	-0.174064	-0.0731591
2.80719	-0.155585	-0.155585	-0.0653923
2.81718	-0.136002	-0.136002	-0.0571616
2.82717	-0.115455	-0.115455	-0.0485258
2.83716	-0.0940905	-0.0940905	-0.0395462
2.84715	-0.0720601	-0.0720601	-0.0302868
2.85714	-0.04952	-0.04952	-0.0208133
2.86713	-0.0266301	-0.0266301	-0.0111926
2.87712	-0.00355219	-0.00355219	-0.00149298
2.88711	0.0195508	0.0195508	0.00821721
2.8971	0.0425161	0.0425161	0.0178695
2.90709	0.0651819	0.0651819	0.027396
2.91708	0.0873891	0.0873891	0.0367296
2.92707	0.108982	0.108982	0.0458051
2.93706	0.129809	0.129809	0.0545588
2.94705	0.149725	0.149725	0.0629295
2.95704	0.168591	0.168591	0.0708589
2.96703	0.186276	0.186276	0.0782917
2.97702	0.202656	0.202656	0.0851764
2.98701	0.217619	0.217619	0.0914652
2.997	0.23106	0.23106	0.0971147
3.00699	0.242888	0.242888	0.102086
3.01698	0.253021	0.253021	0.106345
3.02697	0.261391	0.261391	0.109862
3.03696	0.267939	0.267939	0.112615
3.04695	0.272622	0.272622	0.114583
3.05694	0.27541	0.27541	0.115755
3.06693	0.276284	0.276284	0.116122
3.07692	0.275241	0.275241	0.115684
3.08691	0.272288	0.272288	0.114443
3.0969	0.267449	0.267449	0.112409
3.10689	0.260758	0.260758	0.109597
3.11688	0.252264	0.252264	0.106027
3.12687	0.242026	0.242026	0.101724
3.13686	0.230117	0.230117	0.0967183
3.14685	0.216621	0.216621	0.0910458
3.15684	0.201632	0.201632	0.0847458
3.16683	0.185254	0.185254	0.0778623
3.17682	0.167602	0.167602	0.0704431
3.18681	0.148798	0.148798	0.0625397
3.1968	0.128972	0.128972	0.0542069
3.20679	0.108261	0.108261	0.0455021
3.21678	0.0868083	0.0868083	0.0364855
3.22677	0.0647611	0.0647611	0.0272191
3.23676	0.0422707	0.0422707	0.0177664
3.24675	0.0194915	0.0194915	0.00819226
3.25674	-0.00342091	-0.00342091	-0.00143781
3.26673	-0.02631	-0.02631	-0.0110581
3.27672	-0.0490198	-0.0490198	-0.020603
3.28671	-0.0713958	-0.0713958	-0.0300076
3.2967	-0.0932862	-0.0932862	-0.0392082
3.30669	-0.114543	-0.114543	-0.0481423
3.31668	-0.135022	-0.135022	-0.0567495
3.32667	-0.154585	-0.154585	-0.0649719
3.33666	-0.1731	-0.1731	-0.072754
3.34665	-0.190444	-0.190444	-0.0800436
3.35664	-0.2065	-0.2065	-0.0867919
3.36663	-0.221161	-0.221161	-0.0929539
3.37662	-0.234329	-0.234329	-0.0984885
3.38661	-0.245917	-0.245917	-0.103359
3.3966	-0.255849	-0.255849	-0.107533
3.40659	-0.264059	-0.264059	-0.110984
3.41658	-0.270494	-0.270494	-0.113689
3.42657	-0.275113	-0.275113	-0.11563
3.43656	-0.277886	-0.277886	-0.116795
3.44655	-0.278796	-0.278796	-0.117178
3.45654	-0.27784	-0.27784	-0.116776
3.46653	-0.275026	-0.275026	-0.115593
3.47652	-0.270374	-0.270374	-0.113638
3.48651	-0.263918	-0.263918	-0.110925
3.4965	-0.255702	-0.255702	-0.107471
3.50649	-0.245782	-0.245782	-0.103302
3.51648	-0.234228	-0.234228	-0.0984459
3.52647	-0.221117	-0.221117	-0.0929353
3.53646	-0.206537	-0.206537	-0.0868075
3.54645	-0.190588	-0.190588	-0.080104
3.55644	-0.173376	-0.173376	-0.0728698
3.56643	-0.155016	-0.155016	-0.0651533
3.57642	-0.135632	-0.135632	-0.0570061
3.58641	-0.115352	-0.115352	-0.0484823
3.5964	-0.0943106	-0.0943106	-0.0396387
3.60639	-0.072648	-0.072648	-0.0305339
3.61638	-0.0505071	-0.0505071	-0.0212281
3.62637	-0.028034	-0.028034	-0.0117827
3.63636	-0.00537685	-0.00537685	-0.00225989
3.64635	0.0173156	0.0173156	0.00727776
3.65634	0.0398947	0.0398947	0.0167677
3.66633	0.0622126	0.0622126	0.0261479
3.67632	0.0841237	0.0841237	0.0353572
3.68631	0.105485	0.105485	0.0443355
3.6963	0.126159	0.126159	0.0530245
3.70629	0.14601	0.14601	0.061368
3.71628	0.164911	0.164911	0.069312
3.72627	0.182739	0.182739	0.0768053
3.73626	0.199381	0.199381	0.0837998
3.74625	0.214729	0.214729	0.0902506
3.75624	0.228686	0.228686	0.0961165
3.76623	0.241162	0.241162	0.10136
3.77622	0.252079	0.252079	0.105949
3.78621	0.261369	0.261369	0.109853
3.7962	0.268972	0.268972	0.113049
3.80619	0.274843	0.274843	0.115517
3.81618	0.278945	0.278945	0.117241
3.82617	0.281255	0.281255	0.118211
3.83616	0.281758	0.281758	0.118423
3.84615	0.280455	0.280455	0.117875
3.85614	0.277356	0.277356	0.116573
3.86613	0.272483	0.272483	0.114524
3.87612	0.265868	0.265868	0.111744
3.88611	0.257557	0.257557	0.108251
3.8961	0.247605	0.247605	0.104068
3.90609	0.236076	0.236076	0.0992226
3.91608	0.223046	0.223046	0.0937461
3.92607	0.208599	0.208599	0.0876743
3.93606	0.19283	0.19283	0.0810464
3.94605	0.175839	0.175839	0.073905
3.95604	0.157735	0.157735	0.0662961
3.96603	0.138635	0.138635	0.0582682
3.97602	0.11866	0.11866	0.0498726
3.98601	0.0979363	0.0979363	0.0411626
3.996	0.0765965	0.0765965	0.0321935
4.00599	0.054775	0.054775	0.0230219
4.01598	0.0326096	0.0326096	0.0137058
4.02597	0.0102396	0.0102396	0.00430371
4.03596	-0.0121945	-0.0121945	-0.00512536
4.04595	-0.0345524	-0.0345524	-0.0145224
4.05594	-0.0566945	-0.0566945	-0.0238287
4.06593	-0.0784828	-0.0784828	-0.0329863
4.07592	-0.0997822	-0.0997822	-0.0419385
4.08591	-0.120461	-0.120461	-0.0506296
4.0959	-0.14039	-0.14039	-0.0590061
4.10589	-0.159449	-0.159449	-0.0670164
4.11588	-0.177519	-0.177519	-0.0746112
4.12587	-0.19449	-0.19449	-0.0817442
4.13586	-0.210259	-0.210259	-0.0883719
4.14585	-0.22473	-0.22473	-0.0944539
4.15584	-0.237815	-0.237815	-0.0999536
4.16583	-0.249436	-0.249436	-0.104838
4.17582	-0.259523	-0.259523	-0.109077
4.18581	-0.268016	-0.268016	-0.112647
4.1958	-0.274866	-0.274866	-0.115526
4.20579	-0.280032	-0.280032	-0.117698
4.21578	-0.283486	-0.283486	-0.119149
4.22577	-0.285208	-0.285208	-0.119873
4.23576	-0.285191	-0.285191	-0.119866
4.24575	-0.283437	-0.283437	-0.119129
4.25574	-0.279959	-0.279959	-0.117667
4.26573	-0.274781	-0.274781	-0.11549
4.27572	-0.267936	-0.267936	-0.112613
4.28571	-0.259468	-0.259468	-0.109054
4.2957	-0.249431	-0.249431	-0.104836
4.30569	-0.237887	-0.237887	-0.0999839
4.31568	-0.224909	-0.224909	-0.0945291
4.32567	-0.210576	-0.210576	-0.088505
4.33566	-0.194977	-0.194977	-0.0819486
4.34565	-0.178206	-0.178206	-0.0749001
4.35564	-0.160367	-0.160367	-0.0674024
4.36563	-0.141568	-0.141568	-0.0595012
4.37562	-0.121923	-0.121923	-0.0512441
4.38561	-0.101549	-0.101549	-0.0426811
4.3956	-0.08057	-0.08057	-0.0338636
4.40559	-0.0591113	-0.0591113	-0.0248445
4.41558	-0.0373011	-0.0373011	-0.0156777
4.42557	-0.0152695	-0.0152695	-0.00641779
4.43556	0.00685256	0.00685256	0.00288013
4.44555	0.0289341	0.0289341	0.012161
4.45554	0.0508448	0.0508448	0.0213701
4.46553	0.0724555	0.0724555	0.030453
4.47552	0.0936393	0.0936393	0.0393566
4.48551	0.114272	0.114272	0.0480287
4.4955	0.134234	0.134234	0.0564187
4.50549	0.153409	0.153409	0.0644778
4.51548	0.171686	0.171686	0.0721594
4.52547	0.188958	0.188958	0.0794191
4.53546	0.205128	0.205128	0.0862153
4.54545	0.220102	0.220102	0.0925089
4.55544	0.233795	0.233795	0.0982642
4.56543	0.24613	0.24613	0.103449
4.57542	0.257037	0.257037	0.108033
4.58541	0.266455	0.266455	0.111991
4.5954	0.274333	0.274333	0.115302
4.60539	0.280626	0.280626	0.117947
4.61538	0.285301	0.285301	0.119912
4.62537	0.288335	0.288335	0.121187
4.63536	0.289712	0.289712	0.121766
4.64535	0.289426	0.289426	0.121646
4.65534	0.287483	0.287483	0.120829
4.66533	0.283895	0.283895	0.119321
4.67532	0.278687	0.278687	0.117132
4.68531	0.27189	0.27189	0.114275
4.6953	0.263546	0.263546	0.110768
4.70529	0.253705	0.253705	0.106632
4.71528	0.242424	0.242424	0.101891
4.72527	0.229771	0.229771	0.0965727
4.73526	0.215819	0.215819	0.0907086
4.74525	0.200648	0.200648	0.0843325
4.75524	0.184348	0.184348	0.0774813
4.76523	0.16701	0.16701	0.0701942
4.77522	0.148734	0.148734	0.0625129
4.78521	0.129625	0.129625	0.0544812
4.7952	0.10979	0.10979	0.0461446
4.80519	0.0893412	0.0893412	0.0375501
4.81518	0.0683945	0.0683945	0.0287462
4.82517	0.047067	0.047067	0.0197823
4.83516	0.0254778	0.0254778	0.0107083
4.84515	0.00374725	0.00374725	0.00157497
4.85514	-0.0180041	-0.0180041	-0.00756713
4.86513	-0.039656	-0.039656	-0.0166674
4.87512	-0.061089	-0.061089	-0.0256757
4.88511	-0.0821854	-0.0821854	-0.0345425
4.8951	-0.10283	-0.10283	-0.0432194
4.90509	-0.12291	-0.12291	-0.051659
4.91508	-0.142316	-0.142316	-0.0598155
4.92507	-0.160944	-0.160944	-0.0676447
4.93506	-0.178693	-0.178693	-0.0751046
4.94505	-0.195468	-0.195468	-0.082155
4.95504	-0.211179	-0.211179	-0.0887585
4.96503	-0.225743	-0.225743	-0.0948798
4.97502	-0.239084	-0.239084	-0.100487
4.98501	-0.25113	-0.25113	-0.10555
4.995	-0.26182	-0.26182	-0.110043
5.00499	-0.271098	-0.271098	-0.113943
5.01498	-0.278918	-0.278918	-0.117229
5.02497	-0.285239	-0.285239	-0.119886
5.03496	-0.29003	-0.29003	-0.1219
5.04495	-0.29327	-0.29327	-0.123261
5.05494	-0.294943	-0.294943	-0.123964
5.06493	-0.295043	-0.295043	-0.124007
5.07492	-0.293573	-0.293573	-0.123389
5.08491	-0.290544	-0.290544	-0.122116
5.0949	-0.285974	-0.285974	-0.120195
5.10489	-0.279892	-0.279892	-0.117638
5.11488	-0.272331	-0.272331	-0.114461
5.12487	-0.263334	-0.263334	-0.110679
5.13486	-0.252953	-0.252953	-0.106316
5.14485	-0.241243	-0.241243	-0.101394
5.15484	-0.228269	-0.228269	-0.0959412
5.16483	-0.214101	-0.214101	-0.0899864
5.17482	-0.198815	-0.198815	-0.0835619
5.18481	-0.182494	-0.182494	-0.076702
5.1948	-0.165223	-0.165223	-0.0694434
5.20479	-0.147096	-0.147096	-0.0618244
5.21478	-0.128207	-0.128207	-0.0538852
5.22477	-0.108655	-0.108655	-0.0456675
5.23476	-0.0885422	-0.0885422	-0.0372143
5.24475	-0.0679741	-0.0679741	-0.0285695
5.25474	-0.0470567	-0.0470567	-0.0197779
5.26473	-0.0258981	-0.0258981	-0.010885
5.27472	-0.00460695	-0.00460695	-0.0019363
5.28471	0.0167078	0.0167078	0.00702227
5.2947	0.0379374	0.0379374	0.0159451
5.30469	0.0589742	0.0589742	0.0247868
5.31468	0.0797118	0.0797118	0.0335028
5.32467	0.100046	0.100046	0.0420492
5.33466	0.119874	0.119874	0.0503832
5.34465	0.139099	0.139099	0.0584631
5.35464	0.157623	0.157623	0.0662489
5.36463	0.175356	0.175356	0.0737021
5.37462	0.192211	0.192211	0.0807861
5.38461	0.208104	0.208104	0.0874662
5.3946	0.22296	0.22296	0.0937099
5.40459	0.236705	0.236705	0.0994872
5.41458	0.249275	0.249275	0.10477
5.42457	0.26061	0.26061	0.109534
5.43456	0.270655	0.270655	0.113756
5.44455	0.279366	0.279366	0.117417
5.45454	0.2867	0.2867	0.1205
5.46453	0.292626	0.292626	0.122991
5.47452	0.297118	0.297118	0.124878
5.48451	0.300156	0.300156	0.126155
5.4945	0.301729	0.301729	0.126817
5.50449	0.301833	0.301833	0.12686
5.51448	0.300471	0.300471	0.126288
5.52447	0.297652	0.297652	0.125103
5.53446	0.293394	0.293394	0.123313
5.54445	0.287719	0.287719	0.120928
5.55444	0.28066	0.28066	0.117961
5.56443	0.272253	0.272253	0.114428
5.57442	0.26254	0.26254	0.110346
5.58441	0.251573	0.251573	0.105736
5.5944	0.239405	0.239405	0.100622
5.60439	0.226098	0.226098	0.0950291
5.61438	0.211718	0.211718	0.0889851
5.62437	0.196335	0.196335	0.0825195
5.63436	0.180024	0.180024	0.075664
5.64435	0.162864	0.162864	0.0684518
5.65434	0.144938	0.144938	0.0609176
5.66433	0.126333	0.126333	0.0530976
5.67432	0.107136	0.107136	0.0450291
5.68431	0.0874383	0.0874383	0.0367503
5.6943	0.0673337	0.0673337	0.0283004
5.70429	0.0469162	0.0469162	0.0197189
5.71428	0.0262812	0.0262812	0.011046
5.72427	0.0055246	0.0055246	0.00232199
5.73426	-0.0152575	-0.0152575	-0.00641272
5.74425	-0.0359694	-0.0359694	-0.0151179
5.75424	-0.0565163	-0.0565163	-0.0237538
5.76423	-0.0768045	-0.0768045	-0.0322809
5.77422	-0.096742	-0.096742	-0.0406607
5.78421	-0.116239	-0.116239	-0.0488552
5.7942	-0.135208	-0.135208	-0.0568278
5.80419	-0.153564	-0.153564	-0.0645428
5.81418	-0.171226	-0.171226	-0.0719661
5.82417	-0.188116	-0.188116	-0.0790649
5.83416	-0.204159	-0.204159	-0.0858082
5.84415	-0.219288	-0.219288	-0.0921666
5.85414	-0.233435	-0.233435	-0.0981126
5.86413	-0.24654	-0.24654	-0.103621
5.87412	-0.258548	-0.258548	-0.108668
5.88411	-0.269409	-0.269409	-0.113233
5.8941	-0.279077	-0.279077	-0.117296
5.90409	-0.287512	-0.287512	-0.120841
5.91408	-0.294682	-0.294682	-0.123855
5.92407	-0.300557	-0.300557	-0.126324
5.93406	-0.305115	-0.305115	-0.12824
5.94405	-0.308341	-0.308341	-0.129596
5.95404	-0.310224	-0.310224	-0.130387
5.96403	-0.310758	-0.310758	-0.130612
5.97402	-0.309946	-0.309946	-0.13027
5.98401	-0.307795	-0.307795	-0.129366
5.994	-0.304318	-0.304318	-0.127905
6.00399	-0.299533	-0.299533	-0.125894
6.01398	-0.293464	-0.293464	-0.123343
6.02397	-0.286141	-0.286141	-0.120265
6.03396	-0.277599	-0.277599	-0.116675
6.04395	-0.267878	-0.267878	-0.112589
6.05394	-0.257021	-0.257021	-0.108026
6.06393	-0.245078	-0.245078	-0.103006
6.07392	-0.232103	-0.232103	-0.0975529
6.08391	-0.218153	-0.218153	-0.0916896
6.0939	-0.203289	-0.203289	-0.0854422
6.10389	-0.187575	-0.187575	-0.0788379
6.11388	-0.171081	-0.171081	-0.0719053
6.12387	-0.153876	-0.153876	-0.0646741
6.13386	-0.136034	-0.136034	-0.0571752
6.14385	-0.117631	-0.117631	-0.0494401
6.15384	-0.0987429	-0.0987429	-0.0415016
6.16383	-0.07945	-0.07945	-0.0333928
6.17382	-0.0598319	-0.0598319	-0.0251474
6.18381	-0.0399698	-0.0399698	-0.0167993
6.1938	-0.0199451	-0.0199451	-0.00838293
6.20379	0.0001605	0.0001605	6.74582e-005
6.21378	0.0202655	0.0202655	0.00851759
6.22377	0.0402889	0.0402889	0.0169334
6.23376	0.0601505	0.0601505	0.0252812
6.24375	0.0797712	0.0797712	0.0335278
6.25374	0.0990735	0.0990735	0.0416406
6.26373	0.117982	0.117982	0.0495876
6.27372	0.136422	0.136422	0.057338
6.28371	0.154322	0.154322	0.0648615
6.2937	0.171614	0.171614	0.0721294
6.30369	0.188232	0.188232	0.0791139
6.31368	0.204112	0.204112	0.0857884
6.32367	0.219196	0.219196	0.092128
6.33366	0.233426	0.233426	0.098109
6.34365	0.246751	0.246751	0.103709
6.35364	0.259122	0.259122	0.108909
6.36363	0.270494	0.270494	0.113688
6.37362	0.280827	0.280827	0.118031
6.38361	0.290084	0.290084	0.121922
6.3936	0.298235	0.298235	0.125348
6.40359	0.305251	0.305251	0.128297
6.41358	0.31111	0.31111	0.13076
6.42357	0.315794	0.315794	0.132728
6.43356	0.319289	0.319289	0.134197
6.44355	0.321586	0.321586	0.135163
6.45354	0.32268	0.32268	0.135623
6.46353	0.322572	0.322572	0.135577
6.47352	0.321266	0.321266	0.135028
6.48351	0.318771	0.318771	0.133979
6.4935	0.3151	0.3151	0.132437
6.50349	0.310271	0.310271	0.130407
6.51348	0.304306	0.304306	0.1279
6.52347	0.297231	0.297231	0.124926
6.53346	0.289075	0.289075	0.121498
6.54345	0.279871	0.279871	0.11763
6.55344	0.269657	0.269657	0.113337
6.56343	0.258473	0.258473	0.108636
6.57342	0.246362	0.246362	0.103546
6.58341	0.233372	0.233372	0.0980864
6.5934	0.219552	0.219552	0.0922776
6.60339	0.204953	0.204953	0.0861418
6.61338	0.189631	0.189631	0.0797017
6.62337	0.173641	0.173641	0.0729812
6.63336	0.157042	0.157042	0.0660049
6.64335	0.139895	0.139895	0.0587981
6.65334	0.122262	0.122262	0.0513867
6.66333	0.104205	0.104205	0.0437972
6.67332	0.0857876	0.0857876	0.0360565
6.68331	0.0670755	0.0670755	0.0281918
6.6933	0.0481336	0.0481336	0.0202305
6.70329	0.0290274	0.0290274	0.0122002
6.71328	0.00982248	0.00982248	0.00412839
6.72327	-0.00941573	-0.00941573	-0.00395743
6.73326	-0.0286222	-0.0286222	-0.0120299
6.74325	-0.0477326	-0.0477326	-0.020062
6.75324	-0.0666834	-0.0666834	-0.028027
6.76323	-0.085412	-0.085412	-0.0358987
6.77322	-0.103857	-0.103857	-0.0436512
6.78321	-0.121959	-0.121959	-0.0512595
6.7932	-0.13966	-0.13966	-0.0586991
6.80319	-0.156903	-0.156903	-0.0659463
6.81318	-0.173634	-0.173634	-0.0729782
6.82317	-0.1898	-0.1898	-0.079773
6.83316	-0.205352	-0.205352	-0.0863095
6.84315	-0.220242	-0.220242	-0.0925678
6.85314	-0.234425	-0.234425	-0.0985289
6.86313	-0.247859	-0.247859	-0.104175
6.87312	-0.260504	-0.260504	-0.10949
6.88311	-0.272324	-0.272324	-0.114458
6.8931	-0.283284	-0.283284	-0.119064
6.90309	-0.293355	-0.293355	-0.123297
6.91308	-0.302508	-0.302508	-0.127144
6.92307	-0.310719	-0.310719	-0.130595
6.93306	-0.317967	-0.317967	-0.133641
6.94305	-0.324233	-0.324233	-0.136275
6.95304	-0.329503	-0.329503	-0.13849
6.96303	-0.333765	-0.333765	-0.140282
6.97302	-0.337011	-0.337011	-0.141646
6.98301	-0.339236	-0.339236	-0.142581
6.993	-0.340437	-0.340437	-0.143086
7.00299	-0.340616	-0.340616	-0.143161
7.01298	-0.339777	-0.339777	-0.142808
7.02297	-0.337926	-0.337926	-0.14203
7.03296	-0.335075	-0.335075	-0.140832
7.04295	-0.331237	-0.331237	-0.139219
7.05294	-0.326427	-0.326427	-0.137197
7.06293	-0.320664	-0.320664	-0.134775
7.07292	-0.313969	-0.313969	-0.131961
7.08291	-0.306367	-0.306367	-0.128766
7.0929	-0.297884	-0.297884	-0.1252
7.10289	-0.288547	-0.288547	-0.121276
7.11288	-0.278389	-0.278389	-0.117007
7.12287	-0.267441	-0.267441	-0.112406
7.13286	-0.25574	-0.25574	-0.107487
7.14285	-0.24332	-0.24332	-0.102267
7.15284	-0.230222	-0.230222	-0.0967621
7.16283	-0.216483	-0.216483	-0.0909879
7.17282	-0.202147	-0.202147	-0.0849623
7.18281	-0.187255	-0.187255	-0.0787031
7.1928	-0.17185	-0.17185	-0.0722287
7.20279	-0.155979	-0.155979	-0.0655578
7.21278	-0.139685	-0.139685	-0.0587094
7.22277	-0.123015	-0.123015	-0.051703
7.23276	-0.106015	-0.106015	-0.0445582
7.24275	-0.0887335	-0.0887335	-0.0372947
7.25274	-0.0712168	-0.0712168	-0.0299324
7.26273	-0.0535124	-0.0535124	-0.0224913
7.27272	-0.0356678	-0.0356678	-0.0149912
7.28271	-0.0177302	-0.0177302	-0.00745201
7.2927	0.000253314	0.000253314	0.000106468
7.30269	0.0182362	0.0182362	0.00766469
7.31268	0.0361725	0.0361725	0.0152033
7.32267	0.0540167	0.0540167	0.0227032
7.33266	0.0717241	0.0717241	0.0301456
7.34265	0.089251	0.089251	0.0375122
7.35264	0.106555	0.106555	0.0447849
7.36263	0.123593	0.123593	0.0519461
7.37262	0.140326	0.140326	0.0589789
7.38261	0.156713	0.156713	0.0658666
7.3926	0.172718	0.172718	0.0725934
7.40259	0.188303	0.188303	0.0791438
7.41258	0.203433	0.203433	0.0855031
7.42257	0.218076	0.218076	0.0916571
7.43256	0.232198	0.232198	0.0975926
7.44255	0.245769	0.245769	0.103297
7.45254	0.258762	0.258762	0.108758
7.46253	0.271149	0.271149	0.113964
7.47252	0.282905	0.282905	0.118905
7.48251	0.294007	0.294007	0.123571
7.4925	0.304435	0.304435	0.127954
7.50249	0.314168	0.314168	0.132045
7.51248	0.323188	0.323188	0.135836
7.52247	0.331482	0.331482	0.139322
7.53246	0.339034	0.339034	0.142496
7.54245	0.345832	0.345832	0.145353
7.55244	0.351868	0.351868	0.14789
7.56243	0.357133	0.357133	0.150103
7.57242	0.361621	0.361621	0.151989
7.58241	0.365327	0.365327	0.153547
7.5924	0.368249	0.368249	0.154775
7.60239	0.370386	0.370386	0.155673
7.61238	0.371739	0.371739	0.156242
7.62237	0.372312	0.372312	0.156483
7.63236	0.372108	0.372108	0.156397
7.64235	0.371134	0.371134	0.155988
7.65234	0.369397	0.369397	0.155258
7.66233	0.366907	0.366907	0.154211
7.67232	0.363674	0.363674	0.152852
7.68231	0.35971	0.35971	0.151186
7.6923	0.355029	0.355029	0.149219
7.70229	0.349645	0.349645	0.146956
7.71228	0.343575	0.343575	0.144405
7.72227	0.336836	0.336836	0.141572
7.73226	0.329445	0.329445	0.138466
7.74225	0.321423	0.321423	0.135094
7.75224	0.31279	0.31279	0.131466
7.76223	0.303567	0.303567	0.127589
7.77222	0.293776	0.293776	0.123474
7.78221	0.283439	0.283439	0.11913
7.7922	0.272582	0.272582	0.114566
7.80219	0.261227	0.261227	0.109793
7.81218	0.249399	0.249399	0.104822
7.82217	0.237124	0.237124	0.0996632
7.83216	0.224428	0.224428	0.0943269
7.84215	0.211336	0.211336	0.0888243
7.85214	0.197875	0.197875	0.0831667
7.86213	0.184071	0.184071	0.077365
7.87212	0.169952	0.169952	0.0714307
7.88211	0.155544	0.155544	0.065375
7.8921	0.140874	0.140874	0.0592092
7.90209	0.125969	0.125969	0.0529446
7.91208	0.110855	0.110855	0.0465925
7.92207	0.0955606	0.0955606	0.0401641
7.93206	0.080111	0.080111	0.0336706
7.94205	0.0645328	0.0645328	0.0271231
7.95204	0.048852	0.048852	0.0205325
7.96203	0.0330943	0.0330943	0.0139095
7.97202	0.017285	0.017285	0.00726489
7.98201	0.00144904	0.00144904	0.000609033
7.992	-0.0143892	-0.0143892	-0.00604777
8.00199	-0.0302057	-0.0302057	-0.0126955
8.01198	-0.0459772	-0.0459772	-0.0193242
8.02197	-0.0616807	-0.0616807	-0.0259244
8.03196	-0.0772942	-0.0772942	-0.0324867
8.04195	-0.0927959	-0.0927959	-0.0390021
8.05194	-0.108165	-0.108165	-0.0454617
8.06193	-0.123381	-0.123381	-0.0518571
8.07192	-0.138425	-0.138425	-0.05818
8.08191	-0.153278	-0.153278	-0.0644226
8.0919	-0.167921	-0.167921	-0.0705772
8.10189	-0.182338	-0.182338	-0.0766366
8.11188	-0.196512	-0.196512	-0.0825938
8.12187	-0.210427	-0.210427	-0.0884423
8.13186	-0.224068	-0.224068	-0.0941757
8.14185	-0.237421	-0.237421	-0.0997882
8.15184	-0.250474	-0.250474	-0.105274
8.16183	-0.263213	-0.263213	-0.110628
8.17182	-0.275626	-0.275626	-0.115846
8.18181	-0.287703	-0.287703	-0.120922
8.1918	-0.299435	-0.299435	-0.125852
8.20179	-0.31081	-0.31081	-0.130634
8.21178	-0.321822	-0.321822	-0.135262
8.22177	-0.332463	-0.332463	-0.139734
8.23176	-0.342725	-0.342725	-0.144047
8.24175	-0.352603	-0.352603	-0.148199
8.25174	-0.362091	-0.362091	-0.152187
8.26173	-0.371185	-0.371185	-0.156009
8.27172	-0.379881	-0.379881	-0.159664
8.28171	-0.388176	-0.388176	-0.16315
8.2917	-0.396068	-0.396068	-0.166467
8.30169	-0.403554	-0.403554	-0.169614
8.31168	-0.410635	-0.410635	-0.17259
8.32167	-0.417309	-0.417309	-0.175395
8.33166	-0.423577	-0.423577	-0.17803
8.34165	-0.42944	-0.42944	-0.180494
8.35164	-0.4349	-0.4349	-0.182788
8.36163	-0.439958	-0.439958	-0.184914
8.37162	-0.444617	-0.444617	-0.186873
8.38161	-0.448881	-0.448881	-0.188665
8.3916	-0.452752	-0.452752	-0.190292
8.40159	-0.456236	-0.456236	-0.191756
8.41158	-0.459337	-0.459337	-0.193059
8.42157	-0.46206	-0.46206	-0.194204
8.43156	-0.464411	-0.464411	-0.195192
8.44155	-0.466394	-0.466394	-0.196026
8.45154	-0.468018	-0.468018	-0.196708
8.46153	-0.469288	-0.469288	-0.197242
8.47152	-0.470211	-0.470211	-0.19763
8.48151	-0.470795	-0.470795	-0.197875
8.4915	-0.471047	-0.471047	-0.197981
8.50149	-0.470974	-0.470974	-0.197951
8.51148	-0.470586	-0.470586	-0.197787
8.52147	-0.46989	-0.46989	-0.197495
8.53146	-0.468894	-0.468894	-0.197076
8.54145	-0.467608	-0.467608	-0.196535
8.55144	-0.466039	-0.466039	-0.195876
8.56143	-0.464197	-0.464197	-0.195102
8.57142	-0.462091	-0.462091	-0.194217
8.58141	-0.45973	-0.45973	-0.193225
8.5914	-0.457123	-0.457123	-0.192129
8.60139	-0.45428	-0.45428	-0.190934
8.61138	-0.451209	-0.451209	-0.189643
8.62137	-0.447919	-0.447919	-0.18826
8.63136	-0.444421	-0.444421	-0.18679
8.64135	-0.440723	-0.440723	-0.185236
8.65134	-0.436835	-0.436835	-0.183602
8.66133	-0.432766	-0.432766	-0.181891
8.67132	-0.428525	-0.428525	-0.180109
8.68131	-0.42412	-0.42412	-0.178258
8.6913	-0.419562	-0.419562	-0.176342
8.70129	-0.414859	-0.414859	-0.174365
8.71128	-0.41002	-0.41002	-0.172331
8.72127	-0.405053	-0.405053	-0.170244
8.73126	-0.399968	-0.399968	-0.168106
8.74125	-0.394772	-0.394772	-0.165923
8.75124	-0.389474	-0.389474	-0.163696
8.76123	-0.384082	-0.384082	-0.16143
8.77122	-0.378604	-0.378604	-0.159127
8.78121	-0.373048	-0.373048	-0.156792
8.7912	-0.367421	-0.367421	-0.154427
8.80119	-0.361732	-0.361732	-0.152036
8.81118	-0.355987	-0.355987	-0.149621
8.82117	-0.350194	-0.350194	-0.147186
8.83116	-0.344359	-0.344359	-0.144734
8.84115	-0.338489	-0.338489	-0.142267
8.85114	-0.332591	-0.332591	-0.139788
8.86113	-0.326671	-0.326671	-0.1373
8.87112	-0.320735	-0.320735	-0.134805
8.88111	-0.31479	-0.31479	-0.132306
8.8911	-0.308841	-0.308841	-0.129806
8.90109	-0.302893	-0.302893	-0.127306
8.91108	-0.296952	-0.296952	-0.124809
8.92107	-0.291023	-0.291023	-0.122317
8.93106	-0.285112	-0.285112	-0.119832
8.94105	-0.279221	-0.279221	-0.117357
8.95104	-0.273358	-0.273358	-0.114892
8.96103	-0.267524	-0.267524	-0.11244
8.97102	-0.261725	-0.261725	-0.110003
8.98101	-0.255965	-0.255965	-0.107582
8.991	-0.250247	-0.250247	-0.105179
9.00099	-0.244576	-0.244576	-0.102795
9.01098	-0.238953	-0.238953	-0.100432
9.02097	-0.233383	-0.233383	-0.0980907
9.03096	-0.227868	-0.227868	-0.0957727
9.04095	-0.222411	-0.222411	-0.0934792
9.05094	-0.217015	-0.217015	-0.0912113
9.06093	-0.211682	-0.211682	-0.0889698
9.07092	-0.206414	-0.206414	-0.086756
9.08091	-0.201215	-0.201215	-0.0845705
9.0909	-0.196084	-0.196084	-0.0824142
9.10089	-0.191025	-0.191025	-0.0802879
9.11088	-0.186039	-0.186039	-0.0781922
9.12087	-0.181127	-0.181127	-0.0761278
9.13086	-0.176291	-0.176291	-0.0740953
9.14085	-0.171532	-0.171532	-0.072095
9.15084	-0.166851	-0.166851	-0.0701275
9.16083	-0.162249	-0.162249	-0.0681932
9.17082	-0.157726	-0.157726	-0.0662923
9.18081	-0.153284	-0.153284	-0.0644252
9.1908	-0.148923	-0.148923	-0.0625921
9.20079	-0.144642	-0.144642	-0.0607932
9.21078	-0.140444	-0.140444	-0.0590285
9.22077	-0.136327	-0.136327	-0.0572983
9.23076	-0.132292	-0.132292	-0.0556025
9.24075	-0.128339	-0.128339	-0.0539411
9.25074	-0.124468	-0.124468	-0.0523141
9.26073	-0.120679	-0.120679	-0.0507214
9.27072	-0.116971	-0.116971	-0.049163
9.28071	-0.113344	-0.113344	-0.0476386
9.2907	-0.109798	-0.109798	-0.0461481
9.30069	-0.106332	-0.106332	-0.0446913
9.31068	-0.102946	-0.102946	-0.043268
9.32067	-0.0996381	-0.0996381	-0.0418779
9.33066	-0.0964089	-0.0964089	-0.0405207
9.34065	-0.0932573	-0.0932573	-0.039196
9.35064	-0.0901824	-0.0901824	-0.0379037
9.36063	-0.0871835	-0.0871835	-0.0366432
9.37062	-0.0842595	-0.0842595	-0.0354143
9.38061	-0.0814096	-0.0814096	-0.0342164
9.3906	-0.0786328	-0.0786328	-0.0330493
9.40059	-0.075928	-0.075928	-0.0319125
9.41058	-0.0732942	-0.0732942	-0.0308056
9.42057	-0.0707304	-0.0707304	-0.029728
9.43056	-0.0682353	-0.0682353	-0.0286793
9.44055	-0.0658079	-0.0658079	-0.0276591
9.45054	-0.063447	-0.063447	-0.0266668
9.46053	-0.0611514	-0.0611514	-0.0257019
9.47052	-0.0589199	-0.0589199	-0.024764
9.48051	-0.0567512	-0.0567512	-0.0238525
9.4905	-0.0546441	-0.0546441	-0.0229669
9.50049	-0.0525974	-0.0525974	-0.0221067
9.51048	-0.0506098	-0.0506098	-0.0212713
9.52047	-0.04868	-0.04868	-0.0204602
9.53046	-0.0468068	-0.0468068	-0.0196729
9.54045	-0.0449888	-0.0449888	-0.0189088
9.55044	-0.0432248	-0.0432248	-0.0181674
9.56043	-0.0415134	-0.0415134	-0.0174481
9.57042	-0.0398535	-0.0398535	-0.0167504
9.58041	-0.0382436	-0.0382436	-0.0160738
9.5904	-0.0366825	-0.0366825	-0.0154176
9.60039	-0.0351689	-0.0351689	-0.0147815
9.61038	-0.0337015	-0.0337015	-0.0141647
9.62037	-0.0322791	-0.0322791	-0.0135669
9.63036	-0.0309003	-0.0309003	-0.0129874
9.64035	-0.0295639	-0.0295639	-0.0124257
9.65034	-0.0282686	-0.0282686	-0.0118813
9.66033	-0.0270131	-0.0270131	-0.0113536
9.67032	-0.0257963	-0.0257963	-0.0108422
9.68031	-0.0246169	-0.0246169	-0.0103465
9.6903	-0.0234735	-0.0234735	-0.00986592
9.70029	-0.0223651	-0.0223651	-0.00940006
9.71028	-0.0212904	-0.0212904	-0.00894835
9.72027	-0.0202482	-0.0202482	-0.0085103
9.73026	-0.0192372	-0.0192372	-0.0080854
9.74025	-0.0182564	-0.0182564	-0.00767315
9.75024	-0.0173044	-0.0173044	-0.00727305
9.76023	-0.0163802	-0.0163802	-0.00688461
9.77022	-0.0154826	-0.0154826	-0.00650735
9.78021	-0.0146105	-0.0146105	-0.00614078
9.7902	-0.0137626	-0.0137626	-0.00578441
9.80019	-0.0129378	-0.0129378	-0.00543777
9.81018	-0.0121351	-0.0121351	-0.00510038
9.82017	-0.0113532	-0.0113532	-0.00477176
9.83016	-0.0105911	-0.0105911	-0.00445144
9.84015	-0.00984764	-0.00984764	-0.00413896
9.85014	-0.00912169	-0.00912169	-0.00383384
9.86013	-0.00841214	-0.00841214	-0.00353562
9.87012	-0.00771789	-0.00771789	-0.00324383
9.88011	-0.00703783	-0.00703783	-0.002958
9.8901	-0.00637085	-0.00637085	-0.00267767
9.90009	-0.00571583	-0.00571583	-0.00240236
9.91008	-0.00507165	-0.00507165	-0.00213161
9.92007	-0.00443719	-0.00443719	-0.00186495
9.93006	-0.00381132	-0.00381132	-0.0016019
9.94005	-0.00319292	-0.00319292	-0.00134198
9.95004	-0.00258082	-0.00258082	-0.00108472
9.96003	-0.00197387	-0.00197387	-0.000829618
9.97002	-0.0013709	-0.0013709	-0.00057619
9.98001	-0.000770723	-0.000770723	-0.000323935
9.99	-0.000172127	-0.000172127	-7.23448e-005
