0	0.372761	0.372761	1
0.00999	0.372371	0.372371	0.998953
0.01998	0.3712	0.3712	0.995813
0.02997	0.369252	0.369252	0.990587
0.03996	0.36653	0.36653	0.983284
0.04995	0.36304	0.36304	0.973921
0.05994	0.358789	0.358789	0.962518
0.06993	0.353787	0.353787	0.949098
0.07992	0.348043	0.348043	0.93369
0.08991	0.34157	0.34157	0.916325
0.0999	0.334382	0.334382	0.897042
0.10989	0.326493	0.326493	0.875879
0.11988	0.317921	0.317921	0.852882
0.12987	0.308683	0.308683	0.828099
0.13986	0.298798	0.298798	0.801582
0.14985	0.288288	0.288288	0.773387
0.15984	0.277175	0.277175	0.743573
0.16983	0.265481	0.265481	0.712203
0.17982	0.253232	0.253232	0.679342
0.18981	0.240453	0.240453	0.64506
0.1998	0.227171	0.227171	0.609429
0.20979	0.213414	0.213414	0.572523
0.21978	0.199211	0.199211	0.534419
0.22977	0.184591	0.184591	0.495199
0.23976	0.169585	0.169585	0.454943
0.24975	0.154225	0.154225	0.413737
0.25974	0.138542	0.138542	0.371666
0.26973	0.122571	0.122571	0.328819
0.27972	0.106343	0.106343	0.285285
0.28971	0.0898933	0.0898933	0.241155
0.2997	0.0732559	0.0732559	0.196523
0.30969	0.0564657	0.0564657	0.15148
0.31968	0.0395578	0.0395578	0.106121
0.32967	0.0225673	0.0225673	0.060541
0.33966	0.00552978	0.00552978	0.0148347
0.34965	-0.0115193	-0.0115193	-0.0309026
0.35964	-0.0285443	-0.0285443	-0.0765754
0.36963	-0.0455099	-0.0455099	-0.122089
0.37962	-0.0623808	-0.0623808	-0.167348
0.38961	-0.0791218	-0.0791218	-0.212259
0.3996	-0.0956982	-0.0956982	-0.256728
0.40959	-0.112076	-0.112076	-0.300664
0.41958	-0.12822	-0.12822	-0.343974
0.42957	-0.144098	-0.144098	-0.38657
0.43956	-0.159677	-0.159677	-0.428363
0.44955	-0.174924	-0.174924	-0.469266
0.45954	-0.189808	-0.189808	-0.509196
0.46953	-0.204299	-0.204299	-0.548069
0.47952	-0.218365	-0.218365	-0.585806
0.48951	-0.23198	-0.23198	-0.622329
0.4995	-0.245113	-0.245113	-0.657562
0.50949	-0.257739	-0.257739	-0.691434
0.51948	-0.269832	-0.269832	-0.723875
0.52947	-0.281367	-0.281367	-0.754818
0.53946	-0.292319	-0.292319	-0.784201
0.54945	-0.302668	-0.302668	-0.811964
0.55944	-0.312392	-0.312392	-0.838049
0.56943	-0.321471	-0.321471	-0.862404
0.57942	-0.329886	-0.329886	-0.884981
0.58941	-0.337621	-0.337621	-0.905732
0.5994	-0.344661	-0.344661	-0.924617
0.60939	-0.35099	-0.35099	-0.941597
0.61938	-0.356597	-0.356597	-0.956639
0.62937	-0.361471	-0.361471	-0.969713
0.63936	-0.365601	-0.365601	-0.980793
0.64935	-0.36898	-0.36898	-0.989858
0.65934	-0.371602	-0.371602	-0.996891
0.66933	-0.373461	-0.373461	-1.00188
0.67932	-0.374553	-0.374553	-1.00481
0.68931	-0.374879	-0.374879	-1.00568
0.6993	-0.374436	-0.374436	-1.00449
0.70929	-0.373227	-0.373227	-1.00125
0.71928	-0.371255	-0.371255	-0.995961
0.72927	-0.368524	-0.368524	-0.988635
0.73926	-0.36504	-0.36504	-0.979289
0.74925	-0.360812	-0.360812	-0.967944
0.75924	-0.355847	-0.355847	-0.954626
0.76923	-0.350157	-0.350157	-0.939361
0.77922	-0.343754	-0.343754	-0.922184
0.78921	-0.336652	-0.336652	-0.903131
0.7992	-0.328865	-0.328865	-0.88224
0.80919	-0.320409	-0.320409	-0.859558
0.81918	-0.311304	-0.311304	-0.83513
0.82917	-0.301566	-0.301566	-0.809008
0.83916	-0.291218	-0.291218	-0.781246
0.84915	-0.28028	-0.28028	-0.751903
0.85914	-0.268774	-0.268774	-0.721037
0.86913	-0.256725	-0.256725	-0.688714
0.87912	-0.244158	-0.244158	-0.654999
0.88911	-0.231098	-0.231098	-0.619962
0.8991	-0.217571	-0.217571	-0.583676
0.90909	-0.203607	-0.203607	-0.546213
0.91908	-0.189232	-0.189232	-0.50765
0.92907	-0.174477	-0.174477	-0.468066
0.93906	-0.159371	-0.159371	-0.427542
0.94905	-0.143945	-0.143945	-0.38616
0.95904	-0.128231	-0.128231	-0.344003
0.96903	-0.112259	-0.112259	-0.301157
0.97902	-0.0960633	-0.0960633	-0.257708
0.98901	-0.079675	-0.079675	-0.213743
0.999	-0.0631276	-0.0631276	-0.169351
1.00899	-0.0464541	-0.0464541	-0.124622
1.01898	-0.029688	-0.029688	-0.0796436
1.02897	-0.0128628	-0.0128628	-0.0345069
1.03896	0.00398802	0.00398802	0.0106986
1.04895	0.0208309	0.0208309	0.0558828
1.05894	0.0376325	0.0376325	0.100956
1.06893	0.0543594	0.0543594	0.145829
1.07892	0.0709786	0.0709786	0.190413
1.08891	0.0874573	0.0874573	0.23462
1.0989	0.103763	0.103763	0.278364
1.10889	0.119864	0.119864	0.321557
1.11888	0.135728	0.135728	0.364116
1.12887	0.151325	0.151325	0.405958
1.13886	0.166624	0.166624	0.447001
1.14885	0.181596	0.181596	0.487164
1.15884	0.196211	0.196211	0.526372
1.16883	0.210441	0.210441	0.564546
1.17882	0.224258	0.224258	0.601615
1.18881	0.237637	0.237637	0.637506
1.1988	0.250552	0.250552	0.672151
1.20879	0.262977	0.262977	0.705484
1.21878	0.274889	0.274889	0.737442
1.22877	0.286267	0.286267	0.767964
1.23876	0.297087	0.297087	0.796992
1.24875	0.307331	0.307331	0.824472
1.25874	0.316978	0.316978	0.850352
1.26873	0.326011	0.326011	0.874585
1.27872	0.334413	0.334413	0.897126
1.28871	0.342169	0.342169	0.917933
1.2987	0.349265	0.349265	0.936969
1.30869	0.355688	0.355688	0.954199
1.31868	0.361426	0.361426	0.969593
1.32867	0.36647	0.36647	0.983123
1.33866	0.37081	0.37081	0.994766
1.34865	0.374439	0.374439	1.0045
1.35864	0.377351	0.377351	1.01232
1.36863	0.379543	0.379543	1.01819
1.37862	0.38101	0.38101	1.02213
1.38861	0.381751	0.381751	1.02412
1.3986	0.381765	0.381765	1.02416
1.40859	0.381054	0.381054	1.02225
1.41858	0.379619	0.379619	1.0184
1.42857	0.377466	0.377466	1.01262
1.43856	0.374598	0.374598	1.00493
1.44855	0.371023	0.371023	0.995337
1.45854	0.366748	0.366748	0.983868
1.46853	0.361782	0.361782	0.970547
1.47852	0.356136	0.356136	0.9554
1.48851	0.349821	0.349821	0.938459
1.4985	0.34285	0.34285	0.91976
1.50849	0.335238	0.335238	0.899339
1.51848	0.327	0.327	0.877237
1.52847	0.318151	0.318151	0.8535
1.53846	0.30871	0.30871	0.828172
1.54845	0.298695	0.298695	0.801305
1.55844	0.288125	0.288125	0.77295
1.56843	0.277022	0.277022	0.743163
1.57842	0.265406	0.265406	0.712001
1.58841	0.2533	0.2533	0.679523
1.5984	0.240726	0.240726	0.645793
1.60839	0.22771	0.22771	0.610874
1.61838	0.214275	0.214275	0.574833
1.62837	0.200447	0.200447	0.537737
1.63836	0.186253	0.186253	0.499657
1.64835	0.171717	0.171717	0.460664
1.65834	0.156869	0.156869	0.42083
1.66833	0.141735	0.141735	0.380229
1.67832	0.126343	0.126343	0.338938
1.68831	0.110722	0.110722	0.297031
1.6983	0.0948998	0.0948998	0.254586
1.70829	0.0789066	0.0789066	0.211682
1.71828	0.0627709	0.0627709	0.168395
1.72827	0.0465222	0.0465222	0.124805
1.73826	0.0301899	0.0301899	0.08099
1.74825	0.0138034	0.0138034	0.0370302
1.75824	-0.00260784	-0.00260784	-0.00699601
1.76823	-0.0190144	-0.0190144	-0.0510097
1.77822	-0.0353871	-0.0353871	-0.0949324
1.78821	-0.0516968	-0.0516968	-0.138686
1.7982	-0.0679146	-0.0679146	-0.182194
1.80819	-0.0840121	-0.0840121	-0.225378
1.81818	-0.0999609	-0.0999609	-0.268164
1.82817	-0.115733	-0.115733	-0.310476
1.83816	-0.131302	-0.131302	-0.352241
1.84815	-0.146639	-0.146639	-0.393387
1.85814	-0.161719	-0.161719	-0.433843
1.86813	-0.176517	-0.176517	-0.473539
1.87812	-0.191005	-0.191005	-0.512407
1.88811	-0.205161	-0.205161	-0.550382
1.8981	-0.21896	-0.21896	-0.5874
1.90809	-0.232378	-0.232378	-0.623397
1.91808	-0.245394	-0.245394	-0.658315
1.92807	-0.257986	-0.257986	-0.692095
1.93806	-0.270133	-0.270133	-0.724682
1.94805	-0.281815	-0.281815	-0.756021
1.95804	-0.293013	-0.293013	-0.786063
1.96803	-0.30371	-0.30371	-0.814758
1.97802	-0.313887	-0.313887	-0.84206
1.98801	-0.323529	-0.323529	-0.867927
1.998	-0.332621	-0.332621	-0.892317
2.00799	-0.341148	-0.341148	-0.915193
2.01798	-0.349098	-0.349098	-0.936519
2.02797	-0.356457	-0.356457	-0.956263
2.03796	-0.363216	-0.363216	-0.974396
2.04795	-0.369365	-0.369365	-0.99089
2.05794	-0.374894	-0.374894	-1.00572
2.06793	-0.379796	-0.379796	-1.01887
2.07792	-0.384064	-0.384064	-1.03032
2.08791	-0.387693	-0.387693	-1.04006
2.0979	-0.390678	-0.390678	-1.04807
2.10789	-0.393015	-0.393015	-1.05434
2.11788	-0.394704	-0.394704	-1.05887
2.12787	-0.395742	-0.395742	-1.06165
2.13786	-0.396129	-0.396129	-1.06269
2.14785	-0.395867	-0.395867	-1.06199
2.15784	-0.394958	-0.394958	-1.05955
2.16783	-0.393404	-0.393404	-1.05538
2.17782	-0.391211	-0.391211	-1.0495
2.18781	-0.388383	-0.388383	-1.04191
2.1978	-0.384926	-0.384926	-1.03264
2.20779	-0.380848	-0.380848	-1.0217
2.21778	-0.376158	-0.376158	-1.00911
2.22777	-0.370864	-0.370864	-0.994911
2.23776	-0.364976	-0.364976	-0.979116
2.24775	-0.358506	-0.358506	-0.961759
2.25774	-0.351465	-0.351465	-0.942871
2.26773	-0.343867	-0.343867	-0.922487
2.27772	-0.335724	-0.335724	-0.900642
2.28771	-0.327052	-0.327052	-0.877377
2.2977	-0.317865	-0.317865	-0.852732
2.30769	-0.308179	-0.308179	-0.826748
2.31768	-0.298012	-0.298012	-0.799471
2.32767	-0.287379	-0.287379	-0.770948
2.33766	-0.2763	-0.2763	-0.741226
2.34765	-0.264792	-0.264792	-0.710354
2.35764	-0.252875	-0.252875	-0.678385
2.36763	-0.240569	-0.240569	-0.64537
2.37762	-0.227892	-0.227892	-0.611363
2.38761	-0.214867	-0.214867	-0.576421
2.3976	-0.201514	-0.201514	-0.540598
2.40759	-0.187854	-0.187854	-0.503953
2.41758	-0.173909	-0.173909	-0.466542
2.42757	-0.159701	-0.159701	-0.428427
2.43756	-0.145252	-0.145252	-0.389665
2.44755	-0.130585	-0.130585	-0.350318
2.45754	-0.115722	-0.115722	-0.310446
2.46753	-0.100686	-0.100686	-0.27011
2.47752	-0.0855011	-0.0855011	-0.229372
2.48751	-0.0701889	-0.0701889	-0.188295
2.4975	-0.054773	-0.054773	-0.146939
2.50749	-0.0392763	-0.0392763	-0.105366
2.51748	-0.023722	-0.023722	-0.0636387
2.52747	-0.00813297	-0.00813297	-0.0218182
2.53746	0.00746794	0.00746794	0.0200341
2.54745	0.023058	0.023058	0.0618574
2.55744	0.0386147	0.0386147	0.103591
2.56743	0.0541157	0.0541157	0.145175
2.57742	0.0695389	0.0695389	0.186551
2.58741	0.0848625	0.0848625	0.227659
2.5974	0.100065	0.100065	0.268443
2.60739	0.115125	0.115125	0.308844
2.61738	0.130022	0.130022	0.348808
2.62737	0.144735	0.144735	0.38828
2.63736	0.159245	0.159245	0.427205
2.64735	0.173532	0.173532	0.465531
2.65734	0.187576	0.187576	0.503208
2.66733	0.20136	0.20136	0.540184
2.67732	0.214864	0.214864	0.576413
2.68731	0.228072	0.228072	0.611845
2.6973	0.240966	0.240966	0.646436
2.70729	0.25353	0.25353	0.680142
2.71728	0.265749	0.265749	0.71292
2.72727	0.277606	0.277606	0.74473
2.73726	0.289088	0.289088	0.775531
2.74725	0.300179	0.300179	0.805287
2.75724	0.310868	0.310868	0.833962
2.76723	0.321142	0.321142	0.861522
2.77722	0.330987	0.330987	0.887935
2.78721	0.340394	0.340394	0.913171
2.7972	0.349352	0.349352	0.9372
2.80719	0.35785	0.35785	0.959998
2.81718	0.365879	0.365879	0.981539
2.82717	0.373432	0.373432	1.0018
2.83716	0.380499	0.380499	1.02076
2.84715	0.387075	0.387075	1.0384
2.85714	0.393153	0.393153	1.05471
2.86713	0.398728	0.398728	1.06966
2.87712	0.403794	0.403794	1.08325
2.88711	0.408347	0.408347	1.09547
2.8971	0.412384	0.412384	1.1063
2.90709	0.415902	0.415902	1.11573
2.91708	0.4189	0.4189	1.12378
2.92707	0.421375	0.421375	1.13042
2.93706	0.423327	0.423327	1.13565
2.94705	0.424757	0.424757	1.13949
2.95704	0.425665	0.425665	1.14192
2.96703	0.426052	0.426052	1.14296
2.97702	0.42592	0.42592	1.14261
2.98701	0.425273	0.425273	1.14087
2.997	0.424113	0.424113	1.13776
3.00699	0.422444	0.422444	1.13329
3.01698	0.420272	0.420272	1.12746
3.02697	0.4176	0.4176	1.12029
3.03696	0.414435	0.414435	1.1118
3.04695	0.410782	0.410782	1.102
3.05694	0.40665	0.40665	1.09091
3.06693	0.402044	0.402044	1.07856
3.07692	0.396974	0.396974	1.06496
3.08691	0.391446	0.391446	1.05013
3.0969	0.38547	0.38547	1.0341
3.10689	0.379056	0.379056	1.01689
3.11688	0.372212	0.372212	0.998527
3.12687	0.364949	0.364949	0.979043
3.13686	0.357277	0.357277	0.958462
3.14685	0.349207	0.349207	0.936813
3.15684	0.340751	0.340751	0.914127
3.16683	0.331919	0.331919	0.890434
3.17682	0.322724	0.322724	0.865766
3.18681	0.313177	0.313177	0.840156
3.1968	0.303292	0.303292	0.813636
3.20679	0.29308	0.29308	0.786241
3.21678	0.282555	0.282555	0.758006
3.22677	0.271729	0.271729	0.728964
3.23676	0.260616	0.260616	0.699152
3.24675	0.24923	0.24923	0.668606
3.25674	0.237583	0.237583	0.637361
3.26673	0.22569	0.22569	0.605456
3.27672	0.213564	0.213564	0.572926
3.28671	0.20122	0.20122	0.53981
3.2967	0.188671	0.188671	0.506144
3.30669	0.175931	0.175931	0.471967
3.31668	0.163014	0.163014	0.437315
3.32667	0.149934	0.149934	0.402227
3.33666	0.136706	0.136706	0.36674
3.34665	0.123343	0.123343	0.330892
3.35664	0.10986	0.10986	0.29472
3.36663	0.0962699	0.0962699	0.258262
3.37662	0.0825869	0.0825869	0.221555
3.38661	0.0688247	0.0688247	0.184635
3.3966	0.0549971	0.0549971	0.14754
3.40659	0.0411175	0.0411175	0.110305
3.41658	0.0271993	0.0271993	0.0729673
3.42657	0.0132558	0.0132558	0.0355612
3.43656	-0.000699933	-0.000699933	-0.0018777
3.44655	-0.0146551	-0.0146551	-0.039315
3.45654	-0.0285969	-0.0285969	-0.0767165
3.46653	-0.0425129	-0.0425129	-0.114049
3.47652	-0.0563908	-0.0563908	-0.151279
3.48651	-0.0702185	-0.0702185	-0.188374
3.4965	-0.0839843	-0.0839843	-0.225303
3.50649	-0.0976766	-0.0976766	-0.262036
3.51648	-0.111284	-0.111284	-0.29854
3.52647	-0.124796	-0.124796	-0.334787
3.53646	-0.1382	-0.1382	-0.370748
3.54645	-0.151488	-0.151488	-0.406395
3.55644	-0.164649	-0.164649	-0.4417
3.56643	-0.177672	-0.177672	-0.476638
3.57642	-0.190548	-0.190548	-0.511181
3.58641	-0.203268	-0.203268	-0.545305
3.5964	-0.215824	-0.215824	-0.578987
3.60639	-0.228205	-0.228205	-0.612203
3.61638	-0.240405	-0.240405	-0.64493
3.62637	-0.252414	-0.252414	-0.677147
3.63636	-0.264226	-0.264226	-0.708834
3.64635	-0.275832	-0.275832	-0.739971
3.65634	-0.287227	-0.287227	-0.770539
3.66633	-0.298403	-0.298403	-0.80052
3.67632	-0.309353	-0.309353	-0.829898
3.68631	-0.320073	-0.320073	-0.858655
3.6963	-0.330556	-0.330556	-0.886777
3.70629	-0.340797	-0.340797	-0.91425
3.71628	-0.35079	-0.35079	-0.94106
3.72627	-0.360532	-0.360532	-0.967195
3.73626	-0.370019	-0.370019	-0.992644
3.74625	-0.379245	-0.379245	-1.01739
3.75624	-0.388207	-0.388207	-1.04144
3.76623	-0.396903	-0.396903	-1.06477
3.77622	-0.405328	-0.405328	-1.08737
3.78621	-0.413481	-0.413481	-1.10924
3.7962	-0.421359	-0.421359	-1.13037
3.80619	-0.42896	-0.42896	-1.15076
3.81618	-0.436282	-0.436282	-1.17041
3.82617	-0.443323	-0.443323	-1.1893
3.83616	-0.450084	-0.450084	-1.20743
3.84615	-0.456562	-0.456562	-1.22481
3.85614	-0.462757	-0.462757	-1.24143
3.86613	-0.468669	-0.468669	-1.25729
3.87612	-0.474298	-0.474298	-1.27239
3.88611	-0.479644	-0.479644	-1.28673
3.8961	-0.484707	-0.484707	-1.30032
3.90609	-0.489489	-0.489489	-1.31315
3.91608	-0.493991	-0.493991	-1.32522
3.92607	-0.498213	-0.498213	-1.33655
3.93606	-0.502158	-0.502158	-1.34713
3.94605	-0.505826	-0.505826	-1.35697
3.95604	-0.509221	-0.509221	-1.36608
3.96603	-0.512343	-0.512343	-1.37446
3.97602	-0.515196	-0.515196	-1.38211
3.98601	-0.517782	-0.517782	-1.38905
3.996	-0.520104	-0.520104	-1.39528
4.00599	-0.522165	-0.522165	-1.4008
4.01598	-0.523967	-0.523967	-1.40564
4.02597	-0.525515	-0.525515	-1.40979
4.03596	-0.526811	-0.526811	-1.41327
4.04595	-0.52786	-0.52786	-1.41608
4.05594	-0.528665	-0.528665	-1.41824
4.06593	-0.52923	-0.52923	-1.41976
4.07592	-0.529558	-0.529558	-1.42064
4.08591	-0.529655	-0.529655	-1.4209
4.0959	-0.529524	-0.529524	-1.42055
4.10589	-0.52917	-0.52917	-1.4196
4.11588	-0.528597	-0.528597	-1.41806
4.12587	-0.52781	-0.52781	-1.41595
4.13586	-0.526814	-0.526814	-1.41328
4.14585	-0.525613	-0.525613	-1.41005
4.15584	-0.524211	-0.524211	-1.40629
4.16583	-0.522615	-0.522615	-1.40201
4.17582	-0.520828	-0.520828	-1.39722
4.18581	-0.518856	-0.518856	-1.39193
4.1958	-0.516704	-0.516704	-1.38616
4.20579	-0.514377	-0.514377	-1.37991
4.21578	-0.51188	-0.51188	-1.37321
4.22577	-0.509218	-0.509218	-1.36607
4.23576	-0.506396	-0.506396	-1.3585
4.24575	-0.50342	-0.50342	-1.35052
4.25574	-0.500294	-0.500294	-1.34213
4.26573	-0.497023	-0.497023	-1.33336
4.27572	-0.493614	-0.493614	-1.32421
4.28571	-0.490071	-0.490071	-1.31471
4.2957	-0.486399	-0.486399	-1.30486
4.30569	-0.482603	-0.482603	-1.29467
4.31568	-0.478689	-0.478689	-1.28417
4.32567	-0.474661	-0.474661	-1.27337
4.33566	-0.470525	-0.470525	-1.26227
4.34565	-0.466285	-0.466285	-1.2509
4.35564	-0.461947	-0.461947	-1.23926
4.36563	-0.457516	-0.457516	-1.22737
4.37562	-0.452995	-0.452995	-1.21524
4.38561	-0.448391	-0.448391	-1.20289
4.3956	-0.443708	-0.443708	-1.19033
4.40559	-0.43895	-0.43895	-1.17756
4.41558	-0.434123	-0.434123	-1.16461
4.42557	-0.42923	-0.42923	-1.15149
4.43556	-0.424277	-0.424277	-1.1382
4.44555	-0.419267	-0.419267	-1.12476
4.45554	-0.414206	-0.414206	-1.11119
4.46553	-0.409098	-0.409098	-1.09748
4.47552	-0.403946	-0.403946	-1.08366
4.48551	-0.398755	-0.398755	-1.06973
4.4955	-0.393529	-0.393529	-1.05571
4.50549	-0.388271	-0.388271	-1.04161
4.51548	-0.382987	-0.382987	-1.02743
4.52547	-0.377679	-0.377679	-1.01319
4.53546	-0.372352	-0.372352	-0.998903
4.54545	-0.367008	-0.367008	-0.984568
4.55544	-0.361652	-0.361652	-0.9702
4.56543	-0.356288	-0.356288	-0.955808
4.57542	-0.350917	-0.350917	-0.9414
4.58541	-0.345544	-0.345544	-0.926987
4.5954	-0.340172	-0.340172	-0.912576
4.60539	-0.334804	-0.334804	-0.898175
4.61538	-0.329443	-0.329443	-0.883793
4.62537	-0.324092	-0.324092	-0.869438
4.63536	-0.318754	-0.318754	-0.855116
4.64535	-0.313431	-0.313431	-0.840837
4.65534	-0.308126	-0.308126	-0.826605
4.66533	-0.302842	-0.302842	-0.812429
4.67532	-0.297581	-0.297581	-0.798315
4.68531	-0.292345	-0.292345	-0.78427
4.6953	-0.287137	-0.287137	-0.770298
4.70529	-0.281959	-0.281959	-0.756408
4.71528	-0.276813	-0.276813	-0.742603
4.72527	-0.271701	-0.271701	-0.728889
4.73526	-0.266625	-0.266625	-0.715272
4.74525	-0.261587	-0.261587	-0.701757
4.75524	-0.256589	-0.256589	-0.688347
4.76523	-0.251632	-0.251632	-0.675049
4.77522	-0.246717	-0.246717	-0.661865
4.78521	-0.241847	-0.241847	-0.6488
4.7952	-0.237023	-0.237023	-0.635858
4.80519	-0.232246	-0.232246	-0.623043
4.81518	-0.227517	-0.227517	-0.610357
4.82517	-0.222838	-0.222838	-0.597805
4.83516	-0.21821	-0.21821	-0.585389
4.84515	-0.213633	-0.213633	-0.573111
4.85514	-0.20911	-0.20911	-0.560975
4.86513	-0.20464	-0.20464	-0.548984
4.87512	-0.200224	-0.200224	-0.537138
4.88511	-0.195864	-0.195864	-0.52544
4.8951	-0.191559	-0.191559	-0.513893
4.90509	-0.187311	-0.187311	-0.502498
4.91508	-0.183121	-0.183121	-0.491256
4.92507	-0.178988	-0.178988	-0.480168
4.93506	-0.174913	-0.174913	-0.469237
4.94505	-0.170897	-0.170897	-0.458463
4.95504	-0.16694	-0.16694	-0.447846
4.96503	-0.163041	-0.163041	-0.437389
4.97502	-0.159203	-0.159203	-0.427091
4.98501	-0.155423	-0.155423	-0.416952
4.995	-0.151704	-0.151704	-0.406974
5.00499	-0.148044	-0.148044	-0.397156
5.01498	-0.144444	-0.144444	-0.387499
5.02497	-0.140904	-0.140904	-0.378002
5.03496	-0.137424	-0.137424	-0.368666
5.04495	-0.134003	-0.134003	-0.359489
5.05494	-0.130642	-0.130642	-0.350472
5.06493	-0.127341	-0.127341	-0.341615
5.07492	-0.124098	-0.124098	-0.332916
5.08491	-0.120914	-0.120914	-0.324375
5.0949	-0.117789	-0.117789	-0.315991
5.10489	-0.114722	-0.114722	-0.307763
5.11488	-0.111713	-0.111713	-0.299691
5.12487	-0.108762	-0.108762	-0.291773
5.13486	-0.105867	-0.105867	-0.284009
5.14485	-0.10303	-0.10303	-0.276396
5.15484	-0.100248	-0.100248	-0.268934
5.16483	-0.0975225	-0.0975225	-0.261622
5.17482	-0.0948521	-0.0948521	-0.254458
5.18481	-0.0922363	-0.0922363	-0.247441
5.1948	-0.0896747	-0.0896747	-0.240569
5.20479	-0.0871667	-0.0871667	-0.233841
5.21478	-0.0847116	-0.0847116	-0.227255
5.22477	-0.0823089	-0.0823089	-0.220809
5.23476	-0.0799579	-0.0799579	-0.214502
5.24475	-0.077658	-0.077658	-0.208332
5.25474	-0.0754085	-0.0754085	-0.202297
5.26473	-0.0732088	-0.0732088	-0.196396
5.27472	-0.0710581	-0.0710581	-0.190627
5.28471	-0.0689559	-0.0689559	-0.184987
5.2947	-0.0669013	-0.0669013	-0.179475
5.30469	-0.0648936	-0.0648936	-0.174089
5.31468	-0.0629322	-0.0629322	-0.168827
5.32467	-0.0610163	-0.0610163	-0.163688
5.33466	-0.0591452	-0.0591452	-0.158668
5.34465	-0.057318	-0.057318	-0.153766
5.35464	-0.0555342	-0.0555342	-0.148981
5.36463	-0.0537929	-0.0537929	-0.144309
5.37462	-0.0520933	-0.0520933	-0.13975
5.38461	-0.0504347	-0.0504347	-0.135301
5.3946	-0.0488164	-0.0488164	-0.130959
5.40459	-0.0472375	-0.0472375	-0.126723
5.41458	-0.0456973	-0.0456973	-0.122592
5.42457	-0.0441951	-0.0441951	-0.118561
5.43456	-0.04273	-0.04273	-0.114631
5.44455	-0.0413013	-0.0413013	-0.110798
5.45454	-0.0399082	-0.0399082	-0.107061
5.46453	-0.03855	-0.03855	-0.103418
5.47452	-0.0372259	-0.0372259	-0.0998653
5.48451	-0.035935	-0.035935	-0.0964025
5.4945	-0.0346768	-0.0346768	-0.093027
5.50449	-0.0334504	-0.0334504	-0.0897368
5.51448	-0.032255	-0.032255	-0.0865299
5.52447	-0.0310898	0	-0.0834043
5.53446	-0.0299543	0	-0.0803579
5.54445	-0.0288475	0	-0.0773887
5.55444	-0.0277687	0	-0.0744947
5.56443	-0.0267173	0	-0.071674
5.57442	-0.0256924	0	-0.0689245
5.58441	-0.0246933	0	-0.0662444
5.5944	-0.0237193	0	-0.0636315
5.60439	-0.0227698	0	-0.0610841
5.61438	-0.0218438	0	-0.0586001
5.62437	-0.0209408	0	-0.0561777
5.63436	-0.0200601	0	-0.0538148
5.64435	-0.0192008	0	-0.0515097
5.65434	-0.0183623	0	-0.0492604
5.66433	-0.017544	0	-0.047065
5.67432	-0.016745	0	-0.0449217
5.68431	-0.0159648	0	-0.0428285
5.6943	-0.0152026	0	-0.0407838
5.70429	-0.0144577	0	-0.0387855
5.71428	-0.0137295	0	-0.0368319
5.72427	-0.0130172	0	-0.0349211
5.73426	-0.0123202	0	-0.0330513
5.74425	-0.0116379	0	-0.0312207
5.75424	-0.0109694	0	-0.0294275
5.76423	-0.0103143	0	-0.0276699
5.77422	-0.00967166	0	-0.025946
5.78421	-0.00904098	0	-0.0242541
5.7942	-0.00842153	0	-0.0225923
5.80419	-0.00781266	0	-0.0209589
5.81418	-0.00721367	0	-0.019352
5.82417	-0.00662391	0	-0.0177699
5.83416	-0.00604268	0	-0.0162106
5.84415	-0.00546932	0	-0.0146725
5.85414	-0.00490313	0	-0.0131536
5.86413	-0.00434344	0	-0.0116521
5.87412	-0.00378955	0	-0.0101662
5.88411	-0.00324077	0	-0.00869396
5.8941	-0.00269639	0	-0.00723357
5.90409	-0.00215571	0	-0.0057831
5.91408	-0.00161801	0	-0.00434062
5.92407	-0.00108257	0	-0.00290419
5.93406	-0.000548646	0	-0.00147185
5.94405	-1.55019e-005	0	-4.15866e-005
5.95404	0.000517622	0	0.00138862
5.96403	0.00105149	0	0.00282082
5.97402	0.00158689	0	0.00425714
5.98401	0.00212462	0	0.00569969
5.994	0.00266549	0	0.00715068
6.00399	0.00321033	0	0.00861232
6.01398	0.00376	0	0.0100869
6.02397	0.00431536	0	0.0115768
6.03396	0.0048773	0	0.0130843
6.04395	0.00544675	0	0.0146119
6.05394	0.00602464	0	0.0161622
6.06393	0.00661194	0	0.0177378
6.07392	0.00720965	0	0.0193412
6.08391	0.0078188	0	0.0209754
6.0939	0.00844044	0	0.0226431
6.10389	0.00907568	0	0.0243472
6.11388	0.00972565	0	0.0260909
6.12387	0.0103915	0	0.0278772
6.13386	0.0110745	0	0.0297094
6.14385	0.0117759	0	0.031591
6.15384	0.0124969	0	0.0335253
6.16383	0.013239	0	0.0355161
6.17382	0.0140036	0	0.0375671
6.18381	0.014792	0	0.0396824
6.1938	0.0156059	0	0.0418659
6.20379	0.0164469	0	0.0441219
6.21378	0.0173166	0	0.046455
6.22377	0.0182167	0	0.0488697
6.23376	0.0191491	0	0.051371
6.24375	0.0201156	0	0.0539638
6.25374	0.0211182	0	0.0566535
6.26373	0.022159	0	0.0594456
6.27372	0.0232401	0	0.0623459
6.28371	0.0243638	0	0.0653605
6.2937	0.0255325	0	0.0684957
6.30369	0.0267486	0	0.0717581
6.31368	0.0280147	0	0.0751547
6.32367	0.0293336	0	0.0786928
6.33366	0.030708	0	0.08238
6.34365	0.0321411	0	0.0862245
6.35364	0.0336359	0	0.0902345
6.36363	0.0351957	0	0.094419
6.37362	0.036824	0	0.0987873
6.38361	0.0385244	0	0.103349
6.3936	0.0403008	0	0.108114
6.40359	0.0421572	0	0.113094
6.41358	0.0440977	0	0.1183
6.42357	0.0461269	0	0.123744
6.43356	0.0482493	0	0.129438
6.44355	0.05047	0	0.135395
6.45354	0.052794	0	0.14163
6.46353	0.0552269	0	0.148156
6.47352	0.0577743	0	0.15499
6.48351	0.0604422	0	0.162147
6.4935	0.0632371	0	0.169645
6.50349	0.0661655	0	0.177501
6.51348	0.0692346	0	0.185735
6.52347	0.0724518	0	0.194365
6.53346	0.0758249	0	0.203414
6.54345	0.0793621	0	0.212904
6.55344	0.0830721	0	0.222856
6.56343	0.0869642	0	0.233298
6.57342	0.0910479	0	0.244253
6.58341	0.0953334	0	0.25575
6.5934	0.0998315	0	0.267817
6.60339	0.104554	0	0.280485
6.61338	0.109512	0	0.293785
6.62337	0.114718	0	0.307753
6.63336	0.120187	0	0.322423
6.64335	0.125931	0	0.337833
6.65334	0.131966	0	0.354024
6.66333	0.138308	0	0.371037
6.67332	0.144973	0	0.388916
6.68331	0.151978	0	0.407709
6.6933	0.159342	0	0.427465
6.70329	0.167085	0	0.448237
6.71328	0.175227	0	0.47008
6.72327	0.18379	0	0.493052
6.73326	0.192797	0	0.517215
6.74325	0.202273	0	0.542634
6.75324	0.212242	0	0.56938
6.76323	0.222733	0	0.597523
6.77322	0.233774	0	0.627143
6.78321	0.245396	0	0.65832
6.7932	0.25763	0	0.69114
6.80319	0.270511	0	0.725695
6.81318	0.284074	0	0.762082
6.82317	0.298359	0	0.800403
6.83316	0.313404	0	0.840766
6.84315	0.329254	0	0.883284
6.85314	0.345952	0	0.928081
6.86313	0.363547	0	0.975282
6.87312	0.382089	0	1.02503
6.88311	0.401632	0	1.07745
6.8931	0.422233	0	1.13272
6.90309	0.443951	0	1.19098
6.91308	0.46685	0	1.25241
6.92307	0.490998	0	1.31719
6.93306	0.516466	0	1.38552
6.94305	0.543329	0	1.45758
6.95304	0.571668	0	1.5336
6.96303	0.601567	0	1.61381
6.97302	0.633117	0	1.69845
6.98301	0.666412	0	1.78777
6.993	0.701554	0	1.88205
7.00299	0.738651	0	1.98157
7.01298	0.777815	0	2.08663
7.02297	0.819167	0	2.19757
7.03296	0.862835	0	2.31472
7.04295	0.908955	0	2.43844
7.05294	0.95767	0	2.56913
7.06293	1.00913	0	2.70719
7.07292	1.06351	0	2.85305
7.08291	1.12096	0	3.00718
7.0929	1.18168	0	3.17007
7.10289	1.24585	0	3.34224
7.11288	1.31369	0	3.52423
7.12287	1.38541	0	3.71663
7.13286	1.46124	0	3.92006
7.14285	1.54143	0	4.13518
7.15284	1.62624	0	4.3627
7.16283	1.71595	0	4.60335
7.17282	1.81085	0	4.85793
7.18281	1.91125	0	5.12728
7.1928	2.01749	0	5.41229
7.20279	2.12992	0	5.7139
7.21278	2.24891	0	6.03313
7.22277	2.37487	0	6.37104
7.23276	2.50822	0	6.72877
7.24275	2.64941	0	7.10754
7.25274	2.79892	0	7.50863
7.26273	2.95726	0	7.93341
7.27272	3.12497	0	8.38332
7.28271	3.30264	0	8.85994
7.2927	3.49086	0	9.36488
7.30269	3.6903	0	9.89992
7.31268	3.90165	0	10.4669
7.32267	4.12565	0	11.0678
7.33266	4.36308	0	11.7048
7.34265	4.61479	0	12.38
7.35264	4.88166	0	13.096
7.36263	5.16464	0	13.8551
7.37262	5.46475	0	14.6602
7.38261	5.78305	0	15.5141
7.3926	6.12069	0	16.4199
7.40259	6.47889	0	17.3808
7.41258	6.85896	0	18.4004
7.42257	7.26227	0	19.4824
7.43256	7.69029	0	20.6306
7.44255	8.14461	0	21.8494
7.45254	8.62689	0	23.1432
7.46253	9.13892	0	24.5168
7.47252	9.68259	0	25.9753
7.48251	10.2599	0	27.5242
7.4925	10.8731	0	29.1692
7.50249	11.5245	0	30.9165
7.51248	12.2164	0	32.7727
7.52247	12.9515	0	34.7449
7.53246	13.7327	0	36.8405
7.54245	14.5628	0	39.0675
7.55244	15.4452	0	41.4345
7.56243	16.3831	0	43.9506
7.57242	17.3802	0	46.6255
7.58241	18.4403	0	49.4696
7.5924	19.5676	0	52.4938
7.60239	20.7666	0	55.7101
7.61238	22.0418	0	59.1311
7.62237	23.3983	0	62.7702
7.63236	24.8414	0	66.6417
7.64235	26.377	0	70.7611
7.65234	28.011	0	75.1448
7.66233	29.7501	0	79.8102
7.67232	31.6012	0	84.7761
7.68231	33.5717	0	90.0625
7.6923	35.6697	0	95.6906
7.70229	37.9036	0	101.683
7.71228	40.2825	0	108.065
7.72227	42.8162	0	114.862
7.73226	45.515	0	122.102
7.74225	48.3901	0	129.815
7.75224	51.4533	0	138.033
7.76223	54.7173	0	146.789
7.77222	58.1957	0	156.121
7.78221	61.9031	0	166.067
7.7922	65.855	0	176.668
7.80219	70.0681	0	187.971
7.81218	74.56	0	200.021
7.82217	79.35	0	212.871
7.83216	84.4583	0	226.575
7.84215	89.9067	0	241.192
7.85214	95.7187	0	256.783
7.86213	101.919	0	273.417
7.87212	108.535	0	291.165
7.88211	115.595	0	310.104
7.8921	123.129	0	330.317
7.90209	131.171	0	351.89
7.91208	139.756	0	374.92
7.92207	148.921	0	399.507
7.93206	158.707	0	425.76
7.94205	169.157	0	453.794
7.95204	180.317	0	483.735
7.96203	192.238	0	515.715
7.97202	204.973	0	549.878
7.98201	218.578	0	586.377
7.992	233.116	0	625.377
8.00199	248.651	0	667.053
8.01198	265.255	0	711.596
8.02197	283.002	0	759.206
8.03196	301.975	0	810.103
8.04195	322.259	0	864.519
8.05194	343.948	0	922.705
8.06193	367.143	0	984.928
8.07192	391.95	0	1051.48
8.08191	418.485	0	1122.66
8.0919	446.871	0	1198.82
8.10189	477.243	0	1280.29
8.11188	509.741	0	1367.47
8.12187	544.519	0	1460.77
8.13186	581.742	0	1560.63
8.14185	621.585	0	1667.52
8.15184	664.24	0	1781.95
8.16183	709.908	0	1904.46
8.17182	758.81	0	2035.65
8.18181	811.18	0	2176.14
8.1918	867.271	0	2326.62
8.20179	927.354	0	2487.8
8.21178	991.721	0	2660.48
8.22177	1060.69	0	2845.49
8.23176	1134.58	0	3043.73
8.24175	1213.78	0	3256.19
8.25174	1298.66	0	3483.91
8.26173	1389.65	0	3728
8.27172	1487.2	0	3989.69
8.28171	1591.79	0	4270.26
8.2917	1703.94	0	4571.12
8.30169	1824.21	0	4893.78
8.31168	1953.21	0	5239.85
8.32167	2091.59	0	5611.07
8.33166	2240.04	0	6009.33
8.34165	2399.32	0	6436.63
8.35164	2570.25	0	6895.16
8.36163	2753.68	0	7387.25
8.37162	2950.56	0	7915.42
8.38161	3161.9	0	8482.37
8.3916	3388.78	0	9091.04
8.40159	3632.39	0	9744.57
8.41158	3893.99	0	10446.3
8.42157	4174.92	0	11200
8.43156	4476.67	0	12009.5
8.44155	4800.81	0	12879.1
8.45154	5149.03	0	13813.2
8.46153	5523.19	0	14817
8.47152	5925.24	0	15895.6
8.48151	6357.33	0	17054.7
8.4915	6821.75	0	18300.6
8.50149	7320.98	0	19639.9
8.51148	7857.69	0	21079.7
8.52147	8434.76	0	22627.8
8.53146	9055.3	0	24292.5
8.54145	9722.66	0	26082.8
8.55144	10440.5	0	28008.5
8.56143	11212.6	0	30079.9
8.57142	12043.3	0	32308.3
8.58141	12937.1	0	34706.1
8.5914	13898.8	0	37286.2
8.60139	14933.9	0	40063
8.61138	16048	0	43051.7
8.62137	17247.2	0	46268.9
8.63136	18538.3	0	49732.4
8.64135	19928.4	0	53461.7
8.65134	21425.3	0	57477.4
8.66133	23037.4	0	61802.1
8.67132	24773.8	0	66460.2
8.68131	26644.2	0	71477.9
8.6913	28659.2	0	76883.6
8.70129	30830.3	0	82708
8.71128	33169.8	0	88984.2
8.72127	35691.1	0	95748
8.73126	38408.6	0	103038
8.74125	41338	0	110897
8.75124	44496	0	119369
8.76123	47901	0	128503
8.77122	51572.7	0	138353
8.78121	55532.5	0	148976
8.7912	59803.3	0	160433
8.80119	64410.2	0	172792
8.81118	69380.3	0	186126
8.82117	74742.7	0	200511
8.83116	80529.1	0	216034
8.84115	86773.8	0	232787
8.85114	93513.8	0	250868
8.86113	100789	0	270386
8.87112	108643	0	291456
8.88111	117124	0	314206
8.8911	126281	0	338771
8.90109	136170	0	365300
8.91108	146850	0	393953
8.92107	158387	0	424904
8.93106	170851	0	458340
8.94105	184317	0	494465
8.95104	198868	0	533501
8.96103	214593	0	575686
8.97102	231589	0	621280
8.98101	249960	0	670564
8.991	269820	0	723842
9.00099	291292	0	781445
9.01098	314510	0	843732
9.02097	339619	0	911090
9.03096	366774	0	983941
9.04095	396148	0	1.06274e+006
9.05094	427925	0	1.14799e+006
9.06093	462304	0	1.24022e+006
9.07092	499504	0	1.34001e+006
9.08091	539761	0	1.44801e+006
9.0909	583330	0	1.56489e+006
9.10089	630490	0	1.69141e+006
9.11088	681542	0	1.82836e+006
9.12087	736815	0	1.97664e+006
9.13086	796662	0	2.1372e+006
9.14085	861472	0	2.31106e+006
9.15084	931663	0	2.49936e+006
9.16083	1.00769e+006	0	2.70332e+006
9.17082	1.09005e+006	0	2.92426e+006
9.18081	1.17928e+006	0	3.16363e+006
9.1908	1.27596e+006	0	3.42299e+006
9.20079	1.38072e+006	0	3.70404e+006
9.21078	1.49427e+006	0	4.00864e+006
9.22077	1.61733e+006	0	4.3388e+006
9.23076	1.75074e+006	0	4.69669e+006
9.24075	1.89537e+006	0	5.08469e+006
9.25074	2.05219e+006	0	5.50539e+006
9.26073	2.22225e+006	0	5.96159e+006
9.27072	2.40667e+006	0	6.45634e+006
9.28071	2.6067e+006	0	6.99296e+006
9.2907	2.82369e+006	0	7.57507e+006
9.30069	3.05909e+006	0	8.20658e+006
9.31068	3.3145e+006	0	8.89177e+006
9.32067	3.59165e+006	0	9.63528e+006
9.33066	3.89243e+006	0	1.04422e+007
9.34065	4.21889e+006	0	1.1318e+007
9.35064	4.57326e+006	0	1.22686e+007
9.36063	4.95796e+006	0	1.33007e+007
9.37062	5.37565e+006	0	1.44212e+007
9.38061	5.8292e+006	0	1.56379e+007
9.3906	6.32175e+006	0	1.69593e+007
9.40059	6.85671e+006	0	1.83944e+007
9.41058	7.4378e+006	0	1.99533e+007
9.42057	8.06907e+006	0	2.16468e+007
9.43056	8.75493e+006	0	2.34867e+007
9.44055	9.50018e+006	0	2.5486e+007
9.45054	1.03101e+007	0	2.76587e+007
9.46053	1.11903e+007	0	3.002e+007
9.47052	1.2147e+007	0	3.25867e+007
9.48051	1.31871e+007	0	3.53769e+007
9.4905	1.43179e+007	0	3.84104e+007
9.50049	1.55474e+007	0	4.17089e+007
9.51048	1.68845e+007	0	4.52958e+007
9.52047	1.83387e+007	0	4.91969e+007
9.53046	1.99204e+007	0	5.34401e+007
9.54045	2.1641e+007	0	5.80559e+007
9.55044	2.35129e+007	0	6.30777e+007
9.56043	2.55497e+007	0	6.85418e+007
9.57042	2.77661e+007	0	7.44877e+007
9.58041	3.01782e+007	0	8.09588e+007
9.5904	3.28037e+007	0	8.80021e+007
9.60039	3.56617e+007	0	9.56691e+007
9.61038	3.87731e+007	0	1.04016e+008
9.62037	4.21608e+007	0	1.13104e+008
9.63036	4.58498e+007	0	1.23001e+008
9.64035	4.98672e+007	0	1.33778e+008
9.65034	5.42429e+007	0	1.45517e+008
9.66033	5.90093e+007	0	1.58304e+008
9.67032	6.42019e+007	0	1.72234e+008
9.68031	6.98594e+007	0	1.87411e+008
9.6903	7.60242e+007	0	2.03949e+008
9.70029	8.27424e+007	0	2.21972e+008
9.71028	9.00646e+007	0	2.41615e+008
9.72027	9.8046e+007	0	2.63027e+008
9.73026	1.06747e+008	0	2.86368e+008
9.74025	1.16233e+008	0	3.11817e+008
9.75024	1.26577e+008	0	3.39566e+008
9.76023	1.37857e+008	0	3.69827e+008
9.77022	1.50159e+008	0	4.0283e+008
9.78021	1.63578e+008	0	4.38829e+008
9.7902	1.78217e+008	0	4.78099e+008
9.80019	1.94187e+008	0	5.20943e+008
9.81018	2.11613e+008	0	5.67691e+008
9.82017	2.30629e+008	0	6.18705e+008
9.83016	2.51382e+008	0	6.7438e+008
9.84015	2.74034e+008	0	7.35148e+008
9.85014	2.98761e+008	0	8.01483e+008
9.86013	3.25757e+008	0	8.73903e+008
9.87012	3.55232e+008	0	9.52976e+008
9.88011	3.87418e+008	0	1.03932e+009
9.8901	4.22568e+008	0	1.13362e+009
9.90009	4.6096e+008	0	1.23661e+009
9.91008	5.02898e+008	0	1.34912e+009
9.92007	5.48713e+008	0	1.47202e+009
9.93006	5.98769e+008	0	1.60631e+009
9.94005	6.53467e+008	0	1.75305e+009
9.95004	7.13242e+008	0	1.9134e+009
9.96003	7.78573e+008	0	2.08867e+009
9.97002	8.49984e+008	0	2.28024e+009
9.98001	9.28051e+008	0	2.48967e+009
9.99	1.0134e+009	0	2.71864e+009
