0	0.635247	0.635247	1
0.00999	0.633985	0.633985	0.998013
0.01998	0.6302	0.6302	0.992055
0.02997	0.623908	0.623908	0.98215
0.03996	0.615134	0.615134	0.968339
0.04995	0.603913	0.603913	0.950674
0.05994	0.590289	0.590289	0.929228
0.06993	0.574318	0.574318	0.904085
0.07992	0.556061	0.556061	0.875346
0.08991	0.535593	0.535593	0.843125
0.0999	0.512994	0.512994	0.807551
0.10989	0.488355	0.488355	0.768764
0.11988	0.461774	0.461774	0.72692
0.12987	0.433356	0.433356	0.682185
0.13986	0.403215	0.403215	0.634737
0.14985	0.37147	0.37147	0.584765
0.15984	0.338249	0.338249	0.532468
0.16983	0.303682	0.303682	0.478054
0.17982	0.267909	0.267909	0.42174
0.18981	0.23107	0.23107	0.363749
0.1998	0.193314	0.193314	0.304313
0.20979	0.154789	0.154789	0.243667
0.21978	0.115649	0.115649	0.182053
0.22977	0.076049	0.076049	0.119716
0.23976	0.0361474	0.0361474	0.0569029
0.24975	-0.00389783	-0.00389783	-0.00613594
0.25974	-0.0439276	-0.0439276	-0.0691504
0.26973	-0.0837829	-0.0837829	-0.13189
0.27972	-0.123306	-0.123306	-0.194107
0.28971	-0.162339	-0.162339	-0.255553
0.2997	-0.200728	-0.200728	-0.315985
0.30969	-0.238321	-0.238321	-0.375163
0.31968	-0.274969	-0.274969	-0.432854
0.32967	-0.310526	-0.310526	-0.488828
0.33966	-0.344853	-0.344853	-0.542864
0.34965	-0.377813	-0.377813	-0.594749
0.35964	-0.409276	-0.409276	-0.644278
0.36963	-0.439118	-0.439118	-0.691255
0.37962	-0.467222	-0.467222	-0.735496
0.38961	-0.493476	-0.493476	-0.776825
0.3996	-0.517778	-0.517778	-0.815081
0.40959	-0.540032	-0.540032	-0.850114
0.41958	-0.560152	-0.560152	-0.881785
0.42957	-0.578057	-0.578057	-0.909973
0.43956	-0.59368	-0.59368	-0.934566
0.44955	-0.606959	-0.606959	-0.955469
0.45954	-0.617843	-0.617843	-0.972602
0.46953	-0.626289	-0.626289	-0.985899
0.47952	-0.632268	-0.632268	-0.99531
0.48951	-0.635755	-0.635755	-1.0008
0.4995	-0.636739	-0.636739	-1.00235
0.50949	-0.635217	-0.635217	-0.999953
0.51948	-0.631198	-0.631198	-0.993626
0.52947	-0.624698	-0.624698	-0.983394
0.53946	-0.615745	-0.615745	-0.9693
0.54945	-0.604376	-0.604376	-0.951403
0.55944	-0.590637	-0.590637	-0.929775
0.56943	-0.574584	-0.574584	-0.904504
0.57942	-0.556281	-0.556281	-0.875693
0.58941	-0.535803	-0.535803	-0.843456
0.5994	-0.513231	-0.513231	-0.807924
0.60939	-0.488656	-0.488656	-0.769237
0.61938	-0.462174	-0.462174	-0.72755
0.62937	-0.433892	-0.433892	-0.683029
0.63936	-0.403921	-0.403921	-0.635849
0.64935	-0.37238	-0.37238	-0.586197
0.65934	-0.339393	-0.339393	-0.534269
0.66933	-0.305089	-0.305089	-0.480269
0.67932	-0.269604	-0.269604	-0.424408
0.68931	-0.233075	-0.233075	-0.366905
0.6993	-0.195646	-0.195646	-0.307984
0.70929	-0.157462	-0.157462	-0.247876
0.71928	-0.118672	-0.118672	-0.186812
0.72927	-0.0794248	-0.0794248	-0.12503
0.73926	-0.0398726	-0.0398726	-0.0627671
0.74925	-0.000167513	-0.000167513	-0.000263697
0.75924	0.0395383	0.0395383	0.0622408
0.76923	0.079093	0.079093	0.124507
0.77922	0.118346	0.118346	0.186299
0.78921	0.157149	0.157149	0.247382
0.7992	0.195354	0.195354	0.307524
0.80919	0.232818	0.232818	0.366501
0.81918	0.269402	0.269402	0.42409
0.82917	0.304968	0.304968	0.480077
0.83916	0.339384	0.339384	0.534256
0.84915	0.372525	0.372525	0.586426
0.85914	0.404269	0.404269	0.636396
0.86913	0.434499	0.434499	0.683985
0.87912	0.463109	0.463109	0.729021
0.88911	0.489994	0.489994	0.771344
0.8991	0.51506	0.51506	0.810803
0.90909	0.538219	0.538219	0.84726
0.91908	0.559392	0.559392	0.88059
0.92907	0.578505	0.578505	0.910678
0.93906	0.595496	0.595496	0.937425
0.94905	0.610309	0.610309	0.960743
0.95904	0.622896	0.622896	0.980558
0.96903	0.633221	0.633221	0.99681
0.97902	0.641252	0.641252	1.00945
0.98901	0.64697	0.64697	1.01845
0.999	0.650362	0.650362	1.02379
1.00899	0.651426	0.651426	1.02547
1.01898	0.650166	0.650166	1.02348
1.02897	0.646596	0.646596	1.01787
1.03896	0.640739	0.640739	1.00865
1.04895	0.632626	0.632626	0.995873
1.05894	0.622294	0.622294	0.979609
1.06893	0.60979	0.60979	0.959925
1.07892	0.595167	0.595167	0.936907
1.08891	0.578488	0.578488	0.91065
1.0989	0.559818	0.559818	0.88126
1.10889	0.539233	0.539233	0.848856
1.11888	0.516813	0.516813	0.813562
1.12887	0.492643	0.492643	0.775514
1.13886	0.466815	0.466815	0.734857
1.14885	0.439426	0.439426	0.69174
1.15884	0.410575	0.410575	0.646323
1.16883	0.380367	0.380367	0.59877
1.17882	0.34891	0.34891	0.549251
1.18881	0.316315	0.316315	0.49794
1.1988	0.282695	0.282695	0.445015
1.20879	0.248165	0.248165	0.390659
1.21878	0.212842	0.212842	0.335054
1.22877	0.176845	0.176845	0.278388
1.23876	0.140291	0.140291	0.220845
1.24875	0.103299	0.103299	0.162613
1.25874	0.0659875	0.0659875	0.103877
1.26873	0.0284732	0.0284732	0.0448222
1.27872	-0.00912803	-0.00912803	-0.0143693
1.28871	-0.0467019	-0.0467019	-0.0735176
1.2987	-0.0841363	-0.0841363	-0.132447
1.30869	-0.121322	-0.121322	-0.190984
1.31868	-0.158152	-0.158152	-0.248962
1.32867	-0.194524	-0.194524	-0.306219
1.33866	-0.230338	-0.230338	-0.362597
1.34865	-0.265499	-0.265499	-0.417945
1.35864	-0.299914	-0.299914	-0.472121
1.36863	-0.333497	-0.333497	-0.524988
1.37862	-0.366166	-0.366166	-0.576415
1.38861	-0.397844	-0.397844	-0.626282
1.3986	-0.428458	-0.428458	-0.674474
1.40859	-0.457942	-0.457942	-0.720888
1.41858	-0.486234	-0.486234	-0.765425
1.42857	-0.513279	-0.513279	-0.807999
1.43856	-0.539026	-0.539026	-0.84853
1.44855	-0.563431	-0.563431	-0.886948
1.45854	-0.586455	-0.586455	-0.923192
1.46853	-0.608065	-0.608065	-0.95721
1.47852	-0.628232	-0.628232	-0.988958
1.48851	-0.646936	-0.646936	-1.0184
1.4985	-0.66416	-0.66416	-1.04551
1.50849	-0.679892	-0.679892	-1.07028
1.51848	-0.694127	-0.694127	-1.09269
1.52847	-0.706865	-0.706865	-1.11274
1.53846	-0.71811	-0.71811	-1.13044
1.54845	-0.727872	-0.727872	-1.14581
1.55844	-0.736164	-0.736164	-1.15886
1.56843	-0.743005	-0.743005	-1.16963
1.57842	-0.748419	-0.748419	-1.17815
1.58841	-0.752431	-0.752431	-1.18447
1.5984	-0.755072	-0.755072	-1.18863
1.60839	-0.756377	-0.756377	-1.19068
1.61838	-0.756383	-0.756383	-1.19069
1.62837	-0.755129	-0.755129	-1.18872
1.63836	-0.752661	-0.752661	-1.18483
1.64835	-0.749022	-0.749022	-1.1791
1.65834	-0.744261	-0.744261	-1.17161
1.66833	-0.738428	-0.738428	-1.16243
1.67832	-0.731574	-0.731574	-1.15164
1.68831	-0.723752	-0.723752	-1.13932
1.6983	-0.715017	-0.715017	-1.12557
1.70829	-0.705422	-0.705422	-1.11047
1.71828	-0.695024	-0.695024	-1.0941
1.72827	-0.683879	-0.683879	-1.07656
1.73826	-0.672043	-0.672043	-1.05792
1.74825	-0.659572	-0.659572	-1.03829
1.75824	-0.646522	-0.646522	-1.01775
1.76823	-0.632948	-0.632948	-0.996381
1.77822	-0.618905	-0.618905	-0.974275
1.78821	-0.604447	-0.604447	-0.951515
1.7982	-0.589627	-0.589627	-0.928185
1.80819	-0.574496	-0.574496	-0.904366
1.81818	-0.559105	-0.559105	-0.880138
1.82817	-0.543502	-0.543502	-0.855576
1.83816	-0.527735	-0.527735	-0.830756
1.84815	-0.51185	-0.51185	-0.805749
1.85814	-0.49589	-0.49589	-0.780625
1.86813	-0.479896	-0.479896	-0.755448
1.87812	-0.46391	-0.46391	-0.730283
1.88811	-0.447969	-0.447969	-0.705189
1.8981	-0.432109	-0.432109	-0.680222
1.90809	-0.416364	-0.416364	-0.655436
1.91808	-0.400765	-0.400765	-0.63088
1.92807	-0.385342	-0.385342	-0.606602
1.93806	-0.370123	-0.370123	-0.582644
1.94805	-0.355133	-0.355133	-0.559047
1.95804	-0.340395	-0.340395	-0.535846
1.96803	-0.32593	-0.32593	-0.513076
1.97802	-0.311758	-0.311758	-0.490767
1.98801	-0.297896	-0.297896	-0.468945
1.998	-0.284358	-0.284358	-0.447634
2.00799	-0.271159	-0.271159	-0.426856
2.01798	-0.25831	-0.25831	-0.406629
2.02797	-0.245819	-0.245819	-0.386967
2.03796	-0.233697	-0.233697	-0.367883
2.04795	-0.221947	-0.221947	-0.349387
2.05794	-0.210576	-0.210576	-0.331487
2.06793	-0.199587	-0.199587	-0.314188
2.07792	-0.188981	-0.188981	-0.297493
2.08791	-0.17876	-0.17876	-0.281402
2.0979	-0.168921	-0.168921	-0.265915
2.10789	-0.159465	-0.159465	-0.251028
2.11788	-0.150386	-0.150386	-0.236737
2.12787	-0.141683	-0.141683	-0.223036
2.13786	-0.133349	-0.133349	-0.209917
2.14785	-0.125379	-0.125379	-0.197371
2.15784	-0.117767	-0.117767	-0.185388
2.16783	-0.110505	-0.110505	-0.173956
2.17782	-0.103586	-0.103586	-0.163064
2.18781	-0.0970014	-0.0970014	-0.152699
2.1978	-0.0907423	-0.0907423	-0.142846
2.20779	-0.0847997	-0.0847997	-0.133491
2.21778	-0.0791641	-0.0791641	-0.124619
2.22777	-0.0738257	-0.0738257	-0.116216
2.23776	-0.0687744	-0.0687744	-0.108264
2.24775	-0.0640001	-0.0640001	-0.100748
2.25774	-0.0594926	-0.0594926	-0.0936526
2.26773	-0.0552413	-0.0552413	-0.0869603
2.27772	-0.0512359	-0.0512359	-0.0806551
2.28771	-0.0474661	-0.0474661	-0.0747206
2.2977	-0.0439214	-0.0439214	-0.0691406
2.30769	-0.0405915	-0.0405915	-0.0638988
2.31768	-0.0374664	-0.0374664	-0.0589793
2.32767	-0.034536	-0.034536	-0.0543662
2.33766	-0.0317903	-0.0317903	-0.050044
2.34765	-0.0292197	-0.0292197	-0.0459974
2.35764	-0.0268146	-0.0268146	-0.0422113
2.36763	-0.0245658	-0.0245658	-0.0386712
2.37762	-0.0224641	-0.0224641	-0.0353627
2.38761	-0.0205006	-0.0205006	-0.0322718
2.3976	-0.0186666	-0.0186666	-0.0293848
2.40759	-0.0169538	-0.0169538	-0.0266885
2.41758	-0.0153539	-0.0153539	-0.0241699
2.42757	-0.0138589	-0.0138589	-0.0218165
2.43756	-0.012461	-0.012461	-0.0196159
2.44755	-0.0111526	-0.0111526	-0.0175563
2.45754	-0.00992635	-0.00992635	-0.015626
2.46753	-0.008775	-0.008775	-0.0138135
2.47752	-0.00769146	-0.00769146	-0.0121078
2.48751	-0.00666879	-0.00666879	-0.010498
2.4975	-0.00570016	-0.00570016	-0.00897314
2.50749	-0.00477879	-0.00477879	-0.00752273
2.51748	-0.00389797	-0.00389797	-0.00613615
2.52747	-0.00305097	-0.00305097	-0.00480281
2.53746	-0.00223104	-0.00223104	-0.00351209
2.54745	-0.00143135	-0.00143135	-0.00225322
2.55744	-0.000644925	-0.000644925	-0.00101524
2.56743	0.000135411	0	0.000213163
2.57742	0.000917087	0	0.00144367
2.58741	0.00170787	0	0.00268852
2.5974	0.00251597	0	0.00396061
2.60739	0.00335008	0	0.00527366
2.61738	0.00421955	0	0.00664237
2.62737	0.00513448	0	0.00808265
2.63736	0.00610585	0	0.00961177
2.64735	0.00714571	0	0.0112487
2.65734	0.00826734	0	0.0130144
2.66733	0.00948545	0	0.0149319
2.67732	0.0108165	0	0.0170272
2.68731	0.0122788	0	0.0193291
2.6973	0.013893	0	0.0218702
2.70729	0.0156824	0	0.0246871
2.71728	0.0176735	0	0.0278214
2.72727	0.019896	0	0.0313201
2.73726	0.0223841	0	0.0352368
2.74725	0.0251765	0	0.0396326
2.75724	0.0283176	0	0.0445773
2.76723	0.0318581	0	0.0501508
2.77722	0.0358562	0	0.0564445
2.78721	0.0403787	0	0.0635638
2.7972	0.0455024	0	0.0716294
2.80719	0.0513156	0	0.0807805
2.81718	0.0579204	0	0.0911777
2.82717	0.0654343	0	0.103006
2.83716	0.0739934	0	0.11648
2.84715	0.083755	0	0.131846
2.85714	0.0949012	0	0.149393
2.86713	0.107643	0	0.169451
2.87712	0.122226	0	0.192408
2.88711	0.138936	0	0.218711
2.8971	0.158102	0	0.248883
2.90709	0.180111	0	0.28353
2.91708	0.205414	0	0.323361
2.92707	0.234534	0	0.369201
2.93706	0.268084	0	0.422015
2.94705	0.306781	0	0.482931
2.95704	0.351463	0	0.55327
2.96703	0.403113	0	0.634576
2.97702	0.462882	0	0.728665
2.98701	0.532125	0	0.837666
2.997	0.612429	0	0.96408
3.00699	0.705665	0	1.11085
3.01698	0.814036	0	1.28145
3.02697	0.940138	0	1.47996
3.03696	1.08703	0	1.7112
3.04695	1.25835	0	1.98088
3.05694	1.45835	0	2.29573
3.06693	1.69212	0	2.66373
3.07692	1.96566	0	3.09433
3.08691	2.2861	0	3.59876
3.0969	2.6619	0	4.19033
3.10689	3.10311	0	4.88489
3.11688	3.62173	0	5.70129
3.12687	4.23201	0	6.66198
3.13686	4.95097	0	7.79378
3.14685	5.79895	0	9.12865
3.15684	6.80023	0	10.7049
3.16683	7.9839	0	12.5682
3.17682	9.38477	0	14.7734
3.18681	11.0446	0	17.3864
3.1968	13.0136	0	20.4859
3.20679	15.352	0	24.167
3.21678	18.1324	0	28.5439
3.22677	21.4421	0	33.754
3.23676	25.3866	0	39.9633
3.24675	30.093	0	47.3721
3.25674	35.7152	0	56.2225
3.26673	42.4392	0	66.8074
3.27672	50.4905	0	79.4816
3.28671	60.1425	0	94.6757
3.2967	71.7272	0	112.912
3.30669	85.648	0	134.826
3.31668	102.396	0	161.191
3.32667	122.57	0	192.948
3.33666	146.899	0	231.247
3.34665	176.275	0	277.49
3.35664	211.787	0	333.392
3.36663	254.768	0	401.054
3.37662	306.853	0	483.046
3.38661	370.048	0	582.526
3.3966	446.813	0	703.369
3.40659	540.179	0	850.344
3.41658	653.872	0	1029.32
3.42657	792.49	0	1247.53
3.43656	961.703	0	1513.9
3.44655	1168.52	0	1839.47
3.45654	1421.61	0	2237.88
3.46653	1731.7	0	2726.03
3.47652	2112.12	0	3324.88
3.48651	2579.39	0	4060.44
3.4965	3154.04	0	4965.06
3.50649	3861.66	0	6078.98
3.51648	4734.08	0	7452.35
3.52647	5811.06	0	9147.72
3.53646	7142.22	0	11243.2
3.54645	8789.64	0	13836.6
3.55644	10831	0	17050.1
3.56643	13363.8	0	21037.2
3.57642	16510.3	0	25990.4
3.58641	20424.2	0	32151.6
3.5964	25298.8	0	39825.2
3.60639	31377.8	0	49394.7
3.61638	38968.5	0	61343.9
3.62637	48459	0	76283.8
3.63636	60340.2	0	94987
3.64635	75233.4	0	118432
3.65634	93926.5	0	147858
3.66633	117420	0	184841
3.67632	146984	0	231380
3.68631	184236	0	290023
3.6963	231238	0	364013
3.70629	290619	0	457489
3.71628	365737	0	575740
3.72627	460890	0	725528
3.73626	581579	0	915516
3.74625	734861	0	1.15681e+006
3.75624	929798	0	1.46368e+006
3.76623	1.17804e+006	0	1.85446e+006
3.77622	1.49458e+006	0	2.35275e+006
3.78621	1.89876e+006	0	2.989e+006
3.7962	2.41552e+006	0	3.80249e+006
3.80619	3.07713e+006	0	4.84398e+006
3.81618	3.92531e+006	0	6.17919e+006
3.82617	5.01416e+006	0	7.89324e+006
3.83616	6.41385e+006	0	1.00966e+007
3.84615	8.21558e+006	0	1.29329e+007
3.85614	1.0538e+007	0	1.65888e+007
3.86613	1.35355e+007	0	2.13075e+007
3.87612	1.74099e+007	0	2.74066e+007
3.88611	2.24244e+007	0	3.53004e+007
3.8961	2.89235e+007	0	4.55312e+007
3.90609	3.73583e+007	0	5.88091e+007
3.91608	4.83203e+007	0	7.60654e+007
3.92607	6.25866e+007	0	9.85233e+007
3.93606	8.11789e+007	0	1.27791e+008
3.94605	1.05443e+008	0	1.65987e+008
3.95604	1.37152e+008	0	2.15903e+008
3.96603	1.7865e+008	0	2.81229e+008
3.97602	2.33033e+008	0	3.66838e+008
3.98601	3.04403e+008	0	4.79189e+008
3.996	3.98199e+008	0	6.26841e+008
4.00599	5.21638e+008	0	8.21158e+008
4.01598	6.84321e+008	0	1.07725e+009
4.02597	8.99027e+008	0	1.41524e+009
4.03596	1.18279e+009	0	1.86194e+009
4.04595	1.55837e+009	0	2.45317e+009
4.05594	2.05616e+009	0	3.23679e+009
4.06593	2.71689e+009	0	4.27691e+009
4.07592	3.59514e+009	0	5.65944e+009
4.08591	4.7642e+009	0	7.49976e+009
4.0959	6.3226e+009	0	9.95299e+009
4.10589	8.40301e+009	0	1.32279e+010
4.11588	1.11843e+010	0	1.76062e+010
4.12587	1.49079e+010	0	2.34679e+010
4.13586	1.99005e+010	0	3.13271e+010
4.14585	2.6604e+010	0	4.18798e+010
4.15584	3.56182e+010	0	5.60699e+010
4.16583	4.77571e+010	0	7.51788e+010
4.17582	6.41278e+010	0	1.00949e+011
4.18581	8.62379e+010	0	1.35755e+011
4.1958	1.16144e+011	0	1.82833e+011
4.20579	1.56654e+011	0	2.46603e+011
4.21578	2.11608e+011	0	3.33112e+011
4.22577	2.86269e+011	0	4.50643e+011
4.23576	3.87854e+011	0	6.10556e+011
4.24575	5.26275e+011	0	8.28458e+011
4.25574	7.15174e+011	0	1.12582e+012
4.26573	9.73343e+011	0	1.53223e+012
4.27572	1.32671e+012	0	2.08849e+012
4.28571	1.81111e+012	0	2.85103e+012
4.2957	2.47612e+012	0	3.89788e+012
4.30569	3.39046e+012	0	5.33724e+012
4.31568	4.64953e+012	0	7.31925e+012
4.32567	6.3859e+012	0	1.00526e+013
4.33566	8.78416e+012	0	1.38279e+013
4.34565	1.21016e+013	0	1.90503e+013
4.35564	1.66977e+013	0	2.62853e+013
4.36563	2.30747e+013	0	3.6324e+013
4.37562	3.19365e+013	0	5.02741e+013
4.38561	4.427e+013	0	6.96895e+013
4.3956	6.14619e+013	0	9.67527e+013
4.40559	8.54626e+013	0	1.34534e+014
4.41558	1.19021e+014	0	1.87361e+014
4.42557	1.66014e+014	0	2.61338e+014
4.43556	2.31925e+014	0	3.65095e+014
4.44555	3.24512e+014	0	5.10844e+014
4.45554	4.54773e+014	0	7.15899e+014
4.46553	6.38325e+014	0	1.00484e+015
4.47552	8.97373e+014	0	1.41264e+015
4.48551	1.26354e+015	0	1.98906e+015
4.4955	1.78195e+015	0	2.80512e+015
4.50549	2.51702e+015	0	3.96227e+015
4.51548	3.56098e+015	0	5.60567e+015
4.52547	5.04597e+015	0	7.94331e+015
4.53546	7.16162e+015	0	1.12738e+016
4.54545	1.01806e+016	0	1.60262e+016
4.55544	1.44954e+016	0	2.28185e+016
4.56543	2.06721e+016	0	3.25418e+016
4.57542	2.95281e+016	0	4.64829e+016
4.58541	4.22463e+016	0	6.65037e+016
4.5954	6.054e+016	0	9.53015e+016
4.60539	8.68958e+016	0	1.3679e+017
4.61538	1.24928e+017	0	1.9666e+017
4.62537	1.79898e+017	0	2.83193e+017
4.63536	2.59477e+017	0	4.08466e+017
4.64535	3.74869e+017	0	5.90115e+017
4.65534	5.42464e+017	0	8.53942e+017
4.66533	7.86273e+017	0	1.23774e+018
4.67532	1.14153e+018	0	1.79699e+018
4.68531	1.66004e+018	0	2.61322e+018
4.6953	2.41803e+018	0	3.80645e+018
4.70529	3.52796e+018	0	5.55369e+018
4.71528	5.1559e+018	0	8.11637e+018
4.72527	7.54752e+018	0	1.18812e+019
4.73526	1.10669e+019	0	1.74214e+019
4.74525	1.62543e+019	0	2.55874e+019
4.75524	2.39131e+019	0	3.76438e+019
4.76523	3.52395e+019	0	5.54737e+019
4.77522	5.20175e+019	0	8.18855e+019
4.78521	7.69128e+019	0	1.21075e+020
4.7952	1.13914e+020	0	1.79322e+020
4.80519	1.69e+020	0	2.66038e+020
4.81518	2.51147e+020	0	3.95354e+020
4.82517	3.73856e+020	0	5.88521e+020
4.83516	5.57463e+020	0	8.77553e+020
4.84515	8.32654e+020	0	1.31076e+021
4.85514	1.24581e+021	0	1.96114e+021
4.86513	1.86715e+021	0	2.93925e+021
4.87512	2.80315e+021	0	4.4127e+021
4.88511	4.21558e+021	0	6.63613e+021
4.8951	6.35056e+021	0	9.997e+021
4.90509	9.58324e+021	0	1.50859e+022
4.91508	1.44864e+022	0	2.28043e+022
4.92507	2.19359e+022	0	3.45313e+022
4.93506	3.32737e+022	0	5.23792e+022
4.94505	5.0559e+022	0	7.95895e+022
4.95504	7.6957e+022	0	1.21145e+023
4.96503	1.17342e+023	0	1.84718e+023
4.97502	1.7923e+023	0	2.82143e+023
4.98501	2.74238e+023	0	4.31703e+023
4.995	4.20342e+023	0	6.61698e+023
5.00499	6.45413e+023	0	1.016e+024
5.01498	9.92737e+023	0	1.56276e+024
5.02497	1.52965e+024	0	2.40797e+024
5.03496	2.36111e+024	0	3.71684e+024
5.04495	3.65095e+024	0	5.74729e+024
5.05494	5.65538e+024	0	8.90265e+024
5.06493	8.77581e+024	0	1.38148e+025
5.07492	1.36421e+025	0	2.14753e+025
5.08491	2.12446e+025	0	3.3443e+025
5.0949	3.31427e+025	0	5.21729e+025
5.10489	5.17966e+025	0	8.15378e+025
5.11488	8.10944e+025	0	1.27658e+026
5.12487	1.27191e+026	0	2.00224e+026
5.13486	1.9985e+026	0	3.14602e+026
5.14485	3.14579e+026	0	4.95207e+026
5.15484	4.96063e+026	0	7.80897e+026
5.16483	7.83659e+026	0	1.23363e+027
5.17482	1.24023e+027	0	1.95236e+027
5.18481	1.96636e+027	0	3.09542e+027
5.1948	3.12328e+027	0	4.91664e+027
5.20479	4.96991e+027	0	7.82358e+027
5.21478	7.92274e+027	0	1.24719e+028
5.22477	1.2653e+028	0	1.99183e+028
5.23476	2.02445e+028	0	3.18687e+028
5.24475	3.245e+028	0	5.10825e+028
5.25474	5.21096e+028	0	8.20304e+028
5.26473	8.38337e+028	0	1.3197e+029
5.27472	1.3512e+029	0	2.12704e+029
5.28471	2.18182e+029	0	3.4346e+029
5.2947	3.52956e+029	0	5.5562e+029
5.30469	5.7204e+029	0	9.005e+029
5.31468	9.28831e+029	0	1.46216e+030
5.32467	1.51096e+030	0	2.37854e+030
5.33466	2.46251e+030	0	3.87646e+030
5.34465	4.02079e+030	0	6.32949e+030
5.35464	6.57743e+030	0	1.03541e+031
5.36463	1.07798e+031	0	1.69695e+031
5.37462	1.77004e+031	0	2.78638e+031
5.38461	2.91184e+031	0	4.58379e+031
5.3946	4.7992e+031	0	7.55486e+031
5.40459	7.92481e+031	0	1.24752e+032
5.41458	1.31107e+032	0	2.06388e+032
5.42457	2.17314e+032	0	3.42093e+032
5.43456	3.60885e+032	0	5.68102e+032
5.44455	6.00448e+032	0	9.45219e+032
5.45454	1.00094e+033	0	1.57566e+033
5.46453	1.67172e+033	0	2.63161e+033
5.47452	2.79737e+033	0	4.40359e+033
5.48451	4.68992e+033	0	7.38283e+033
5.4945	7.87792e+033	0	1.24014e+034
5.50449	1.32584e+034	0	2.08712e+034
5.51448	2.23565e+034	0	3.51934e+034
5.52447	3.77705e+034	0	5.9458e+034
5.53446	6.39349e+034	0	1.00646e+035
5.54445	1.08433e+035	0	1.70694e+035
5.55444	1.84258e+035	0	2.90057e+035
5.56443	3.13712e+035	0	4.93842e+035
5.57442	5.35153e+035	0	8.42433e+035
5.58441	9.14682e+035	0	1.43988e+036
5.5944	1.56642e+036	0	2.46584e+036
5.60439	2.68777e+036	0	4.23107e+036
5.61438	4.62089e+036	0	7.27417e+036
5.62437	7.95993e+036	0	1.25305e+037
5.63436	1.37387e+037	0	2.16273e+037
5.64435	2.37592e+037	0	3.74016e+037
5.65434	4.11694e+037	0	6.48085e+037
5.66433	7.14781e+037	0	1.1252e+038
5.67432	1.24345e+038	0	1.95743e+038
5.68431	2.16742e+038	0	3.41194e+038
5.6943	3.78546e+038	0	5.95904e+038
5.70429	6.62453e+038	0	1.04283e+039
5.71428	1.1616e+039	0	1.82858e+039
5.72427	2.04089e+039	0	3.21275e+039
5.73426	3.59295e+039	0	5.65599e+039
5.74425	6.33796e+039	0	9.97716e+039
5.75424	1.12026e+040	0	1.7635e+040
5.76423	1.98406e+040	0	3.1233e+040
5.77422	3.521e+040	0	5.54273e+040
5.78421	6.26109e+040	0	9.85615e+040
5.7942	1.1156e+041	0	1.75617e+041
5.80419	1.99179e+041	0	3.13546e+041
5.81418	3.56334e+041	0	5.60938e+041
5.82417	6.38778e+041	0	1.00556e+042
5.83416	1.14742e+042	0	1.80626e+042
5.84415	2.06528e+042	0	3.25115e+042
5.85414	3.72494e+042	0	5.86377e+042
5.86413	6.732e+042	0	1.05975e+043
5.87412	1.21915e+043	0	1.91917e+043
5.88411	2.21236e+043	0	3.48268e+043
5.8941	4.02296e+043	0	6.3329e+043
5.90409	7.33037e+043	0	1.15394e+044
5.91408	1.33844e+044	0	2.10696e+044
5.92407	2.44888e+044	0	3.855e+044
5.93406	4.48983e+044	0	7.06785e+044
5.94405	8.24878e+044	0	1.29852e+045
5.95404	1.51862e+045	0	2.39059e+045
5.96403	2.8016e+045	0	4.41026e+045
5.97402	5.17925e+045	0	8.15313e+045
5.98401	9.59466e+045	0	1.51038e+046
5.994	1.78114e+046	0	2.80385e+046
6.00399	3.31337e+046	0	5.21588e+046
6.01398	6.17661e+046	0	9.72317e+046
6.02397	1.15382e+047	0	1.81634e+047
6.03396	2.15993e+047	0	3.40014e+047
6.04395	4.05182e+047	0	6.37834e+047
6.05394	7.61684e+047	0	1.19904e+048
6.06393	1.43488e+048	0	2.25877e+048
6.07392	2.70875e+048	0	4.2641e+048
6.08391	5.1244e+048	0	8.06678e+048
6.0939	9.71482e+048	0	1.5293e+049
6.10389	1.84564e+049	0	2.90539e+049
6.11388	3.51384e+049	0	5.53146e+049
6.12387	6.7041e+049	0	1.05535e+050
6.13386	1.28181e+050	0	2.01781e+050
6.14385	2.45603e+050	0	3.86626e+050
6.15384	4.71598e+050	0	7.42384e+050
6.16383	9.07483e+050	0	1.42855e+051
6.17382	1.75e+051	0	2.75483e+051
6.18381	3.38195e+051	0	5.32384e+051
6.1938	6.54986e+051	0	1.03107e+052
6.20379	1.27125e+052	0	2.00119e+052
6.21378	2.47268e+052	0	3.89247e+052
6.22377	4.81995e+052	0	7.58752e+052
6.23376	9.4158e+052	0	1.48223e+053
6.24375	1.84337e+053	0	2.90182e+053
6.25374	3.61669e+053	0	5.69336e+053
6.26373	7.11139e+053	0	1.11947e+054
6.27372	1.40134e+054	0	2.20597e+054
6.28371	2.76744e+054	0	4.35648e+054
6.2937	5.47725e+054	0	8.62223e+054
6.30369	1.08642e+055	0	1.71023e+055
6.31368	2.15965e+055	0	3.39969e+055
6.32367	4.3025e+055	0	6.77296e+055
6.33366	8.59043e+055	0	1.3523e+056
6.34365	1.71895e+056	0	2.70596e+056
6.35364	3.44724e+056	0	5.42661e+056
6.36363	6.92846e+056	0	1.09067e+057
6.37362	1.39561e+057	0	2.19695e+057
6.38361	2.81742e+057	0	4.43515e+057
6.3936	5.70037e+057	0	8.97347e+057
6.40359	1.1559e+058	0	1.8196e+058
6.41358	2.3491e+058	0	3.69794e+058
6.42357	4.78468e+058	0	7.532e+058
6.43356	9.76726e+058	0	1.53755e+059
6.44355	1.99831e+059	0	3.14573e+059
6.45354	4.09757e+059	0	6.45036e+059
6.46353	8.42099e+059	0	1.32562e+060
6.47352	1.7345e+060	0	2.73044e+060
6.48351	3.58067e+060	0	5.63665e+060
6.4935	7.40851e+060	0	1.16624e+061
6.50349	1.5363e+061	0	2.41844e+061
6.51348	3.19304e+061	0	5.02646e+061
6.52347	6.65143e+061	0	1.04706e+062
6.53346	1.3887e+062	0	2.18608e+062
6.54345	2.90596e+062	0	4.57453e+062
6.55344	6.09476e+062	0	9.59432e+062
6.56343	1.28119e+063	0	2.01683e+063
6.57342	2.69934e+063	0	4.24928e+063
6.58341	5.70026e+063	0	8.9733e+063
6.5934	1.20649e+064	0	1.89925e+064
6.60339	2.55947e+064	0	4.02909e+064
6.61338	5.44214e+064	0	8.56697e+064
6.62337	1.15981e+065	0	1.82577e+065
6.63336	2.47745e+065	0	3.89998e+065
6.64335	5.30423e+065	0	8.34986e+065
6.65334	1.13826e+066	0	1.79184e+066
6.66333	2.44829e+066	0	3.85408e+066
6.67332	5.27826e+066	0	8.30899e+066
6.68331	1.14058e+067	0	1.79548e+067
6.6933	2.47039e+067	0	3.88887e+067
6.70329	5.36311e+067	0	8.44255e+067
6.71328	1.16702e+068	0	1.83711e+068
6.72327	2.54537e+068	0	4.0069e+068
6.73326	5.56466e+068	0	8.75984e+068
6.74325	1.21939e+069	0	1.91955e+069
6.75324	2.67831e+069	0	4.21617e+069
6.76323	5.89655e+069	0	9.2823e+069
6.77322	1.30123e+070	0	2.04839e+070
6.78321	2.87828e+070	0	4.53097e+070
6.7932	6.38167e+070	0	1.0046e+071
6.80319	1.41827e+071	0	2.23263e+071
6.81318	3.15944e+071	0	4.97356e+071
6.82317	7.05484e+071	0	1.11057e+072
6.83316	1.57904e+072	0	2.48571e+072
6.84315	3.54266e+072	0	5.57682e+072
6.85314	7.96705e+072	0	1.25416e+073
6.86313	1.79597e+073	0	2.82719e+073
6.87312	4.0582e+073	0	6.38838e+073
6.88311	9.19188e+073	0	1.44698e+074
6.8931	2.08695e+074	0	3.28526e+074
6.90309	4.74964e+074	0	7.47683e+074
6.91308	1.08355e+075	0	1.70571e+075
6.92307	2.47787e+075	0	3.90064e+075
6.93306	5.68004e+075	0	8.94147e+075
6.94305	1.30518e+076	0	2.0546e+076
6.95304	3.00631e+076	0	4.73251e+076
6.96303	6.94139e+076	0	1.09271e+077
6.97302	1.6066e+077	0	2.5291e+077
6.98301	3.72752e+077	0	5.86783e+077
6.993	8.66932e+077	0	1.36472e+078
7.00299	2.02117e+078	0	3.18171e+078
7.01298	4.72364e+078	0	7.43592e+078
7.02297	1.10664e+079	0	1.74207e+079
7.03296	2.59894e+079	0	4.09123e+079
7.04295	6.1185e+079	0	9.63168e+079
7.05294	1.44396e+080	0	2.27307e+080
7.06293	3.41607e+080	0	5.37755e+080
7.07292	8.10146e+080	0	1.27532e+081
7.08291	1.92604e+081	0	3.03196e+081
7.0929	4.59023e+081	0	7.2259e+081
7.10289	1.09666e+082	0	1.72636e+082
7.11288	2.62652e+082	0	4.13464e+082
7.12287	6.30609e+082	0	9.92699e+082
7.13286	1.5178e+083	0	2.3893e+083
7.14285	3.66219e+083	0	5.76498e+083
7.15284	8.85817e+083	0	1.39444e+084
7.16283	2.14795e+084	0	3.38129e+084
7.17282	5.22137e+084	0	8.21943e+084
7.18281	1.2724e+085	0	2.00301e+085
7.1928	3.10848e+085	0	4.89333e+085
7.20279	7.61296e+085	0	1.19842e+086
7.21278	1.86915e+086	0	2.9424e+086
7.22277	4.60068e+086	0	7.24234e+086
7.23276	1.13524e+087	0	1.78708e+087
7.24275	2.80829e+087	0	4.42078e+087
7.25274	6.96446e+087	0	1.09634e+088
7.26273	1.73151e+088	0	2.72573e+088
7.27272	4.31576e+088	0	6.79383e+088
7.28271	1.07841e+089	0	1.69763e+089
7.2927	2.70152e+089	0	4.25271e+089
7.30269	6.78471e+089	0	1.06804e+090
7.31268	1.70826e+090	0	2.68913e+090
7.32267	4.31199e+090	0	6.78789e+090
7.33266	1.0912e+091	0	1.71776e+091
7.34265	2.76844e+091	0	4.35805e+091
7.35264	7.0416e+091	0	1.10848e+092
7.36263	1.79562e+092	0	2.82665e+092
7.37262	4.59058e+092	0	7.22645e+092
7.38261	1.17661e+093	0	1.8522e+093
7.3926	3.02347e+093	0	4.75951e+093
7.40259	7.78921e+093	0	1.22617e+094
7.41258	2.01185e+094	0	3.16704e+094
7.42257	5.20972e+094	0	8.2011e+094
7.43256	1.35254e+095	0	2.12916e+095
7.44255	3.52052e+095	0	5.54197e+095
7.45254	9.18719e+095	0	1.44624e+096
7.46253	2.40371e+096	0	3.78389e+096
7.47252	6.30527e+096	0	9.92569e+096
7.48251	1.65825e+097	0	2.61041e+097
7.4925	4.37245e+097	0	6.88307e+097
7.50249	1.15592e+098	0	1.81963e+098
7.51248	3.06378e+098	0	4.82298e+098
7.52247	8.1418e+098	0	1.28168e+099
7.53246	2.16928e+099	0	3.41486e+099
7.54245	5.79489e+099	0	9.12226e+099
7.55244	1.55206e+100	0	2.44325e+100
7.56243	4.16785e+100	0	6.56099e+100
7.57242	1.12215e+101	0	1.76648e+101
7.58241	3.02923e+101	0	4.76859e+101
7.5924	8.19888e+101	0	1.29066e+102
7.60239	2.22494e+102	0	3.50249e+102
7.61238	6.05381e+102	0	9.52985e+102
7.62237	1.65152e+103	0	2.59981e+103
7.63236	4.51738e+103	0	7.11122e+103
7.64235	1.23891e+104	0	1.95027e+104
7.65234	3.40675e+104	0	5.36288e+104
7.66233	9.39279e+104	0	1.4786e+105
7.67232	2.59658e+105	0	4.08752e+105
7.68231	7.19721e+105	0	1.13298e+106
7.6923	2.00024e+106	0	3.14877e+106
7.70229	5.57391e+106	0	8.7744e+106
7.71228	1.55738e+107	0	2.45162e+107
7.72227	4.36308e+107	0	6.86831e+107
7.73226	1.22561e+108	0	1.92934e+108
7.74225	3.45203e+108	0	5.43416e+108
7.75224	9.74908e+108	0	1.53469e+109
7.76223	2.7607e+109	0	4.34586e+109
7.77222	7.83867e+109	0	1.23396e+110
7.78221	2.2317e+110	0	3.51312e+110
7.7922	6.37089e+110	0	1.0029e+111
7.80219	1.82363e+111	0	2.87075e+111
7.81218	5.23419e+111	0	8.23961e+111
7.82217	1.50639e+112	0	2.37134e+112
7.83216	4.34712e+112	0	6.84319e+112
7.84215	1.2579e+113	0	1.98017e+113
7.85214	3.6498e+113	0	5.74548e+113
7.86213	1.06188e+114	0	1.6716e+114
7.87212	3.09787e+114	0	4.87663e+114
7.88211	9.06225e+114	0	1.42657e+115
7.8921	2.65825e+115	0	4.18459e+115
7.90209	7.81884e+115	0	1.23083e+116
7.91208	2.3061e+116	0	3.63025e+116
7.92207	6.82034e+116	0	1.07365e+117
7.93206	2.02267e+117	0	3.18407e+117
7.94205	6.01503e+117	0	9.4688e+117
7.95204	1.79368e+118	0	2.8236e+118
7.96203	5.36352e+118	0	8.44321e+118
7.97202	1.60825e+119	0	2.53169e+119
7.98201	4.83565e+119	0	7.61224e+119
7.992	1.458e+120	0	2.29517e+120
8.00199	4.40823e+120	0	6.93939e+120
8.01198	1.33652e+121	0	2.10393e+121
8.02197	4.0634e+121	0	6.39657e+121
8.03196	1.23883e+122	0	1.95016e+122
8.04195	3.78742e+122	0	5.96212e+122
8.05194	1.16114e+123	0	1.82786e+123
8.06193	3.56975e+123	0	5.61946e+123
8.07192	1.10053e+124	0	1.73245e+124
8.08191	3.40239e+124	0	5.35601e+124
8.0919	1.05482e+125	0	1.66049e+125
8.10189	3.2794e+125	0	5.16239e+125
8.11188	1.02241e+126	0	1.60947e+126
8.12187	3.19654e+126	0	5.03196e+126
8.13186	1.0022e+127	0	1.57766e+127
8.14185	3.15104e+127	0	4.96034e+127
8.15184	9.93522e+127	0	1.56399e+128
8.16183	3.14143e+128	0	4.94521e+128
8.17182	9.96106e+128	0	1.56806e+129
8.18181	3.16747e+129	0	4.98621e+129
8.1918	1.01007e+130	0	1.59004e+130
8.20179	3.23015e+130	0	5.08486e+130
8.21178	1.03592e+131	0	1.63074e+131
8.22177	3.33171e+131	0	5.24474e+131
8.23176	1.07459e+132	0	1.69161e+132
8.24175	3.47583e+132	0	5.47163e+132
8.25174	1.12749e+133	0	1.77489e+133
8.26173	3.66784e+133	0	5.77389e+133
8.27172	1.1966e+134	0	1.88368e+134
8.28171	3.91502e+134	0	6.16299e+134
8.2917	1.28459e+135	0	2.02219e+135
8.30169	4.22708e+135	0	6.65423e+135
8.31168	1.39498e+136	0	2.19596e+136
8.32167	4.61682e+136	0	7.26775e+136
8.33166	1.53239e+137	0	2.41228e+137
8.34165	5.10096e+137	0	8.02988e+137
8.35164	1.70289e+138	0	2.68068e+138
8.36163	5.70138e+138	0	8.97506e+138
8.37162	1.91439e+139	0	3.01361e+139
8.38161	6.44672e+139	0	1.01484e+140
8.3916	2.17725e+140	0	3.42741e+140
8.40159	7.37465e+140	0	1.16091e+141
8.41158	2.50517e+141	0	3.94362e+141
8.42157	8.53491e+141	0	1.34356e+142
8.43156	2.91626e+142	0	4.59076e+142
8.44155	9.99363e+142	0	1.57319e+143
8.45154	3.4347e+143	0	5.40688e+143
8.46153	1.18393e+144	0	1.86373e+144
8.47152	4.09295e+144	0	6.44308e+144
8.48151	1.41912e+145	0	2.23397e+145
8.4915	4.93492e+145	0	7.7685e+145
8.50149	1.72114e+146	0	2.70941e+146
8.51148	6.0205e+146	0	9.47741e+146
8.52147	2.11217e+147	0	3.32495e+147
8.53146	7.432e+147	0	1.16994e+148
8.54145	2.62281e+148	0	4.1288e+148
8.55144	9.28349e+148	0	1.4614e+149
8.56143	3.29566e+149	0	5.188e+149
8.57142	1.17344e+150	0	1.84722e+150
8.58141	4.19054e+150	0	6.5967e+150
8.5914	1.50096e+151	0	2.36279e+151
8.60139	5.39211e+151	0	8.48822e+151
8.61138	1.94287e+152	0	3.05845e+152
8.62137	7.02139e+152	0	1.1053e+153
8.63136	2.54507e+153	0	4.00642e+153
8.64135	9.2528e+153	0	1.45657e+154
8.65134	3.37401e+154	0	5.31134e+154
8.66133	1.23402e+155	0	1.94258e+155
8.67132	4.52688e+155	0	7.12617e+155
8.68131	1.66564e+156	0	2.62203e+156
8.6913	6.14706e+156	0	9.67664e+156
8.70129	2.27542e+157	0	3.58194e+157
8.71128	8.44819e+157	0	1.32991e+158
8.72127	3.14613e+158	0	4.9526e+158
8.73126	1.17517e+159	0	1.84994e+159
8.74125	4.40289e+159	0	6.93098e+159
8.75124	1.65458e+160	0	2.60463e+160
8.76123	6.23672e+160	0	9.81779e+160
8.77122	2.35799e+161	0	3.71192e+161
8.78121	8.94223e+161	0	1.40768e+162
8.7912	3.4015e+162	0	5.35461e+162
8.80119	1.29783e+163	0	2.04303e+163
8.81118	4.96691e+163	0	7.81887e+163
8.82117	1.9067e+164	0	3.0015e+164
8.83116	7.34181e+164	0	1.15574e+165
8.84115	2.83565e+165	0	4.46385e+165
8.85114	1.09858e+166	0	1.72937e+166
8.86113	4.26914e+166	0	6.72044e+166
8.87112	1.66411e+167	0	2.61963e+167
8.88111	6.50667e+167	0	1.02427e+168
8.8911	2.55194e+168	0	4.01724e+168
8.90109	1.00397e+169	0	1.58043e+169
8.91108	3.96192e+169	0	6.23681e+169
8.92107	1.56831e+170	0	2.46882e+170
8.93106	6.22731e+170	0	9.80297e+170
8.94105	2.48034e+171	0	3.90453e+171
8.95104	9.90984e+171	0	1.56e+172
8.96103	3.97162e+172	0	6.25209e+172
8.97102	1.59667e+173	0	2.51347e+173
8.98101	6.43893e+173	0	1.01361e+174
8.991	2.60472e+174	0	4.10033e+174
9.00099	1.05697e+175	0	1.66387e+175
9.01098	4.30243e+175	0	6.77285e+175
9.02097	1.7568e+176	0	2.76554e+176
9.03096	7.19592e+176	0	1.13277e+177
9.04095	2.95671e+177	0	4.65442e+177
9.05094	1.21868e+178	0	1.91843e+178
9.06093	5.03885e+178	0	7.93211e+178
9.07092	2.08995e+179	0	3.28998e+179
9.08091	8.69569e+179	0	1.36887e+180
9.0909	3.62942e+180	0	5.71341e+180
9.10089	1.51963e+181	0	2.39219e+181
9.11088	6.38273e+181	0	1.00476e+182
9.12087	2.68934e+182	0	4.23353e+182
9.13086	1.13672e+183	0	1.78942e+183
9.14085	4.81989e+183	0	7.58743e+183
9.15084	2.05019e+184	0	3.22739e+184
9.16083	8.74836e+184	0	1.37716e+185
9.17082	3.74486e+185	0	5.89513e+185
9.18081	1.60814e+186	0	2.53152e+186
9.1908	6.92777e+186	0	1.09056e+187
9.20079	2.99394e+187	0	4.71304e+187
9.21078	1.29801e+188	0	2.04331e+188
9.22077	5.64542e+188	0	8.88696e+188
9.23076	2.4632e+189	0	3.87755e+189
9.24075	1.07818e+190	0	1.69727e+190
9.25074	4.7345e+190	0	7.45301e+190
9.26073	2.08568e+191	0	3.28325e+191
9.27072	9.21746e+191	0	1.451e+192
9.28071	4.08667e+192	0	6.4332e+192
9.2907	1.8177e+193	0	2.86141e+193
9.30069	8.11097e+193	0	1.27682e+194
9.31068	3.63096e+194	0	5.71582e+194
9.32067	1.63068e+195	0	2.567e+195
9.33066	7.34713e+195	0	1.15658e+196
9.34065	3.32101e+196	0	5.2279e+196
9.35064	1.506e+197	0	2.37073e+197
9.36063	6.85152e+197	0	1.07856e+198
9.37062	3.1272e+198	0	4.92281e+198
9.38061	1.43197e+199	0	2.25419e+199
9.3906	6.57841e+199	0	1.03557e+200
9.40059	3.03193e+200	0	4.77284e+200
9.41058	1.40195e+201	0	2.20693e+201
9.42057	6.50368e+201	0	1.0238e+202
9.43056	3.02693e+202	0	4.76496e+202
9.44055	1.41339e+203	0	2.22495e+203
9.45054	6.62128e+203	0	1.04232e+204
9.46053	3.11202e+204	0	4.89891e+204
9.47052	1.46746e+205	0	2.31005e+205
9.48051	6.94242e+205	0	1.09287e+206
9.4905	3.2952e+206	0	5.18728e+206
9.50049	1.5692e+207	0	2.47023e+207
9.51048	7.49731e+207	0	1.18022e+208
9.52047	3.59386e+208	0	5.65742e+208
9.53046	1.72841e+209	0	2.72085e+209
9.54045	8.34e+209	0	1.31288e+210
9.55044	4.03756e+210	0	6.35589e+210
9.56043	1.96114e+211	0	3.0872e+211
9.57042	9.55726e+211	0	1.5045e+212
9.58041	4.67302e+212	0	7.35623e+212
9.5904	2.29246e+213	0	3.60877e+213
9.60039	1.12836e+214	0	1.77625e+214
9.61038	5.57233e+214	0	8.7719e+214
9.62037	2.76102e+215	0	4.34638e+215
9.63036	1.37262e+216	0	2.16076e+216
9.64035	6.84662e+216	0	1.07779e+217
9.65034	3.42651e+217	0	5.39398e+217
9.66033	1.72059e+218	0	2.70854e+218
9.67032	8.66876e+218	0	1.36463e+219
9.68031	4.38217e+219	0	6.89836e+219
9.6903	2.22267e+220	0	3.49891e+220
9.70029	1.13115e+221	0	1.78064e+221
9.71028	5.77591e+221	0	9.09239e+221
9.72027	2.95925e+222	0	4.65842e+222
9.73026	1.52126e+223	0	2.39475e+223
9.74025	7.84671e+223	0	1.23522e+224
9.75024	4.06103e+224	0	6.39283e+224
9.76023	2.10887e+225	0	3.31976e+225
9.77022	1.09883e+226	0	1.72977e+226
9.78021	5.74486e+226	0	9.04351e+226
9.7902	3.01369e+227	0	4.74413e+227
9.80019	1.58632e+228	0	2.49716e+228
9.81018	8.37824e+228	0	1.3189e+229
9.82017	4.44008e+229	0	6.98954e+229
9.83016	2.36105e+230	0	3.71674e+230
9.84015	1.25978e+231	0	1.98314e+231
9.85014	6.74476e+231	0	1.06175e+232
9.86013	3.62341e+232	0	5.70394e+232
9.87012	1.95321e+233	0	3.07473e+233
9.88011	1.05649e+234	0	1.66312e+234
9.8901	5.73412e+234	0	9.0266e+234
9.90009	3.12287e+235	0	4.916e+235
9.91008	1.70659e+236	0	2.6865e+236
9.92007	9.35824e+236	0	1.47317e+237
9.93006	5.14932e+237	0	8.10601e+237
9.94005	2.84314e+238	0	4.47564e+238
9.95004	1.57521e+239	0	2.47969e+239
9.96003	8.75744e+239	0	1.37859e+240
9.97002	4.88552e+240	0	7.69075e+240
9.98001	2.73491e+241	0	4.30528e+241
9.99	1.5363e+242	0	2.41843e+242
