0	0	0	0
0.00999	0.0297068	0.0297068	0.00998703
0.01998	0.0593607	0.0593607	0.0199563
0.02997	0.0889088	0.0889088	0.0298899
0.03996	0.118298	0.118298	0.0397704
0.04995	0.147477	0.147477	0.0495799
0.05994	0.176393	0.176393	0.0593011
0.06993	0.204995	0.204995	0.0689167
0.07992	0.233232	0.233232	0.0784094
0.08991	0.261053	0.261053	0.0877625
0.0999	0.288409	0.288409	0.0969593
0.10989	0.315252	0.315252	0.105983
0.11988	0.341533	0.341533	0.114819
0.12987	0.367206	0.367206	0.12345
0.13986	0.392225	0.392225	0.131861
0.14985	0.416546	0.416546	0.140037
0.15984	0.440126	0.440126	0.147965
0.16983	0.462923	0.462923	0.155628
0.17982	0.484896	0.484896	0.163016
0.18981	0.506007	0.506007	0.170113
0.1998	0.526218	0.526218	0.176908
0.20979	0.545494	0.545494	0.183388
0.21978	0.563801	0.563801	0.189542
0.22977	0.581105	0.581105	0.19536
0.23976	0.597378	0.597378	0.200831
0.24975	0.612591	0.612591	0.205945
0.25974	0.626716	0.626716	0.210693
0.26973	0.639729	0.639729	0.215068
0.27972	0.651608	0.651608	0.219062
0.28971	0.662332	0.662332	0.222667
0.2997	0.671883	0.671883	0.225878
0.30969	0.680245	0.680245	0.228689
0.31968	0.687402	0.687402	0.231095
0.32967	0.693343	0.693343	0.233093
0.33966	0.698059	0.698059	0.234678
0.34965	0.701542	0.701542	0.235849
0.35964	0.703787	0.703787	0.236604
0.36963	0.70479	0.70479	0.236941
0.37962	0.70455	0.70455	0.23686
0.38961	0.703069	0.703069	0.236362
0.3996	0.700351	0.700351	0.235449
0.40959	0.696402	0.696402	0.234121
0.41958	0.691229	0.691229	0.232382
0.42957	0.684843	0.684843	0.230235
0.43956	0.677256	0.677256	0.227684
0.44955	0.668482	0.668482	0.224735
0.45954	0.658539	0.658539	0.221392
0.46953	0.647446	0.647446	0.217663
0.47952	0.635222	0.635222	0.213553
0.48951	0.62189	0.62189	0.209071
0.4995	0.607477	0.607477	0.204225
0.50949	0.592007	0.592007	0.199025
0.51948	0.575509	0.575509	0.193478
0.52947	0.558014	0.558014	0.187597
0.53946	0.539553	0.539553	0.18139
0.54945	0.52016	0.52016	0.174871
0.55944	0.49987	0.49987	0.168049
0.56943	0.478719	0.478719	0.160939
0.57942	0.456746	0.456746	0.153552
0.58941	0.433989	0.433989	0.145901
0.5994	0.41049	0.41049	0.138001
0.60939	0.38629	0.38629	0.129866
0.61938	0.361432	0.361432	0.121509
0.62937	0.335959	0.335959	0.112945
0.63936	0.309917	0.309917	0.10419
0.64935	0.283351	0.283351	0.0952588
0.65934	0.256307	0.256307	0.0861669
0.66933	0.228831	0.228831	0.07693
0.67932	0.200972	0.200972	0.0675641
0.68931	0.172777	0.172777	0.0580852
0.6993	0.144293	0.144293	0.0485095
0.70929	0.11557	0.11557	0.0388531
0.71928	0.0866555	0.0866555	0.0291324
0.72927	0.0575979	0.0575979	0.0193636
0.73926	0.0284455	0.0284455	0.00956301
0.74925	-0.000753448	-0.000753448	-0.000253299
0.75924	-0.0299512	-0.0299512	-0.0100692
0.76923	-0.0591004	-0.0591004	-0.0198688
0.77922	-0.088154	-0.088154	-0.0296362
0.78921	-0.117066	-0.117066	-0.0393559
0.7992	-0.145789	-0.145789	-0.0490124
0.80919	-0.174281	-0.174281	-0.0585908
0.81918	-0.202495	-0.202495	-0.0680761
0.82917	-0.230389	-0.230389	-0.0774538
0.83916	-0.257922	-0.257922	-0.0867098
0.84915	-0.285051	-0.285051	-0.0958303
0.85914	-0.311737	-0.311737	-0.104802
0.86913	-0.337942	-0.337942	-0.113611
0.87912	-0.363627	-0.363627	-0.122247
0.88911	-0.388758	-0.388758	-0.130695
0.8991	-0.413299	-0.413299	-0.138945
0.90909	-0.437218	-0.437218	-0.146987
0.91908	-0.460483	-0.460483	-0.154808
0.92907	-0.483065	-0.483065	-0.1624
0.93906	-0.504935	-0.504935	-0.169752
0.94905	-0.526068	-0.526068	-0.176857
0.95904	-0.546438	-0.546438	-0.183705
0.96903	-0.566023	-0.566023	-0.190289
0.97902	-0.584802	-0.584802	-0.196603
0.98901	-0.602756	-0.602756	-0.202638
0.999	-0.619867	-0.619867	-0.208391
1.00899	-0.636119	-0.636119	-0.213855
1.01898	-0.651501	-0.651501	-0.219026
1.02897	-0.665999	-0.665999	-0.2239
1.03896	-0.679604	-0.679604	-0.228474
1.04895	-0.692308	-0.692308	-0.232745
1.05894	-0.704106	-0.704106	-0.236711
1.06893	-0.714993	-0.714993	-0.240371
1.07892	-0.724966	-0.724966	-0.243724
1.08891	-0.734026	-0.734026	-0.24677
1.0989	-0.742174	-0.742174	-0.249509
1.10889	-0.749412	-0.749412	-0.251942
1.11888	-0.755747	-0.755747	-0.254072
1.12887	-0.761183	-0.761183	-0.2559
1.13886	-0.76573	-0.76573	-0.257428
1.14885	-0.769397	-0.769397	-0.258661
1.15884	-0.772195	-0.772195	-0.259602
1.16883	-0.774138	-0.774138	-0.260255
1.17882	-0.775239	-0.775239	-0.260625
1.18881	-0.775515	-0.775515	-0.260718
1.1988	-0.774981	-0.774981	-0.260538
1.20879	-0.773657	-0.773657	-0.260093
1.21878	-0.771561	-0.771561	-0.259388
1.22877	-0.768714	-0.768714	-0.258431
1.23876	-0.765138	-0.765138	-0.257229
1.24875	-0.760855	-0.760855	-0.255789
1.25874	-0.755888	-0.755888	-0.254119
1.26873	-0.750261	-0.750261	-0.252228
1.27872	-0.744	-0.744	-0.250123
1.28871	-0.73713	-0.73713	-0.247813
1.2987	-0.729678	-0.729678	-0.245308
1.30869	-0.721669	-0.721669	-0.242615
1.31868	-0.713131	-0.713131	-0.239745
1.32867	-0.704091	-0.704091	-0.236706
1.33866	-0.694577	-0.694577	-0.233508
1.34865	-0.684618	-0.684618	-0.230159
1.35864	-0.674241	-0.674241	-0.226671
1.36863	-0.663474	-0.663474	-0.223051
1.37862	-0.652346	-0.652346	-0.21931
1.38861	-0.640884	-0.640884	-0.215457
1.3986	-0.629117	-0.629117	-0.211501
1.40859	-0.617072	-0.617072	-0.207451
1.41858	-0.604776	-0.604776	-0.203318
1.42857	-0.592258	-0.592258	-0.199109
1.43856	-0.579543	-0.579543	-0.194834
1.44855	-0.566657	-0.566657	-0.190503
1.45854	-0.553628	-0.553628	-0.186122
1.46853	-0.540479	-0.540479	-0.181702
1.47852	-0.527236	-0.527236	-0.17725
1.48851	-0.513923	-0.513923	-0.172774
1.4985	-0.500562	-0.500562	-0.168282
1.50849	-0.487178	-0.487178	-0.163783
1.51848	-0.47379	-0.47379	-0.159282
1.52847	-0.460422	-0.460422	-0.154788
1.53846	-0.447092	-0.447092	-0.150306
1.54845	-0.433821	-0.433821	-0.145845
1.55844	-0.420628	-0.420628	-0.141409
1.56843	-0.407529	-0.407529	-0.137006
1.57842	-0.394543	-0.394543	-0.13264
1.58841	-0.381684	-0.381684	-0.128317
1.5984	-0.368969	-0.368969	-0.124042
1.60839	-0.356411	-0.356411	-0.119821
1.61838	-0.344024	-0.344024	-0.115656
1.62837	-0.33182	-0.33182	-0.111553
1.63836	-0.319811	-0.319811	-0.107516
1.64835	-0.308008	-0.308008	-0.103548
1.65834	-0.29642	-0.29642	-0.0996524
1.66833	-0.285056	-0.285056	-0.095832
1.67832	-0.273924	-0.273924	-0.0920896
1.68831	-0.263032	-0.263032	-0.0884278
1.6983	-0.252385	-0.252385	-0.0848486
1.70829	-0.24199	-0.24199	-0.0813539
1.71828	-0.231851	-0.231851	-0.0779453
1.72827	-0.221972	-0.221972	-0.0746241
1.73826	-0.212357	-0.212357	-0.0713915
1.74825	-0.203007	-0.203007	-0.0682484
1.75824	-0.193926	-0.193926	-0.0651952
1.76823	-0.185113	-0.185113	-0.0622325
1.77822	-0.17657	-0.17657	-0.0593605
1.78821	-0.168297	-0.168297	-0.056579
1.7982	-0.160292	-0.160292	-0.053888
1.80819	-0.152555	-0.152555	-0.051287
1.81818	-0.145085	-0.145085	-0.0487755
1.82817	-0.137878	-0.137878	-0.0463527
1.83816	-0.130932	-0.130932	-0.0440177
1.84815	-0.124245	-0.124245	-0.0417696
1.85814	-0.117813	-0.117813	-0.0396072
1.86813	-0.111632	-0.111632	-0.0375292
1.87812	-0.105698	-0.105698	-0.0355342
1.88811	-0.100006	-0.100006	-0.0336207
1.8981	-0.0945524	-0.0945524	-0.0317872
1.90809	-0.0893315	-0.0893315	-0.0300321
1.91808	-0.0843384	-0.0843384	-0.0283534
1.92807	-0.0795677	-0.0795677	-0.0267496
1.93806	-0.0750139	-0.0750139	-0.0252187
1.94805	-0.0706714	-0.0706714	-0.0237588
1.95804	-0.0665344	-0.0665344	-0.022368
1.96803	-0.0625971	-0.0625971	-0.0210443
1.97802	-0.0588535	-0.0588535	-0.0197858
1.98801	-0.0552978	-0.0552978	-0.0185904
1.998	-0.0519239	-0.0519239	-0.0174561
2.00799	-0.048726	-0.048726	-0.016381
2.01798	-0.0456979	-0.0456979	-0.015363
2.02797	-0.0428339	-0.0428339	-0.0144002
2.03796	-0.040128	-0.040128	-0.0134905
2.04795	-0.0375745	-0.0375745	-0.0126321
2.05794	-0.0351677	-0.0351677	-0.0118229
2.06793	-0.0329019	-0.0329019	-0.0110612
2.07792	-0.0307717	-0.0307717	-0.010345
2.08791	-0.0287716	-0.0287716	-0.00967263
2.0979	-0.0268965	-0.0268965	-0.00904224
2.10789	-0.0251413	-0.0251413	-0.00845216
2.11788	-0.023501	-0.023501	-0.00790073
2.12787	-0.021971	-0.021971	-0.00738634
2.13786	-0.0205466	-0.0205466	-0.00690748
2.14785	-0.0192234	-0.0192234	-0.00646265
2.15784	-0.0179974	-0.0179974	-0.00605047
2.16783	-0.0168645	-0.0168645	-0.0056696
2.17782	-0.0158209	-0.0158209	-0.00531878
2.18781	-0.0148633	-0.0148633	-0.00499683
2.1978	-0.0139882	-0.0139882	-0.00470264
2.20779	-0.0131926	-0.0131926	-0.00443519
2.21778	-0.0124739	-0.0124739	-0.00419355
2.22777	-0.0118294	-0.0118294	-0.00397688
2.23776	-0.0112569	-0.0112569	-0.00378443
2.24775	-0.0107546	-0.0107546	-0.00361555
2.25774	-0.0103207	-0.0103207	-0.00346968
2.26773	-0.00995399	-0.00995399	-0.0033464
2.27772	-0.0096535	-0.0096535	-0.00324538
2.28771	-0.00941863	-0.00941863	-0.00316642
2.2977	-0.00924916	-0.00924916	-0.00310944
2.30769	-0.0091453	-0.0091453	-0.00307453
2.31768	-0.00910769	-0.00910769	-0.00306188
2.32767	-0.00913746	0	-0.00307189
2.33766	-0.00923624	0	-0.0031051
2.34765	-0.00940623	0	-0.00316225
2.35764	-0.00965022	0	-0.00324428
2.36763	-0.00997171	0	-0.00335235
2.37762	-0.0103749	0	-0.00348789
2.38761	-0.0108647	0	-0.00365258
2.3976	-0.0114472	0	-0.00384841
2.40759	-0.0121292	0	-0.00407768
2.41758	-0.0129187	0	-0.00434311
2.42757	-0.013825	0	-0.00464778
2.43756	-0.0148586	0	-0.00499528
2.44755	-0.0160318	0	-0.00538968
2.45754	-0.0173584	0	-0.00583566
2.46753	-0.0188543	0	-0.00633855
2.47752	-0.0205375	0	-0.00690442
2.48751	-0.0224285	0	-0.00754017
2.4975	-0.0245509	0	-0.00825367
2.50749	-0.026931	0	-0.00905384
2.51748	-0.0295991	0	-0.00995083
2.52747	-0.0325896	0	-0.0109562
2.53746	-0.0359413	0	-0.012083
2.54745	-0.0396987	0	-0.0133462
2.55744	-0.0439122	0	-0.0147627
2.56743	-0.0486392	0	-0.0163519
2.57742	-0.053945	0	-0.0181356
2.58741	-0.059904	0	-0.0201389
2.5974	-0.0666012	0	-0.0223904
2.60739	-0.0741332	0	-0.0249226
2.61738	-0.0826105	0	-0.0277725
2.62737	-0.0921594	0	-0.0309827
2.63736	-0.102924	0	-0.0346017
2.64735	-0.11507	0	-0.0386849
2.65734	-0.128785	0	-0.0432958
2.66733	-0.144287	0	-0.0485074
2.67732	-0.161824	0	-0.0544031
2.68731	-0.181682	0	-0.0610789
2.6973	-0.204187	0	-0.0686449
2.70729	-0.229717	0	-0.0772279
2.71728	-0.258707	0	-0.0869737
2.72727	-0.291654	0	-0.0980503
2.73726	-0.329137	0	-0.110652
2.74725	-0.371821	0	-0.125001
2.75724	-0.420472	0	-0.141357
2.76723	-0.475981	0	-0.160018
2.77722	-0.539376	0	-0.181331
2.78721	-0.611846	0	-0.205695
2.7972	-0.694775	0	-0.233574
2.80719	-0.789764	0	-0.265508
2.81718	-0.898675	0	-0.302123
2.82717	-1.02367	0	-0.344146
2.83716	-1.16728	0	-0.392424
2.84715	-1.33243	0	-0.447944
2.85714	-1.52254	0	-0.511858
2.86713	-1.74161	0	-0.585507
2.87712	-1.99431	0	-0.670461
2.88711	-2.2861	0	-0.768555
2.8971	-2.62336	0	-0.881937
2.90709	-3.01357	0	-1.01312
2.91708	-3.46553	0	-1.16506
2.92707	-3.98953	0	-1.34123
2.93706	-4.5977	0	-1.54568
2.94705	-5.30427	0	-1.78322
2.95704	-6.12602	0	-2.05949
2.96703	-7.08274	0	-2.38112
2.97702	-8.19774	0	-2.75597
2.98701	-9.49858	0	-3.1933
2.997	-11.0178	0	-3.70405
3.00699	-12.7941	0	-4.30119
3.01698	-14.8729	0	-5.00007
3.02697	-17.3085	0	-5.81889
3.03696	-20.1651	0	-6.77925
3.04695	-23.5192	0	-7.90684
3.05694	-27.4615	0	-9.23218
3.06693	-32.1001	0	-10.7916
3.07692	-37.5641	0	-12.6285
3.08691	-44.0072	0	-14.7946
3.0969	-51.613	0	-17.3516
3.10689	-60.6012	0	-20.3733
3.11688	-71.2347	0	-23.9482
3.12687	-83.8285	0	-28.182
3.13686	-98.7602	0	-33.2019
3.14685	-116.483	0	-39.1602
3.15684	-137.543	0	-46.2402
3.16683	-162.596	0	-54.6625
3.17682	-192.431	0	-64.6927
3.18681	-228.001	0	-76.6509
3.1968	-270.457	0	-90.9239
3.20679	-321.187	0	-107.979
3.21678	-381.874	0	-128.381
3.22677	-454.552	0	-152.814
3.23676	-541.69	0	-182.109
3.24675	-646.283	0	-217.272
3.25674	-771.971	0	-259.526
3.26673	-923.181	0	-310.361
3.27672	-1105.3	0	-371.588
3.28671	-1324.91	0	-445.417
3.2967	-1590.02	0	-534.544
3.30669	-1910.43	0	-642.262
3.31668	-2298.13	0	-772.602
3.32667	-2767.8	0	-930.496
3.33666	-3337.41	0	-1121.99
3.34665	-4029.06	0	-1354.52
3.35664	-4869.87	0	-1637.18
3.36663	-5893.2	0	-1981.22
3.37662	-7140.16	0	-2400.43
3.38661	-8661.4	0	-2911.85
3.3966	-10519.4	0	-3536.5
3.40659	-12791.6	0	-4300.36
3.41658	-15573.4	0	-5235.56
3.42657	-18983.3	0	-6381.92
3.43656	-23168	0	-7788.78
3.44655	-28309.9	0	-9517.42
3.45654	-34635.5	0	-11644
3.46653	-42426.7	0	-14263.3
3.47652	-52034.6	0	-17493.3
3.48651	-63897.3	0	-21481.4
3.4965	-78561.7	0	-26411.4
3.50649	-96711.8	0	-32513.2
3.51648	-119204	0	-40074.7
3.52647	-147110	0	-49456.4
3.53646	-181777	0	-61111
3.54645	-224895	0	-75606.8
3.55644	-278593	0	-93659.1
3.56643	-345546	0	-116168
3.57642	-429134	0	-144269
3.58641	-533618	0	-179395
3.5964	-664385	0	-223357
3.60639	-828253	0	-278448
3.61638	-1.03386e+006	0	-347570
3.62637	-1.29216e+006	0	-434407
3.63636	-1.61707e+006	0	-543638
3.64635	-2.02629e+006	0	-681211
3.65634	-2.54234e+006	0	-854701
3.66633	-3.19395e+006	0	-1.07376e+006
3.67632	-4.01778e+006	0	-1.35072e+006
3.68631	-5.06069e+006	0	-1.70133e+006
3.6963	-6.38261e+006	0	-2.14575e+006
3.70629	-8.06037e+006	0	-2.70979e+006
3.71628	-1.01925e+007	0	-3.42658e+006
3.72627	-1.29056e+007	0	-4.33868e+006
3.73626	-1.63623e+007	0	-5.50079e+006
3.74625	-2.07724e+007	0	-6.98339e+006
3.75624	-2.6406e+007	0	-8.87733e+006
3.76623	-3.3612e+007	0	-1.12999e+007
3.77622	-4.28414e+007	0	-1.44027e+007
3.78621	-5.46778e+007	0	-1.8382e+007
3.7962	-6.98779e+007	0	-2.3492e+007
3.80619	-8.94231e+007	0	-3.00629e+007
3.81618	-1.14589e+008	0	-3.85233e+007
3.82617	-1.47035e+008	0	-4.94312e+007
3.83616	-1.88923e+008	0	-6.35133e+007
3.84615	-2.43072e+008	0	-8.17176e+007
3.85614	-3.13166e+008	0	-1.05282e+008
3.86613	-4.04021e+008	0	-1.35827e+008
3.87612	-5.21946e+008	0	-1.75471e+008
3.88611	-6.75212e+008	0	-2.26997e+008
3.8961	-8.74679e+008	0	-2.94055e+008
3.90609	-1.13463e+009	0	-3.81446e+008
3.91608	-1.47385e+009	0	-4.9549e+008
3.92607	-1.91715e+009	0	-6.44519e+008
3.93606	-2.49721e+009	0	-8.39529e+008
3.94605	-3.2573e+009	0	-1.09506e+009
3.95604	-4.25464e+009	0	-1.43035e+009
3.96603	-5.56508e+009	0	-1.87091e+009
3.97602	-7.28931e+009	0	-2.45057e+009
3.98601	-9.56112e+009	0	-3.21432e+009
3.996	-1.25586e+010	0	-4.22202e+009
4.00599	-1.65189e+010	0	-5.55342e+009
4.01598	-2.17587e+010	0	-7.31498e+009
4.02597	-2.87011e+010	0	-9.64891e+009
4.03596	-3.79121e+010	0	-1.27455e+010
4.04595	-5.01502e+010	0	-1.68598e+010
4.05594	-6.64332e+010	0	-2.2334e+010
4.06593	-8.81286e+010	0	-2.96276e+010
4.07592	-1.17076e+011	0	-3.93594e+010
4.08591	-1.55755e+011	0	-5.23626e+010
4.0959	-2.07509e+011	0	-6.97616e+010
4.10589	-2.76858e+011	0	-9.30758e+010
4.11588	-3.69915e+011	0	-1.24361e+011
4.12587	-4.94966e+011	0	-1.66401e+011
4.13586	-6.63249e+011	0	-2.22976e+011
4.14585	-8.90038e+011	0	-2.99219e+011
4.15584	-1.19611e+012	0	-4.02117e+011
4.16583	-1.60979e+012	0	-5.41189e+011
4.17582	-2.1697e+012	0	-7.29423e+011
4.18581	-2.92864e+012	0	-9.84569e+011
4.1958	-3.95886e+012	0	-1.33091e+012
4.20579	-5.35936e+012	0	-1.80174e+012
4.21578	-7.266e+012	0	-2.44273e+012
4.22577	-9.86552e+012	0	-3.31666e+012
4.23576	-1.34149e+013	0	-4.50991e+012
4.24575	-1.82684e+013	0	-6.14158e+012
4.25574	-2.49148e+013	0	-8.37602e+012
4.26573	-3.40301e+013	0	-1.14405e+013
4.27572	-4.65497e+013	0	-1.56494e+013
4.28571	-6.37708e+013	0	-2.14389e+013
4.2957	-8.74939e+013	0	-2.94143e+013
4.30569	-1.20223e+014	0	-4.04174e+013
4.31568	-1.65444e+014	0	-5.56201e+013
4.32567	-2.28019e+014	0	-7.6657e+013
4.33566	-3.14738e+014	0	-1.05811e+014
4.34565	-4.35097e+014	0	-1.46274e+014
4.35564	-6.02397e+014	0	-2.02518e+014
4.36563	-8.35299e+014	0	-2.80816e+014
4.37562	-1.16002e+015	0	-3.89982e+014
4.38561	-1.61343e+015	0	-5.42415e+014
4.3956	-2.24752e+015	0	-7.55587e+014
4.40559	-3.13563e+015	0	-1.05416e+015
4.41558	-4.38142e+015	0	-1.47297e+015
4.42557	-6.13162e+015	0	-2.06137e+015
4.43556	-8.59425e+015	0	-2.88927e+015
4.44555	-1.20646e+016	0	-4.05597e+015
4.45554	-1.69627e+016	0	-5.70263e+015
4.46553	-2.38865e+016	0	-8.03031e+015
4.47552	-3.36889e+016	0	-1.13258e+016
4.48551	-4.75885e+016	0	-1.59986e+016
4.4955	-6.73282e+016	0	-2.26348e+016
4.50549	-9.54056e+016	0	-3.20741e+016
4.51548	-1.35405e+017	0	-4.55214e+016
4.52547	-1.92478e+017	0	-6.47085e+016
4.53546	-2.7404e+017	0	-9.21285e+016
4.54545	-3.90782e+017	0	-1.31376e+017
4.55544	-5.58142e+017	0	-1.8764e+017
4.56543	-7.98446e+017	0	-2.68427e+017
4.57542	-1.14403e+018	0	-3.84609e+017
4.58541	-1.64182e+018	0	-5.51959e+017
4.5954	-2.35998e+018	0	-7.93395e+017
4.60539	-3.39773e+018	0	-1.14227e+018
4.61538	-4.89966e+018	0	-1.6472e+018
4.62537	-7.0769e+018	0	-2.37916e+018
4.63536	-1.02381e+019	0	-3.44193e+018
4.64535	-1.48355e+019	0	-4.9875e+018
4.65534	-2.15322e+019	0	-7.23882e+018
4.66533	-3.13024e+019	0	-1.05235e+019
4.67532	-4.55801e+019	0	-1.53234e+019
4.68531	-6.64786e+019	0	-2.23492e+019
4.6953	-9.71175e+019	0	-3.26496e+019
4.70529	-1.4211e+020	0	-4.77755e+019
4.71528	-2.08288e+020	0	-7.00238e+019
4.72527	-3.05787e+020	0	-1.02802e+020
4.73526	-4.49666e+020	0	-1.51172e+020
4.74525	-6.62334e+020	0	-2.22668e+020
4.75524	-9.77199e+020	0	-3.28521e+020
4.76523	-1.44414e+021	0	-4.85501e+020
4.77522	-2.13775e+021	0	-7.18683e+020
4.78521	-3.16977e+021	0	-1.06564e+021
4.7952	-4.70786e+021	0	-1.58272e+021
4.80519	-7.00398e+021	0	-2.35464e+021
4.81518	-1.04374e+022	0	-3.50893e+021
4.82517	-1.55802e+022	0	-5.23784e+021
4.83516	-2.32959e+022	0	-7.83178e+021
4.84515	-3.48916e+022	0	-1.17301e+022
4.85514	-5.23472e+022	0	-1.75984e+022
4.86513	-7.86687e+022	0	-2.64474e+022
4.87512	-1.18426e+023	0	-3.98132e+022
4.88511	-1.78578e+023	0	-6.00357e+022
4.8951	-2.69743e+023	0	-9.0684e+022
4.90509	-4.08143e+023	0	-1.37212e+023
4.91508	-6.1861e+023	0	-2.07968e+023
4.92507	-9.39215e+023	0	-3.15751e+023
4.93506	-1.42843e+024	0	-4.80218e+023
4.94505	-2.17619e+024	0	-7.31607e+023
4.95504	-3.32112e+024	0	-1.11652e+024
4.96503	-5.07717e+024	0	-1.70688e+024
4.97502	-7.77517e+024	0	-2.61391e+024
4.98501	-1.19275e+025	0	-4.00988e+024
4.995	-1.83293e+025	0	-6.16205e+024
5.00499	-2.82159e+025	0	-9.48582e+024
5.01498	-4.35112e+025	0	-1.46279e+025
5.02497	-6.7215e+025	0	-2.25968e+025
5.03496	-1.04014e+026	0	-3.4968e+025
5.04495	-1.61241e+026	0	-5.42072e+025
5.05494	-2.50395e+026	0	-8.41793e+025
5.06493	-3.89527e+026	0	-1.30954e+026
5.07492	-6.07039e+026	0	-2.04078e+026
5.08491	-9.4768e+026	0	-3.18597e+026
5.0949	-1.4821e+027	0	-4.98261e+026
5.10489	-2.32199e+027	0	-7.80622e+026
5.11488	-3.64432e+027	0	-1.22517e+027
5.12487	-5.72987e+027	0	-1.92631e+027
5.13486	-9.02503e+027	0	-3.03409e+027
5.14485	-1.42406e+028	0	-4.78749e+027
5.15484	-2.25105e+028	0	-7.56772e+027
5.16483	-3.56468e+028	0	-1.1984e+028
5.17482	-5.65505e+028	0	-1.90115e+028
5.18481	-8.9874e+028	0	-3.02144e+028
5.1948	-1.43092e+029	0	-4.81056e+028
5.20479	-2.28235e+029	0	-7.67294e+028
5.21478	-3.64699e+029	0	-1.22607e+029
5.22477	-5.83814e+029	0	-1.9627e+029
5.23476	-9.36276e+029	0	-3.14763e+029
5.24475	-1.50426e+030	0	-5.05713e+029
5.25474	-2.42123e+030	0	-8.13985e+029
5.26473	-3.90429e+030	0	-1.31257e+030
5.27472	-6.3073e+030	0	-2.12043e+030
5.28471	-1.0208e+031	0	-3.4318e+030
5.2947	-1.65515e+031	0	-5.56439e+030
5.30469	-2.68864e+031	0	-9.03884e+030
5.31468	-4.37551e+031	0	-1.47099e+031
5.32467	-7.13391e+031	0	-2.39833e+031
5.33466	-1.16528e+032	0	-3.91752e+031
5.34465	-1.90695e+032	0	-6.41091e+031
5.35464	-3.12647e+032	0	-1.05108e+032
5.36463	-5.13545e+032	0	-1.72647e+032
5.37462	-8.45108e+032	0	-2.84114e+032
5.38461	-1.39334e+033	0	-4.68423e+032
5.3946	-2.30152e+033	0	-7.73742e+032
5.40459	-3.8088e+033	0	-1.28047e+033
5.41458	-6.31504e+033	0	-2.12303e+033
5.42457	-1.04901e+034	0	-3.52665e+033
5.43456	-1.74585e+034	0	-5.8693e+033
5.44455	-2.91106e+034	0	-9.78658e+033
5.45454	-4.86314e+034	0	-1.63492e+034
5.46453	-8.13966e+034	0	-2.73644e+034
5.47452	-1.36496e+035	0	-4.58882e+034
5.48451	-2.2933e+035	0	-7.70976e+034
5.4945	-3.86037e+035	0	-1.2978e+035
5.50449	-6.51067e+035	0	-2.1888e+035
5.51448	-1.10015e+036	0	-3.69857e+035
5.52447	-1.86257e+036	0	-6.26172e+035
5.53446	-3.15942e+036	0	-1.06215e+036
5.54445	-5.36952e+036	0	-1.80516e+036
5.55444	-9.14324e+036	0	-3.07384e+036
5.56443	-1.55992e+037	0	-5.24425e+036
5.57442	-2.66653e+037	0	-8.9645e+036
5.58441	-4.56698e+037	0	-1.53536e+037
5.5944	-7.8371e+037	0	-2.63473e+037
5.60439	-1.34749e+038	0	-4.53008e+037
5.61438	-2.32135e+038	0	-7.80406e+037
5.62437	-4.00684e+038	0	-1.34705e+038
5.63436	-6.92968e+038	0	-2.32966e+038
5.64435	-1.20081e+039	0	-4.03695e+038
5.65434	-2.0849e+039	0	-7.00915e+038
5.66433	-3.62702e+039	0	-1.21936e+039
5.67432	-6.32221e+039	0	-2.12544e+039
5.68431	-1.10419e+040	0	-3.71213e+039
5.6943	-1.9323e+040	0	-6.49614e+039
5.70429	-3.38818e+040	0	-1.13906e+040
5.71428	-5.95274e+040	0	-2.00123e+040
5.72427	-1.04792e+041	0	-3.52298e+040
5.73426	-1.84844e+041	0	-6.21421e+040
5.74425	-3.26697e+041	0	-1.09831e+041
5.75424	-5.78565e+041	0	-1.94506e+041
5.76423	-1.02666e+042	0	-3.45149e+041
5.77422	-1.82545e+042	0	-6.13692e+041
5.78421	-3.25225e+042	0	-1.09336e+042
5.7942	-5.80591e+042	0	-1.95187e+042
5.80419	-1.03856e+043	0	-3.49149e+042
5.81418	-1.86151e+043	0	-6.25814e+042
5.82417	-3.3433e+043	0	-1.12397e+043
5.83416	-6.0168e+043	0	-2.02277e+043
5.84415	-1.08501e+044	0	-3.64766e+043
5.85414	-1.96058e+044	0	-6.5912e+043
5.86413	-3.5499e+044	0	-1.19343e+044
5.87412	-6.44069e+044	0	-2.16527e+044
5.88411	-1.17094e+045	0	-3.93654e+044
5.8941	-2.13316e+045	0	-7.17139e+044
5.90409	-3.89404e+045	0	-1.30912e+045
5.91408	-7.12307e+045	0	-2.39468e+045
5.92407	-1.30565e+046	0	-4.38941e+045
5.93406	-2.39815e+046	0	-8.06226e+045
5.94405	-4.4139e+046	0	-1.48389e+046
5.95404	-8.14073e+046	0	-2.7368e+046
5.96403	-1.50453e+047	0	-5.05804e+046
5.97402	-2.78638e+047	0	-9.36742e+046
5.98401	-5.17104e+047	0	-1.73843e+047
5.994	-9.6165e+047	0	-3.23294e+047
6.00399	-1.79209e+048	0	-6.02477e+047
6.01398	-3.34663e+048	0	-1.12509e+048
6.02397	-6.2627e+048	0	-2.10543e+048
6.03396	-1.17442e+049	0	-3.94824e+048
6.04395	-2.20696e+049	0	-7.41949e+048
6.05394	-4.156e+049	0	-1.39719e+049
6.06393	-7.84276e+049	0	-2.63663e+049
6.07392	-1.48312e+050	0	-4.98605e+049
6.08391	-2.8106e+050	0	-9.44885e+049
6.0939	-5.3375e+050	0	-1.79439e+050
6.10389	-1.01577e+051	0	-3.41488e+050
6.11388	-1.93719e+051	0	-6.51256e+050
6.12387	-3.70228e+051	0	-1.24466e+051
6.13386	-7.09071e+051	0	-2.3838e+051
6.14385	-1.36093e+052	0	-4.57525e+051
6.15384	-2.61761e+052	0	-8.80004e+051
6.16383	-5.04547e+052	0	-1.69622e+052
6.17382	-9.74602e+052	0	-3.27648e+052
6.18381	-1.88661e+053	0	-6.34254e+052
6.1938	-3.65991e+053	0	-1.23041e+053
6.20379	-7.11525e+053	0	-2.39205e+053
6.21378	-1.38626e+054	0	-4.66042e+053
6.22377	-2.70667e+054	0	-9.09946e+053
6.23376	-5.29619e+054	0	-1.78051e+054
6.24375	-1.03856e+055	0	-3.49149e+054
6.25374	-2.04098e+055	0	-6.86148e+054
6.26373	-4.01964e+055	0	-1.35135e+055
6.27372	-7.93377e+055	0	-2.66723e+055
6.28371	-1.56934e+056	0	-5.27591e+055
6.2937	-3.11101e+056	0	-1.04588e+056
6.30369	-6.18063e+056	0	-2.07785e+056
6.31368	-1.23059e+057	0	-4.13709e+056
6.32367	-2.45553e+057	0	-8.25518e+056
6.33366	-4.91055e+057	0	-1.65086e+057
6.34365	-9.84166e+057	0	-3.30863e+057
6.35364	-1.9768e+058	0	-6.64572e+057
6.36363	-3.97935e+058	0	-1.3378e+058
6.37362	-8.02824e+058	0	-2.69899e+058
6.38361	-1.62326e+059	0	-5.45719e+058
6.3936	-3.28941e+059	0	-1.10586e+059
6.40359	-6.68052e+059	0	-2.2459e+059
6.41358	-1.35977e+060	0	-4.57138e+059
6.42357	-2.77389e+060	0	-9.32544e+059
6.43356	-5.67125e+060	0	-1.9066e+060
6.44355	-1.16208e+061	0	-3.90676e+060
6.45354	-2.38652e+061	0	-8.02315e+060
6.46353	-4.91207e+061	0	-1.65137e+061
6.47352	-1.0133e+062	0	-3.40658e+061
6.48351	-2.09501e+062	0	-7.04313e+061
6.4935	-4.3412e+062	0	-1.45945e+062
6.50349	-9.01594e+062	0	-3.03104e+062
6.51348	-1.87669e+063	0	-6.30916e+062
6.52347	-3.91519e+063	0	-1.31623e+063
6.53346	-8.18646e+063	0	-2.75218e+063
6.54345	-1.71563e+064	0	-5.76771e+063
6.55344	-3.60359e+064	0	-1.21148e+064
6.56343	-7.58636e+064	0	-2.55043e+064
6.57342	-1.60074e+065	0	-5.38146e+064
6.58341	-3.38529e+065	0	-1.13809e+065
6.5934	-7.17568e+065	0	-2.41237e+065
6.60339	-1.52448e+066	0	-5.12511e+065
6.61338	-3.24621e+066	0	-1.09133e+066
6.62337	-6.92829e+066	0	-2.3292e+066
6.63336	-1.48208e+067	0	-4.98256e+066
6.64335	-3.17773e+067	0	-1.06831e+067
6.65334	-6.82907e+067	0	-2.29584e+067
6.66333	-1.47098e+068	0	-4.94525e+067
6.67332	-3.17583e+068	0	-1.06767e+068
6.68331	-6.87243e+068	0	-2.31042e+068
6.6933	-1.49063e+069	0	-5.0113e+068
6.70329	-3.24068e+069	0	-1.08947e+069
6.71328	-7.06175e+069	0	-2.37407e+069
6.72327	-1.5424e+070	0	-5.18536e+069
6.73326	-3.37673e+070	0	-1.13521e+070
6.74325	-7.40982e+070	0	-2.49108e+070
6.75324	-1.6298e+071	0	-5.47917e+070
6.76323	-3.59316e+071	0	-1.20797e+071
6.77322	-7.94031e+071	0	-2.66943e+071
6.78321	-1.7588e+072	0	-5.91286e+071
6.7932	-3.90497e+072	0	-1.3128e+072
6.80319	-8.69043e+072	0	-2.92161e+072
6.81318	-1.9386e+073	0	-6.51731e+072
6.82317	-4.33471e+073	0	-1.45727e+073
6.83316	-9.71537e+073	0	-3.26618e+073
6.84315	-2.18266e+074	0	-7.33782e+073
6.85314	-4.91523e+074	0	-1.65243e+074
6.86313	-1.10951e+075	0	-3.73003e+074
6.87312	-2.51046e+075	0	-8.43982e+074
6.88311	-5.69388e+075	0	-1.91421e+075
6.8931	-1.29449e+076	0	-4.35191e+075
6.90309	-2.95004e+076	0	-9.91763e+075
6.91308	-6.73899e+076	0	-2.26556e+076
6.92307	-1.54313e+077	0	-5.18779e+076
6.93306	-3.54202e+077	0	-1.19078e+077
6.94305	-8.14973e+077	0	-2.73983e+077
6.95304	-1.87966e+078	0	-6.31918e+077
6.96303	-4.34573e+078	0	-1.46098e+078
6.97302	-1.00715e+079	0	-3.3859e+078
6.98301	-2.33977e+079	0	-7.866e+078
6.993	-5.44884e+079	0	-1.83183e+079
7.00299	-1.272e+080	0	-4.27629e+079
7.01298	-2.97662e+080	0	-1.0007e+080
7.02297	-6.98257e+080	0	-2.34744e+080
7.03296	-1.64196e+081	0	-5.52006e+080
7.04295	-3.87052e+081	0	-1.30122e+081
7.05294	-9.14609e+081	0	-3.07479e+081
7.06293	-2.16652e+082	0	-7.28354e+081
7.07292	-5.1446e+082	0	-1.72955e+082
7.08291	-1.22463e+083	0	-4.11705e+082
7.0929	-2.9223e+083	0	-9.82438e+082
7.10289	-6.99055e+083	0	-2.35013e+083
7.11288	-1.67635e+084	0	-5.63568e+083
7.12287	-4.02987e+084	0	-1.35479e+084
7.13286	-9.71152e+084	0	-3.26488e+084
7.14285	-2.34616e+085	0	-7.88746e+084
7.15284	-5.682e+085	0	-1.91021e+085
7.16283	-1.3795e+086	0	-4.63769e+085
7.17282	-3.35752e+086	0	-1.12875e+086
7.18281	-8.1921e+086	0	-2.75407e+086
7.1928	-2.00379e+087	0	-6.73648e+086
7.20279	-4.91351e+087	0	-1.65185e+087
7.21278	-1.20785e+088	0	-4.06064e+087
7.22277	-2.97661e+088	0	-1.0007e+088
7.23276	-7.35387e+088	0	-2.47227e+088
7.24275	-1.82137e+089	0	-6.1232e+088
7.25274	-4.5224e+089	0	-1.52037e+089
7.26273	-1.12572e+090	0	-3.78453e+089
7.27272	-2.80922e+090	0	-9.44424e+089
7.28271	-7.02806e+090	0	-2.36274e+090
7.2927	-1.7627e+091	0	-5.92598e+090
7.30269	-4.43221e+091	0	-1.49005e+091
7.31268	-1.11728e+092	0	-3.75613e+091
7.32267	-2.82358e+092	0	-9.49249e+091
7.33266	-7.15386e+092	0	-2.40503e+092
7.34265	-1.81712e+093	0	-6.10893e+092
7.35264	-4.62735e+093	0	-1.55565e+093
7.36263	-1.18137e+094	0	-3.97161e+093
7.37262	-3.02377e+094	0	-1.01655e+094
7.38261	-7.75923e+094	0	-2.60855e+094
7.3926	-1.99618e+095	0	-6.71088e+094
7.40259	-5.14863e+095	0	-1.7309e+095
7.41258	-1.33137e+096	0	-4.47587e+095
7.42257	-3.45158e+096	0	-1.16038e+096
7.43256	-8.97129e+096	0	-3.01603e+096
7.44255	-2.33781e+097	0	-7.85942e+096
7.45254	-6.10779e+097	0	-2.05336e+097
7.46253	-1.59985e+098	0	-5.37848e+097
7.47252	-4.20142e+098	0	-1.41246e+098
7.48251	-1.10621e+099	0	-3.71893e+098
7.4925	-2.92014e+099	0	-9.81712e+098
7.50249	-7.72853e+099	0	-2.59823e+099
7.51248	-2.05078e+100	0	-6.89444e+099
7.52247	-5.45594e+100	0	-1.83421e+100
7.53246	-1.4553e+101	0	-4.89252e+100
7.54245	-3.89195e+101	0	-1.30842e+101
7.55244	-1.04356e+102	0	-3.50831e+101
7.56243	-2.80545e+102	0	-9.43154e+101
7.57242	-7.56179e+102	0	-2.54217e+102
7.58241	-2.04355e+103	0	-6.87015e+102
7.5924	-5.53717e+103	0	-1.86152e+103
7.60239	-1.50429e+104	0	-5.05721e+103
7.61238	-4.09748e+104	0	-1.37752e+104
7.62237	-1.11905e+105	0	-3.76209e+104
7.63236	-3.06426e+105	0	-1.03016e+105
7.64235	-8.413e+105	0	-2.82834e+105
7.65234	-2.31593e+106	0	-7.78584e+105
7.66233	-6.39219e+106	0	-2.14897e+106
7.67232	-1.769e+107	0	-5.94713e+106
7.68231	-4.9086e+107	0	-1.65021e+107
7.6923	-1.36566e+108	0	-4.59118e+107
7.70229	-3.80966e+108	0	-1.28076e+108
7.71228	-1.06558e+109	0	-3.58235e+108
7.72227	-2.98846e+109	0	-1.00468e+109
7.73226	-8.40368e+109	0	-2.8252e+109
7.74225	-2.36948e+110	0	-7.96588e+109
7.75224	-6.69887e+110	0	-2.25207e+110
7.76223	-1.89896e+111	0	-6.38405e+110
7.77222	-5.39755e+111	0	-1.81459e+111
7.78221	-1.53832e+112	0	-5.17163e+111
7.7922	-4.39609e+112	0	-1.47791e+112
7.80219	-1.25967e+113	0	-4.23485e+112
7.81218	-3.61928e+113	0	-1.21675e+113
7.82217	-1.04271e+114	0	-3.50544e+113
7.83216	-3.01215e+114	0	-1.01265e+114
7.84215	-8.72509e+114	0	-2.93326e+114
7.85214	-2.53421e+115	0	-8.51966e+114
7.86213	-7.38065e+115	0	-2.48127e+115
7.87212	-2.15541e+116	0	-7.24618e+115
7.88211	-6.31171e+116	0	-2.12191e+116
7.8921	-1.85332e+117	0	-6.23061e+116
7.90209	-5.45682e+117	0	-1.83451e+117
7.91208	-1.61108e+118	0	-5.41624e+117
7.92207	-4.76964e+118	0	-1.60349e+118
7.93206	-1.41594e+119	0	-4.76019e+118
7.94205	-4.21497e+119	0	-1.41702e+119
7.95204	-1.25817e+120	0	-4.2298e+119
7.96203	-3.766e+120	0	-1.26608e+120
7.97202	-1.13036e+121	0	-3.80012e+120
7.98201	-3.40215e+121	0	-1.14376e+121
7.992	-1.02681e+122	0	-3.45199e+121
8.00199	-3.10761e+122	0	-1.04474e+122
8.01198	-9.43121e+122	0	-3.17065e+122
8.02197	-2.8702e+123	0	-9.64923e+122
8.03196	-8.75918e+123	0	-2.94472e+123
8.04195	-2.68054e+124	0	-9.01161e+123
8.05194	-8.22601e+124	0	-2.76547e+124
8.06193	-2.53144e+125	0	-8.51035e+124
8.07192	-7.81191e+125	0	-2.62626e+125
8.08191	-2.41747e+126	0	-8.1272e+125
8.0919	-7.50203e+126	0	-2.52208e+126
8.10189	-2.33461e+127	0	-7.84863e+126
8.11188	-7.28561e+127	0	-2.44933e+127
8.12187	-2.28002e+128	0	-7.66512e+127
8.13186	-7.15536e+128	0	-2.40554e+128
8.14185	-2.25189e+129	0	-7.57055e+128
8.15184	-7.107e+129	0	-2.38928e+129
8.16183	-2.24932e+130	0	-7.56191e+129
8.17182	-7.13909e+130	0	-2.40007e+130
8.18181	-2.27229e+131	0	-7.63912e+130
8.1918	-7.25293e+131	0	-2.43834e+131
8.20179	-2.32164e+132	0	-7.80504e+131
8.21178	-7.45262e+132	0	-2.50547e+132
8.22177	-2.39915e+133	0	-8.06563e+132
8.23176	-7.74538e+133	0	-2.60389e+133
8.24175	-2.50764e+134	0	-8.43034e+133
8.25174	-8.1419e+134	0	-2.7372e+134
8.26173	-2.65111e+135	0	-8.91267e+134
8.27172	-8.65706e+135	0	-2.91039e+135
8.28171	-2.83503e+136	0	-9.53098e+135
8.2917	-9.31083e+136	0	-3.13018e+136
8.30169	-3.06666e+137	0	-1.03097e+137
8.31168	-1.01296e+138	0	-3.40543e+137
8.32167	-3.35558e+138	0	-1.1281e+138
8.33166	-1.11479e+139	0	-3.74777e+138
8.34165	-3.71425e+139	0	-1.24868e+139
8.35164	-1.24109e+140	0	-4.17238e+139
8.36163	-4.15902e+140	0	-1.39821e+140
8.37162	-1.39777e+141	0	-4.6991e+140
8.38161	-4.71126e+141	0	-1.58386e+141
8.3916	-1.59257e+142	0	-5.35402e+141
8.40159	-5.39912e+142	0	-1.81511e+142
8.41158	-1.83573e+143	0	-6.17149e+142
8.42157	-6.2598e+143	0	-2.10446e+143
8.43156	-2.14081e+144	0	-7.1971e+143
8.44155	-7.34279e+144	0	-2.46855e+144
8.45154	-2.52589e+145	0	-8.49169e+144
8.46153	-8.71439e+145	0	-2.92966e+145
8.47152	-3.01531e+146	0	-1.01371e+146
8.48151	-1.0464e+147	0	-3.51787e+146
8.4915	-3.64202e+147	0	-1.2244e+147
8.50149	-1.27134e+148	0	-4.27407e+147
8.51148	-4.45101e+148	0	-1.49637e+148
8.52147	-1.56291e+149	0	-5.2543e+148
8.53146	-5.50417e+149	0	-1.85043e+149
8.54145	-1.94415e+150	0	-6.53599e+149
8.55144	-6.88737e+150	0	-2.31544e+150
8.56143	-2.44716e+151	0	-8.22701e+150
8.57142	-8.72081e+151	0	-2.93182e+151
8.58141	-3.11702e+152	0	-1.0479e+152
8.5914	-1.11741e+153	0	-3.75658e+152
8.60139	-4.01769e+153	0	-1.3507e+153
8.61138	-1.44888e+154	0	-4.87096e+153
8.62137	-5.24065e+154	0	-1.76184e+154
8.63136	-1.90122e+155	0	-6.39164e+154
8.64135	-6.91792e+155	0	-2.32571e+155
8.65134	-2.52475e+156	0	-8.48787e+155
8.66133	-9.2419e+156	0	-3.107e+156
8.67132	-3.39317e+157	0	-1.14074e+157
8.68131	-1.24955e+158	0	-4.20082e+157
8.6913	-4.61537e+158	0	-1.55163e+158
8.70129	-1.70988e+159	0	-5.74838e+158
8.71128	-6.35377e+159	0	-2.13605e+159
8.72127	-2.36814e+160	0	-7.96137e+159
8.73126	-8.85307e+160	0	-2.97628e+160
8.74125	-3.31965e+161	0	-1.11602e+161
8.75124	-1.24855e+162	0	-4.19744e+161
8.76123	-4.71012e+162	0	-1.58348e+162
8.77122	-1.78228e+163	0	-5.99179e+162
8.78121	-6.76454e+163	0	-2.27415e+163
8.7912	-2.57525e+164	0	-8.65766e+163
8.80119	-9.83384e+164	0	-3.306e+164
8.81118	-3.76659e+165	0	-1.26628e+165
8.82117	-1.4471e+166	0	-4.86496e+165
8.83116	-5.57666e+166	0	-1.8748e+166
8.84115	-2.15564e+167	0	-7.24698e+166
8.85114	-8.35811e+167	0	-2.80988e+167
8.86113	-3.25064e+168	0	-1.09282e+168
8.87112	-1.26813e+169	0	-4.26327e+168
8.88111	-4.96236e+169	0	-1.66828e+169
8.8911	-1.94782e+170	0	-6.54832e+169
8.90109	-7.66914e+170	0	-2.57826e+170
8.91108	-3.02887e+171	0	-1.01827e+171
8.92107	-1.19993e+172	0	-4.03399e+171
8.93106	-4.76836e+172	0	-1.60306e+172
8.94105	-1.90075e+173	0	-6.39007e+172
8.95104	-7.60021e+173	0	-2.55509e+173
8.96103	-3.04839e+174	0	-1.02483e+174
8.97102	-1.22649e+175	0	-4.12328e+174
8.98101	-4.94996e+175	0	-1.66411e+175
8.991	-2.00397e+176	0	-6.73708e+175
9.00099	-8.13827e+176	0	-2.73598e+176
9.01098	-3.31532e+177	0	-1.11457e+177
9.02097	-1.35479e+178	0	-4.55462e+177
9.03096	-5.5536e+178	0	-1.86705e+178
9.04095	-2.28368e+179	0	-7.67742e+178
9.05094	-9.42005e+179	0	-3.16689e+179
9.06093	-3.89791e+180	0	-1.31042e+180
9.07092	-1.61797e+181	0	-5.43941e+180
9.08091	-6.73713e+181	0	-2.26493e+181
9.0909	-2.81412e+182	0	-9.46069e+181
9.10089	-1.17917e+183	0	-3.96421e+182
9.11088	-4.95653e+183	0	-1.66632e+183
9.12087	-2.09001e+184	0	-7.02632e+183
9.13086	-8.84074e+184	0	-2.97214e+184
9.14085	-3.75147e+185	0	-1.26119e+185
9.15084	-1.59694e+186	0	-5.36869e+185
9.16083	-6.81945e+186	0	-2.29261e+186
9.17082	-2.92138e+187	0	-9.82128e+186
9.18081	-1.25546e+188	0	-4.2207e+187
9.1908	-5.41252e+188	0	-1.81962e+188
9.20079	-2.34086e+189	0	-7.86967e+188
9.21078	-1.01563e+190	0	-3.41441e+189
9.22077	-4.42057e+190	0	-1.48614e+190
9.23076	-1.93022e+191	0	-6.48914e+190
9.24075	-8.45518e+191	0	-2.84252e+191
9.25074	-3.71558e+192	0	-1.24913e+192
9.26073	-1.63803e+193	0	-5.50683e+192
9.27072	-7.24448e+193	0	-2.4355e+193
9.28071	-3.21429e+194	0	-1.0806e+194
9.2907	-1.43073e+195	0	-4.80994e+194
9.30069	-6.38893e+195	0	-2.14787e+195
9.31068	-2.86217e+196	0	-9.62222e+195
9.32067	-1.28635e+197	0	-4.32455e+196
9.33066	-5.79998e+197	0	-1.94988e+197
9.34065	-2.62358e+198	0	-8.82014e+197
9.35064	-1.1906e+199	0	-4.00265e+198
9.36063	-5.42055e+199	0	-1.82232e+199
9.37062	-2.47586e+200	0	-8.32352e+199
9.38061	-1.13453e+201	0	-3.81415e+200
9.3906	-5.21577e+201	0	-1.75347e+201
9.40059	-2.40563e+202	0	-8.08742e+201
9.41058	-1.11315e+203	0	-3.74226e+202
9.42057	-5.16763e+203	0	-1.73729e+203
9.43056	-2.40683e+204	0	-8.09143e+203
9.44055	-1.12465e+205	0	-3.78091e+204
9.45054	-5.27235e+205	0	-1.77249e+205
9.46053	-2.47978e+206	0	-8.33669e+205
9.47052	-1.17016e+207	0	-3.9339e+206
9.48051	-5.53983e+207	0	-1.86242e+207
9.4905	-2.63132e+208	0	-8.84616e+207
9.50049	-1.25394e+209	0	-4.21559e+208
9.51048	-5.99527e+209	0	-2.01553e+209
9.52047	-2.87587e+210	0	-9.66828e+209
9.53046	-1.38407e+211	0	-4.65307e+210
9.54045	-6.68315e+211	0	-2.24679e+211
9.55044	-3.2377e+212	0	-1.08847e+212
9.56043	-1.57372e+213	0	-5.29064e+212
9.57042	-7.67458e+213	0	-2.58009e+213
9.58041	-3.75509e+214	0	-1.26241e+214
9.5904	-1.84342e+215	0	-6.19733e+214
9.60039	-9.07966e+215	0	-3.05246e+215
9.61038	-4.48701e+216	0	-1.50847e+216
9.62037	-2.22479e+217	0	-7.47944e+216
9.63036	-1.10679e+218	0	-3.72089e+217
9.64035	-5.52446e+218	0	-1.85725e+218
9.65034	-2.7667e+219	0	-9.30128e+218
9.66033	-1.39022e+220	0	-4.67374e+219
9.67032	-7.00903e+220	0	-2.35634e+220
9.68031	-3.54556e+221	0	-1.19197e+221
9.6903	-1.79956e+222	0	-6.04987e+221
9.70029	-9.16437e+222	0	-3.08094e+222
9.71028	-4.6827e+223	0	-1.57426e+223
9.72027	-2.40077e+224	0	-8.07105e+223
9.73026	-1.23499e+225	0	-4.15187e+224
9.74025	-6.37439e+225	0	-2.14298e+225
9.75024	-3.30124e+226	0	-1.10983e+226
9.76023	-1.71546e+227	0	-5.76715e+226
9.77022	-8.94439e+227	0	-3.00698e+227
9.78021	-4.67938e+228	0	-1.57315e+228
9.7902	-2.45638e+229	0	-8.25802e+228
9.80019	-1.29382e+230	0	-4.34965e+229
9.81018	-6.83792e+230	0	-2.29882e+230
9.82017	-3.62617e+231	0	-1.21907e+231
9.83016	-1.92951e+232	0	-6.48677e+231
9.84015	-1.03021e+233	0	-3.46342e+232
9.85014	-5.51924e+233	0	-1.85549e+233
9.86013	-2.96698e+234	0	-9.97457e+233
9.87012	-1.60041e+235	0	-5.38035e+234
9.88011	-8.66221e+235	0	-2.91212e+235
9.8901	-4.70448e+236	0	-1.58158e+236
9.90009	-2.56378e+237	0	-8.61909e+236
9.91008	-1.40197e+238	0	-4.71322e+237
9.92007	-7.69277e+238	0	-2.58621e+238
9.93006	-4.23563e+239	0	-1.42396e+239
9.94005	-2.34016e+240	0	-7.8673e+239
9.95004	-1.29738e+241	0	-4.36161e+240
9.96003	-7.21741e+241	0	-2.4264e+241
9.97002	-4.02897e+242	0	-1.35448e+242
9.98001	-2.25685e+243	0	-7.58723e+242
9.99	-1.26856e+244	0	-4.26474e+243
