0	0	0	0
0.00999	0.0369386	0.0369386	0.00998467
0.01998	0.0737589	0.0737589	0.0199374
0.02997	0.110343	0.110343	0.0298263
0.03996	0.146574	0.146574	0.0396198
0.04995	0.182336	0.182336	0.0492864
0.05994	0.217515	0.217515	0.0587954
0.06993	0.251998	0.251998	0.0681162
0.07992	0.285674	0.285674	0.077219
0.08991	0.318436	0.318436	0.0860748
0.0999	0.350179	0.350179	0.0946552
0.10989	0.380802	0.380802	0.102933
0.11988	0.410207	0.410207	0.110881
0.12987	0.4383	0.4383	0.118475
0.13986	0.464991	0.464991	0.125689
0.14985	0.490194	0.490194	0.132502
0.15984	0.51383	0.51383	0.138891
0.16983	0.535823	0.535823	0.144836
0.17982	0.556103	0.556103	0.150317
0.18981	0.574605	0.574605	0.155319
0.1998	0.591271	0.591271	0.159823
0.20979	0.606046	0.606046	0.163817
0.21978	0.618886	0.618886	0.167288
0.22977	0.629748	0.629748	0.170224
0.23976	0.638599	0.638599	0.172616
0.24975	0.64541	0.64541	0.174457
0.25974	0.65016	0.65016	0.175741
0.26973	0.652835	0.652835	0.176465
0.27972	0.653427	0.653427	0.176624
0.28971	0.651933	0.651933	0.176221
0.2997	0.64836	0.64836	0.175255
0.30969	0.64272	0.64272	0.17373
0.31968	0.63503	0.63503	0.171652
0.32967	0.625317	0.625317	0.169026
0.33966	0.613611	0.613611	0.165862
0.34965	0.599951	0.599951	0.16217
0.35964	0.584382	0.584382	0.157961
0.36963	0.566952	0.566952	0.15325
0.37962	0.547719	0.547719	0.148051
0.38961	0.526744	0.526744	0.142382
0.3996	0.504095	0.504095	0.136259
0.40959	0.479845	0.479845	0.129704
0.41958	0.454071	0.454071	0.122738
0.42957	0.426857	0.426857	0.115381
0.43956	0.398288	0.398288	0.107659
0.44955	0.368457	0.368457	0.0995956
0.45954	0.337458	0.337458	0.0912166
0.46953	0.305391	0.305391	0.0825488
0.47952	0.272358	0.272358	0.0736198
0.48951	0.238464	0.238464	0.064458
0.4995	0.203817	0.203817	0.0550926
0.50949	0.168526	0.168526	0.0455533
0.51948	0.132703	0.132703	0.0358703
0.52947	0.0964625	0.0964625	0.0260743
0.53946	0.059918	0.059918	0.0161961
0.54945	0.023185	0.023185	0.00626701
0.55944	-0.0136209	-0.0136209	-0.00368181
0.56943	-0.0503841	-0.0503841	-0.0136191
0.57942	-0.0869893	-0.0869893	-0.0235136
0.58941	-0.123322	-0.123322	-0.0333345
0.5994	-0.159269	-0.159269	-0.0430511
0.60939	-0.194717	-0.194717	-0.0526331
0.61938	-0.229558	-0.229558	-0.0620508
0.62937	-0.263684	-0.263684	-0.071275
0.63936	-0.296988	-0.296988	-0.0802773
0.64935	-0.329369	-0.329369	-0.08903
0.65934	-0.360727	-0.360727	-0.0975062
0.66933	-0.390967	-0.390967	-0.10568
0.67932	-0.419996	-0.419996	-0.113527
0.68931	-0.447727	-0.447727	-0.121023
0.6993	-0.474078	-0.474078	-0.128145
0.70929	-0.498968	-0.498968	-0.134873
0.71928	-0.522324	-0.522324	-0.141187
0.72927	-0.544077	-0.544077	-0.147067
0.73926	-0.564164	-0.564164	-0.152496
0.74925	-0.582527	-0.582527	-0.15746
0.75924	-0.599113	-0.599113	-0.161943
0.76923	-0.613875	-0.613875	-0.165933
0.77922	-0.626774	-0.626774	-0.16942
0.78921	-0.637774	-0.637774	-0.172393
0.7992	-0.646846	-0.646846	-0.174846
0.80919	-0.653969	-0.653969	-0.176771
0.81918	-0.659125	-0.659125	-0.178165
0.82917	-0.662305	-0.662305	-0.179024
0.83916	-0.663505	-0.663505	-0.179349
0.84915	-0.662726	-0.662726	-0.179138
0.85914	-0.659977	-0.659977	-0.178395
0.86913	-0.655272	-0.655272	-0.177123
0.87912	-0.648631	-0.648631	-0.175328
0.88911	-0.640081	-0.640081	-0.173017
0.8991	-0.629652	-0.629652	-0.170198
0.90909	-0.617382	-0.617382	-0.166881
0.91908	-0.603313	-0.603313	-0.163078
0.92907	-0.587493	-0.587493	-0.158802
0.93906	-0.569974	-0.569974	-0.154067
0.94905	-0.550814	-0.550814	-0.148888
0.95904	-0.530075	-0.530075	-0.143282
0.96903	-0.507822	-0.507822	-0.137267
0.97902	-0.484125	-0.484125	-0.130861
0.98901	-0.459058	-0.459058	-0.124086
0.999	-0.432698	-0.432698	-0.11696
1.00899	-0.405126	-0.405126	-0.109507
1.01898	-0.376423	-0.376423	-0.101749
1.02897	-0.346677	-0.346677	-0.0937084
1.03896	-0.315973	-0.315973	-0.0854092
1.04895	-0.284403	-0.284403	-0.0768755
1.05894	-0.252057	-0.252057	-0.0681322
1.06893	-0.219027	-0.219027	-0.059204
1.07892	-0.185406	-0.185406	-0.0501162
1.08891	-0.151289	-0.151289	-0.0408941
1.0989	-0.116769	-0.116769	-0.0315632
1.10889	-0.08194	-0.08194	-0.0221488
1.11888	-0.0468961	-0.0468961	-0.0126762
1.12887	-0.0117297	-0.0117297	-0.0031706
1.13886	0.0234671	0.0234671	0.00634326
1.14885	0.0586037	0.0586037	0.0158409
1.15884	0.0935912	0.0935912	0.0252982
1.16883	0.128342	0.128342	0.0346916
1.17882	0.162772	0.162772	0.0439981
1.18881	0.196798	0.196798	0.0531954
1.1988	0.230339	0.230339	0.0622617
1.20879	0.263319	0.263319	0.0711763
1.21878	0.295662	0.295662	0.0799189
1.22877	0.327299	0.327299	0.0884705
1.23876	0.358161	0.358161	0.0968126
1.24875	0.388184	0.388184	0.104928
1.25874	0.417308	0.417308	0.1128
1.26873	0.445475	0.445475	0.120414
1.27872	0.472635	0.472635	0.127755
1.28871	0.498737	0.498737	0.134811
1.2987	0.523737	0.523737	0.141569
1.30869	0.547596	0.547596	0.148018
1.31868	0.570276	0.570276	0.154148
1.32867	0.591747	0.591747	0.159952
1.33866	0.611979	0.611979	0.165421
1.34865	0.630952	0.630952	0.170549
1.35864	0.648644	0.648644	0.175332
1.36863	0.665041	0.665041	0.179764
1.37862	0.680133	0.680133	0.183843
1.38861	0.693912	0.693912	0.187568
1.3986	0.706376	0.706376	0.190937
1.40859	0.717527	0.717527	0.193951
1.41858	0.727368	0.727368	0.196611
1.42857	0.73591	0.73591	0.19892
1.43856	0.743164	0.743164	0.200881
1.44855	0.749145	0.749145	0.202498
1.45854	0.753873	0.753873	0.203775
1.46853	0.757369	0.757369	0.204721
1.47852	0.759659	0.759659	0.205339
1.48851	0.760769	0.760769	0.20564
1.4985	0.760731	0.760731	0.205629
1.50849	0.759577	0.759577	0.205317
1.51848	0.757342	0.757342	0.204713
1.52847	0.754062	0.754062	0.203827
1.53846	0.749776	0.749776	0.202668
1.54845	0.744525	0.744525	0.201249
1.55844	0.738351	0.738351	0.19958
1.56843	0.731296	0.731296	0.197673
1.57842	0.723404	0.723404	0.19554
1.58841	0.714721	0.714721	0.193193
1.5984	0.705293	0.705293	0.190644
1.60839	0.695165	0.695165	0.187906
1.61838	0.684383	0.684383	0.184992
1.62837	0.672996	0.672996	0.181914
1.63836	0.661049	0.661049	0.178685
1.64835	0.648589	0.648589	0.175317
1.65834	0.635662	0.635662	0.171822
1.66833	0.622314	0.622314	0.168214
1.67832	0.60859	0.60859	0.164505
1.68831	0.594534	0.594534	0.160705
1.6983	0.580191	0.580191	0.156828
1.70829	0.565602	0.565602	0.152885
1.71828	0.550809	0.550809	0.148886
1.72827	0.535853	0.535853	0.144844
1.73826	0.520773	0.520773	0.140767
1.74825	0.505606	0.505606	0.136668
1.75824	0.490389	0.490389	0.132554
1.76823	0.475156	0.475156	0.128437
1.77822	0.459941	0.459941	0.124324
1.78821	0.444775	0.444775	0.120225
1.7982	0.429689	0.429689	0.116147
1.80819	0.414711	0.414711	0.112099
1.81818	0.399869	0.399869	0.108086
1.82817	0.385186	0.385186	0.104118
1.83816	0.370687	0.370687	0.100198
1.84815	0.356393	0.356393	0.0963347
1.85814	0.342324	0.342324	0.0925318
1.86813	0.328499	0.328499	0.0887949
1.87812	0.314935	0.314935	0.0851284
1.88811	0.301646	0.301646	0.0815365
1.8981	0.288647	0.288647	0.0780228
1.90809	0.27595	0.27595	0.0745905
1.91808	0.263564	0.263564	0.0712426
1.92807	0.251499	0.251499	0.0679814
1.93806	0.239763	0.239763	0.0648091
1.94805	0.228362	0.228362	0.0617273
1.95804	0.217301	0.217301	0.0587375
1.96803	0.206583	0.206583	0.0558405
1.97802	0.196212	0.196212	0.0530372
1.98801	0.186189	0.186189	0.0503278
1.998	0.176514	0.176514	0.0477125
2.00799	0.167186	0.167186	0.0451911
2.01798	0.158204	0.158204	0.0427632
2.02797	0.149565	0.149565	0.0404281
2.03796	0.141266	0.141266	0.0381849
2.04795	0.133303	0.133303	0.0360324
2.05794	0.125671	0.125671	0.0339695
2.06793	0.118365	0.118365	0.0319945
2.07792	0.111378	0.111378	0.030106
2.08791	0.104704	0.104704	0.0283021
2.0979	0.0983367	0.0983367	0.0265809
2.10789	0.0922678	0.0922678	0.0249405
2.11788	0.0864899	0.0864899	0.0233786
2.12787	0.0809947	0.0809947	0.0218933
2.13786	0.0757741	0.0757741	0.0204821
2.14785	0.0708192	0.0708192	0.0191428
2.15784	0.0661216	0.0661216	0.017873
2.16783	0.0616722	0.0616722	0.0166703
2.17782	0.0574621	0.0574621	0.0155323
2.18781	0.0534822	0.0534822	0.0144565
2.1978	0.0497236	0.0497236	0.0134405
2.20779	0.0461771	0.0461771	0.0124819
2.21778	0.0428337	0.0428337	0.0115782
2.22777	0.0396845	0.0396845	0.0107269
2.23776	0.0367206	0.0367206	0.00992575
2.24775	0.0339332	0.0339332	0.0091723
2.25774	0.0313136	0.0313136	0.00846421
2.26773	0.0288533	0.0288533	0.00779918
2.27772	0.0265439	0.0265439	0.00717495
2.28771	0.0243772	0.0243772	0.00658928
2.2977	0.0223452	0.0223452	0.00604001
2.30769	0.0204398	0.0204398	0.00552499
2.31768	0.0186535	0.0186535	0.00504213
2.32767	0.0169786	0.0169786	0.00458941
2.33766	0.0154078	0.0154078	0.00416481
2.34765	0.0139339	0.0139339	0.00376639
2.35764	0.0125497	0.0125497	0.00339224
2.36763	0.0112484	0.0112484	0.0030405
2.37762	0.0100233	0.0100233	0.00270934
2.38761	0.0088676	0.0088676	0.00239696
2.3976	0.00777487	0.00777487	0.00210159
2.40759	0.00673865	0.00673865	0.00182149
2.41758	0.00575254	0.00575254	0.00155494
2.42757	0.00481021	0.00481021	0.00130022
2.43756	0.00390532	0.00390532	0.00105563
2.44755	0.00303153	0.00303153	0.000819436
2.45754	0.0021824	0.0021824	0.000589913
2.46753	0.00135142	0.00135142	0.000365296
2.47752	0.000531923	0.000531923	0.000143781
2.48751	-0.000282975	0	-7.64895e-005
2.4975	-0.00110041	0	-0.000297447
2.50749	-0.00192787	0	-0.000521112
2.51748	-0.00277322	0	-0.000749614
2.52747	-0.00364484	0	-0.000985219
2.53746	-0.00455172	0	-0.00123035
2.54745	-0.00550351	0	-0.00148763
2.55744	-0.00651072	0	-0.00175988
2.56743	-0.00758482	0	-0.00205021
2.57742	-0.00873842	0	-0.00236204
2.58741	-0.00998541	0	-0.00269911
2.5974	-0.0113413	0	-0.0030656
2.60739	-0.0128232	0	-0.00346616
2.61738	-0.0144503	0	-0.003906
2.62737	-0.0162444	0	-0.00439095
2.63736	-0.0182297	0	-0.00492758
2.64735	-0.0204337	0	-0.00552332
2.65734	-0.0228874	0	-0.00618656
2.66733	-0.025626	0	-0.00692683
2.67732	-0.0286896	0	-0.00775494
2.68731	-0.0321238	0	-0.00868322
2.6973	-0.0359805	0	-0.00972571
2.70729	-0.0403191	0	-0.0108984
2.71728	-0.0452074	0	-0.0122198
2.72727	-0.0507231	0	-0.0137107
2.73726	-0.0569554	0	-0.0153953
2.74725	-0.0640066	0	-0.0173013
2.75724	-0.0719941	0	-0.0194604
2.76723	-0.0810533	0	-0.0219091
2.77722	-0.09134	0	-0.0246896
2.78721	-0.103034	0	-0.0278505
2.7972	-0.116342	0	-0.0314478
2.80719	-0.131504	0	-0.0355462
2.81718	-0.148797	0	-0.0402206
2.82717	-0.168542	0	-0.0455578
2.83716	-0.191111	0	-0.0516583
2.84715	-0.216935	0	-0.0586386
2.85714	-0.246515	0	-0.0666341
2.86713	-0.280432	0	-0.0758022
2.87712	-0.319365	0	-0.0863259
2.88711	-0.364102	0	-0.0984186
2.8971	-0.415563	0	-0.112329
2.90709	-0.474822	0	-0.128347
2.91708	-0.543133	0	-0.146812
2.92707	-0.621962	0	-0.168119
2.93706	-0.713025	0	-0.192734
2.94705	-0.818334	0	-0.2212
2.95704	-0.940249	0	-0.254154
2.96703	-1.08154	0	-0.292345
2.97702	-1.24546	0	-0.336653
2.98701	-1.43584	0	-0.388114
2.997	-1.65719	0	-0.447946
3.00699	-1.91483	0	-0.517588
3.01698	-2.21503	0	-0.598734
3.02697	-2.56521	0	-0.69339
3.03696	-2.97414	0	-0.803925
3.04695	-3.45219	0	-0.933145
3.05694	-4.01167	0	-1.08437
3.06693	-4.66716	0	-1.26156
3.07692	-5.43599	0	-1.46937
3.08691	-6.33876	0	-1.7134
3.0969	-7.39998	0	-2.00025
3.10689	-8.64885	0	-2.33783
3.11688	-10.1202	0	-2.73554
3.12687	-11.8556	0	-3.20463
3.13686	-13.9048	0	-3.75853
3.14685	-16.3272	0	-4.41331
3.15684	-19.1939	0	-5.18822
3.16683	-22.5905	0	-6.10633
3.17682	-26.6194	0	-7.19534
3.18681	-31.4036	0	-8.48855
3.1968	-37.0914	0	-10.026
3.20679	-43.8612	0	-11.8559
3.21678	-51.9279	0	-14.0364
3.22677	-61.5513	0	-16.6376
3.23676	-73.0449	0	-19.7444
3.24675	-86.788	0	-23.4592
3.25674	-103.24	0	-27.9063
3.26673	-122.958	0	-33.2362
3.27672	-146.618	0	-39.6315
3.28671	-175.041	0	-47.3143
3.2967	-209.225	0	-56.5546
3.30669	-250.389	0	-67.6813
3.31668	-300.013	0	-81.0951
3.32667	-359.91	0	-97.2854
3.33666	-432.29	0	-116.85
3.34665	-519.859	0	-140.52
3.35664	-625.932	0	-169.192
3.36663	-754.572	0	-203.964
3.37662	-910.767	0	-246.185
3.38661	-1100.65	0	-297.51
3.3966	-1331.76	0	-359.98
3.40659	-1613.38	0	-436.106
3.41658	-1956.99	0	-528.985
3.42657	-2376.73	0	-642.442
3.43656	-2890.09	0	-781.206
3.44655	-3518.72	0	-951.128
3.45654	-4289.45	0	-1159.46
3.46653	-5235.55	0	-1415.19
3.47652	-6398.35	0	-1729.51
3.48651	-7829.27	0	-2116.29
3.4965	-9592.3	0	-2592.85
3.50649	-11767.2	0	-3180.73
3.51648	-14453.6	0	-3906.87
3.52647	-17775.8	0	-4804.88
3.53646	-21889.5	0	-5916.83
3.54645	-26989.6	0	-7295.42
3.55644	-33320.6	0	-9006.73
3.56643	-41189.6	0	-11133.8
3.57642	-50982.4	0	-13780.8
3.58641	-63184.8	0	-17079.2
3.5964	-78409	0	-21194.3
3.60639	-97427.5	0	-26335.1
3.61638	-121216	0	-32765.3
3.62637	-151010	0	-40818.7
3.63636	-188372	0	-50917.8
3.64635	-235285	0	-63598.6
3.65634	-294266	0	-79541.6
3.66633	-368517	0	-99611.9
3.67632	-462110	0	-124911
3.68631	-580239	0	-156841
3.6963	-729529	0	-197195
3.70629	-918445	0	-248260
3.71628	-1.15782e+006	0	-312964
3.72627	-1.46153e+006	0	-395058
3.73626	-1.84736e+006	0	-499351
3.74625	-2.33818e+006	0	-632022
3.75624	-2.96337e+006	0	-801014
3.76623	-3.76078e+006	0	-1.01656e+006
3.77622	-4.77919e+006	0	-1.29184e+006
3.78621	-6.08158e+006	0	-1.64388e+006
3.7962	-7.74937e+006	0	-2.09469e+006
3.80619	-9.88793e+006	0	-2.67276e+006
3.81618	-1.26338e+007	0	-3.41498e+006
3.82617	-1.61642e+007	0	-4.36927e+006
3.83616	-2.07094e+007	0	-5.59786e+006
3.84615	-2.6569e+007	0	-7.18174e+006
3.85614	-3.41334e+007	0	-9.22641e+006
3.86613	-4.39116e+007	0	-1.18695e+007
3.87612	-5.65689e+007	0	-1.52908e+007
3.88611	-7.29752e+007	0	-1.97256e+007
3.8961	-9.42702e+007	0	-2.54817e+007
3.90609	-1.21948e+008	0	-3.29632e+007
3.91608	-1.57972e+008	0	-4.27007e+007
3.92607	-2.04923e+008	0	-5.53918e+007
3.93606	-2.662e+008	0	-7.19552e+007
3.94605	-3.46284e+008	0	-9.36023e+007
3.95604	-4.51093e+008	0	-1.21933e+008
3.96603	-5.88452e+008	0	-1.59061e+008
3.97602	-7.68718e+008	0	-2.07788e+008
3.98601	-1.00563e+009	0	-2.71826e+008
3.996	-1.31741e+009	0	-3.56103e+008
4.00599	-1.72831e+009	0	-4.67171e+008
4.01598	-2.27059e+009	0	-6.13753e+008
4.02597	-2.98728e+009	0	-8.07477e+008
4.03596	-3.9358e+009	0	-1.06387e+009
4.04595	-5.19292e+009	0	-1.40367e+009
4.05594	-6.8614e+009	0	-1.85467e+009
4.06593	-9.07902e+009	0	-2.4541e+009
4.07592	-1.20307e+010	0	-3.25195e+009
4.08591	-1.5965e+010	0	-4.31542e+009
4.0959	-2.12166e+010	0	-5.73496e+009
4.10589	-2.82367e+010	0	-7.63251e+009
4.11588	-3.76341e+010	0	-1.01727e+010
4.12587	-5.02323e+010	0	-1.3578e+010
4.13586	-6.71457e+010	0	-1.81498e+010
4.14585	-8.98854e+010	0	-2.42965e+010
4.15584	-1.20503e+011	0	-3.25725e+010
4.16583	-1.61787e+011	0	-4.37317e+010
4.17582	-2.17535e+011	0	-5.88007e+010
4.18581	-2.92924e+011	0	-7.91788e+010
4.1958	-3.95025e+011	0	-1.06777e+011
4.20579	-5.33503e+011	0	-1.44209e+011
4.21578	-7.21598e+011	0	-1.95051e+011
4.22577	-9.77463e+011	0	-2.64213e+011
4.23576	-1.32603e+012	0	-3.58432e+011
4.24575	-1.80159e+012	0	-4.86978e+011
4.25574	-2.45137e+012	0	-6.62618e+011
4.26573	-3.34053e+012	0	-9.0296e+011
4.27572	-4.55905e+012	0	-1.23233e+012
4.28571	-6.23144e+012	0	-1.68439e+012
4.2957	-8.53021e+012	0	-2.30576e+012
4.30569	-1.16947e+013	0	-3.16113e+012
4.31568	-1.60575e+013	0	-4.34041e+012
4.32567	-2.20814e+013	0	-5.9687e+012
4.33566	-3.04115e+013	0	-8.22036e+012
4.34565	-4.19481e+013	0	-1.13388e+013
4.35564	-5.79498e+013	0	-1.56641e+013
4.36563	-8.01785e+013	0	-2.16726e+013
4.37562	-1.11105e+014	0	-3.00321e+013
4.38561	-1.54197e+014	0	-4.16801e+013
4.3956	-2.14333e+014	0	-5.79353e+013
4.40559	-2.98384e+014	0	-8.06546e+013
4.41558	-4.16039e+014	0	-1.12457e+014
4.42557	-5.8099e+014	0	-1.57044e+014
4.43556	-8.12605e+014	0	-2.19651e+014
4.44555	-1.13833e+015	0	-3.07696e+014
4.45554	-1.59711e+015	0	-4.31707e+014
4.46553	-2.24432e+015	0	-6.06649e+014
4.47552	-3.15874e+015	0	-8.53823e+014
4.48551	-4.45275e+015	0	-1.2036e+015
4.4955	-6.28675e+015	0	-1.69934e+015
4.50549	-8.8902e+015	0	-2.40306e+015
4.51548	-1.25917e+016	0	-3.40359e+015
4.52547	-1.78626e+016	0	-4.82836e+015
4.53546	-2.53804e+016	0	-6.86044e+015
4.54545	-3.61196e+016	0	-9.76329e+015
4.55544	-5.14849e+016	0	-1.39166e+016
4.56543	-7.35043e+016	0	-1.98686e+016
4.57542	-1.05109e+017	0	-2.84116e+016
4.58541	-1.50546e+017	0	-4.06932e+016
4.5954	-2.1597e+017	0	-5.83779e+016
4.60539	-3.10328e+017	0	-8.38831e+016
4.61538	-4.46631e+017	0	-1.20727e+017
4.62537	-6.43845e+017	0	-1.74034e+017
4.63536	-9.29647e+017	0	-2.51288e+017
4.64535	-1.3445e+018	0	-3.63425e+017
4.65534	-1.94765e+018	0	-5.2646e+017
4.66533	-2.826e+018	0	-7.63881e+017
4.67532	-4.10717e+018	0	-1.11019e+018
4.68531	-5.97896e+018	0	-1.61614e+018
4.6953	-8.7181e+018	0	-2.35654e+018
4.70529	-1.27331e+019	0	-3.44181e+018
4.71528	-1.86278e+019	0	-5.03517e+018
4.72527	-2.72964e+019	0	-7.37836e+018
4.73526	-4.00655e+019	0	-1.08299e+019
4.74525	-5.89055e+019	0	-1.59225e+019
4.75524	-8.67489e+019	0	-2.34486e+019
4.76523	-1.27966e+020	0	-3.45899e+019
4.77522	-1.89082e+020	0	-5.11099e+019
4.78521	-2.79855e+020	0	-7.56463e+019
4.7952	-4.14901e+020	0	-1.1215e+020
4.80519	-6.16147e+020	0	-1.66547e+020
4.81518	-9.16547e+020	0	-2.47747e+020
4.82517	-1.36571e+021	0	-3.69157e+020
4.83516	-2.03842e+021	0	-5.50996e+020
4.84515	-3.04766e+021	0	-8.23797e+020
4.85514	-4.5643e+021	0	-1.23375e+021
4.86513	-6.84732e+021	0	-1.85086e+021
4.87512	-1.02898e+022	0	-2.78138e+021
4.88511	-1.54894e+022	0	-4.18685e+021
4.8951	-2.33562e+022	0	-6.3133e+021
4.90509	-3.52789e+022	0	-9.53606e+021
4.91508	-5.33794e+022	0	-1.44287e+022
4.92507	-8.09055e+022	0	-2.18692e+022
4.93506	-1.22838e+023	0	-3.32036e+022
4.94505	-1.86825e+023	0	-5.04996e+022
4.95504	-2.84635e+023	0	-7.69381e+022
4.96503	-4.34404e+023	0	-1.17422e+023
4.97502	-6.64131e+023	0	-1.79518e+023
4.98501	-1.01711e+024	0	-2.74931e+023
4.995	-1.56042e+024	0	-4.21789e+023
5.00499	-2.39813e+024	0	-6.48226e+023
5.01498	-3.69201e+024	0	-9.97969e+023
5.02497	-5.69396e+024	0	-1.53911e+024
5.03496	-8.79689e+024	0	-2.37784e+024
5.04495	-1.36147e+025	0	-3.68012e+024
5.05494	-2.11082e+025	0	-5.70565e+024
5.06493	-3.27841e+025	0	-8.86169e+024
5.07492	-5.10085e+025	0	-1.37878e+025
5.08491	-7.95045e+025	0	-2.14905e+025
5.0949	-1.2414e+026	0	-3.35557e+025
5.10489	-1.94181e+026	0	-5.2488e+025
5.11488	-3.04281e+026	0	-8.22485e+025
5.12487	-4.77659e+026	0	-1.29114e+026
5.13486	-7.51172e+026	0	-2.03045e+026
5.14485	-1.18342e+027	0	-3.19884e+026
5.15484	-1.86775e+027	0	-5.04862e+026
5.16483	-2.95311e+027	0	-7.98241e+026
5.17482	-4.67761e+027	0	-1.26438e+027
5.18481	-7.42255e+027	0	-2.00635e+027
5.1948	-1.17996e+028	0	-3.1895e+027
5.20479	-1.87919e+028	0	-5.07954e+027
5.21478	-2.99821e+028	0	-8.10431e+027
5.22477	-4.79229e+028	0	-1.29538e+028
5.23476	-7.67391e+028	0	-2.0743e+028
5.24475	-1.23107e+029	0	-3.32765e+028
5.25474	-1.97854e+029	0	-5.34809e+028
5.26473	-3.18568e+029	0	-8.61105e+028
5.27472	-5.13875e+029	0	-1.38903e+029
5.28471	-8.30447e+029	0	-2.24474e+029
5.2947	-1.34452e+030	0	-3.6343e+029
5.30469	-2.18084e+030	0	-5.89491e+029
5.31468	-3.54392e+030	0	-9.57938e+029
5.32467	-5.76964e+030	0	-1.55956e+030
5.33466	-9.41067e+030	0	-2.54375e+030
5.34465	-1.5378e+031	0	-4.15675e+030
5.35464	-2.51761e+031	0	-6.80523e+030
5.36463	-4.12942e+031	0	-1.1162e+031
5.37462	-6.7858e+031	0	-1.83423e+031
5.38461	-1.11719e+032	0	-3.01982e+031
5.3946	-1.84276e+032	0	-4.98106e+031
5.40459	-3.04527e+032	0	-8.2315e+031
5.41458	-5.04198e+032	0	-1.36287e+032
5.42457	-8.36366e+032	0	-2.26074e+032
5.43456	-1.38999e+033	0	-3.75722e+032
5.44455	-2.31447e+033	0	-6.25612e+032
5.45454	-3.86113e+033	0	-1.04368e+033
5.46453	-6.45361e+033	0	-1.74444e+033
5.47452	-1.08073e+034	0	-2.92127e+033
5.48451	-1.81327e+034	0	-4.90135e+033
5.4945	-3.04814e+034	0	-8.23927e+033
5.50449	-5.13381e+034	0	-1.38769e+034
5.51448	-8.66318e+034	0	-2.3417e+034
5.52447	-1.4647e+035	0	-3.95916e+034
5.53446	-2.48117e+035	0	-6.70673e+034
5.54445	-4.21116e+035	0	-1.1383e+035
5.55444	-7.16119e+035	0	-1.9357e+035
5.56443	-1.22014e+036	0	-3.29809e+035
5.57442	-2.08293e+036	0	-5.63025e+035
5.58441	-3.56272e+036	0	-9.63021e+035
5.5944	-6.10569e+036	0	-1.6504e+036
5.60439	-1.04842e+037	0	-2.83392e+036
5.61438	-1.80376e+037	0	-4.87566e+036
5.62437	-3.10939e+037	0	-8.40483e+036
5.63436	-5.37057e+037	0	-1.45169e+037
5.64435	-9.29433e+037	0	-2.5123e+037
5.65434	-1.61164e+038	0	-4.35635e+037
5.66433	-2.80011e+038	0	-7.56882e+037
5.67432	-4.87457e+038	0	-1.31762e+038
5.68431	-8.50268e+038	0	-2.29832e+038
5.6943	-1.48606e+039	0	-4.01688e+038
5.70429	-2.6024e+039	0	-7.03442e+038
5.71428	-4.56643e+039	0	-1.23433e+039
5.72427	-8.02864e+039	0	-2.17018e+039
5.73426	-1.4144e+040	0	-3.8232e+039
5.74425	-2.49672e+040	0	-6.74876e+039
5.75424	-4.41606e+040	0	-1.19368e+040
5.76423	-7.82654e+040	0	-2.11555e+040
5.77422	-1.38988e+041	0	-3.7569e+040
5.78421	-2.47317e+041	0	-6.6851e+040
5.7942	-4.40967e+041	0	-1.19196e+041
5.80419	-7.87833e+041	0	-2.12955e+041
5.81418	-1.41039e+042	0	-3.81235e+041
5.82417	-2.53001e+042	0	-6.83873e+041
5.83416	-4.54763e+042	0	-1.22925e+042
5.84415	-8.19085e+042	0	-2.21403e+042
5.85414	-1.47828e+043	0	-3.99586e+042
5.86413	-2.67342e+043	0	-7.22639e+042
5.87412	-4.84467e+043	0	-1.30954e+043
5.88411	-8.79728e+043	0	-2.37795e+043
5.8941	-1.60074e+044	0	-4.32689e+043
5.90409	-2.91867e+044	0	-7.8893e+043
5.91408	-5.33261e+044	0	-1.44143e+044
5.92407	-9.76309e+044	0	-2.63901e+044
5.93406	-1.79114e+045	0	-4.84154e+044
5.94405	-3.29282e+045	0	-8.90067e+044
5.95404	-6.06603e+045	0	-1.63968e+045
5.96403	-1.1198e+046	0	-3.02687e+045
5.97402	-2.07146e+046	0	-5.59925e+045
5.98401	-3.83984e+046	0	-1.03793e+046
5.994	-7.13271e+046	0	-1.92801e+046
6.00399	-1.3277e+047	0	-3.58884e+046
6.01398	-2.47658e+047	0	-6.69433e+046
6.02397	-4.62928e+047	0	-1.25132e+047
6.03396	-8.67128e+047	0	-2.34389e+047
6.04395	-1.62766e+048	0	-4.39965e+047
6.05394	-3.06166e+048	0	-8.27582e+047
6.06393	-5.77117e+048	0	-1.55997e+048
6.07392	-1.09015e+049	0	-2.94673e+048
6.08391	-2.0636e+049	0	-5.578e+048
6.0939	-3.91455e+049	0	-1.05812e+049
6.10389	-7.44146e+049	0	-2.01146e+049
6.11388	-1.41761e+050	0	-3.83186e+049
6.12387	-2.7063e+050	0	-7.31527e+049
6.13386	-5.17752e+050	0	-1.39951e+050
6.14385	-9.9264e+050	0	-2.68315e+050
6.15384	-1.90717e+051	0	-5.15517e+050
6.16383	-3.67211e+051	0	-9.92588e+050
6.17382	-7.08552e+051	0	-1.91525e+051
6.18381	-1.37012e+052	0	-3.70351e+051
6.1938	-2.65509e+052	0	-7.17685e+051
6.20379	-5.15626e+052	0	-1.39376e+052
6.21378	-1.00352e+053	0	-2.71256e+052
6.22377	-1.95729e+053	0	-5.29064e+052
6.23376	-3.8258e+053	0	-1.03413e+053
6.24375	-7.49428e+053	0	-2.02574e+053
6.25374	-1.47123e+054	0	-3.9768e+053
6.26373	-2.8945e+054	0	-7.82397e+053
6.27372	-5.70705e+054	0	-1.54264e+054
6.28371	-1.12771e+055	0	-3.04824e+054
6.2937	-2.2332e+055	0	-6.03646e+054
6.30369	-4.4321e+055	0	-1.19802e+055
6.31368	-8.8154e+055	0	-2.38285e+055
6.32367	-1.75722e+056	0	-4.74986e+055
6.33366	-3.51047e+056	0	-9.48897e+055
6.34365	-7.02844e+056	0	-1.89982e+056
6.35364	-1.41029e+057	0	-3.81209e+056
6.36363	-2.83607e+057	0	-7.66605e+056
6.37362	-5.71591e+057	0	-1.54504e+057
6.38361	-1.15456e+058	0	-3.12082e+057
6.3936	-2.33726e+058	0	-6.31773e+057
6.40359	-4.74202e+058	0	-1.28179e+058
6.41358	-9.64239e+058	0	-2.60638e+058
6.42357	-1.96505e+059	0	-5.31162e+058
6.43356	-4.01357e+059	0	-1.08489e+059
6.44355	-8.21595e+059	0	-2.22081e+059
6.45354	-1.68561e+060	0	-4.55628e+059
6.46353	-3.466e+060	0	-9.36877e+059
6.47352	-7.14291e+060	0	-1.93076e+060
6.48351	-1.47536e+061	0	-3.98797e+060
6.4935	-3.0542e+061	0	-8.25565e+060
6.50349	-6.33689e+061	0	-1.71289e+061
6.51348	-1.31776e+062	0	-3.56196e+061
6.52347	-2.74648e+062	0	-7.42387e+061
6.53346	-5.73721e+062	0	-1.5508e+062
6.54345	-1.20119e+063	0	-3.24686e+062
6.55344	-2.52061e+063	0	-6.81333e+062
6.56343	-5.30139e+063	0	-1.43299e+063
6.57342	-1.11754e+064	0	-3.02076e+063
6.58341	-2.36116e+064	0	-6.38234e+063
6.5934	-5.00014e+064	0	-1.35156e+064
6.60339	-1.06128e+065	0	-2.8687e+064
6.61338	-2.25775e+065	0	-6.10282e+064
6.62337	-4.81414e+065	0	-1.30128e+065
6.63336	-1.02886e+066	0	-2.78107e+065
6.64335	-2.20393e+066	0	-5.95733e+065
6.65334	-4.73194e+066	0	-1.27907e+066
6.66333	-1.01832e+067	0	-2.75256e+066
6.67332	-2.19649e+067	0	-5.93723e+066
6.68331	-4.7488e+067	0	-1.28362e+067
6.6933	-1.02907e+068	0	-2.78162e+067
6.70329	-2.23518e+068	0	-6.04181e+067
6.71328	-4.86623e+068	0	-1.31536e+068
6.72327	-1.0619e+069	0	-2.87036e+068
6.73326	-2.32267e+069	0	-6.27828e+068
6.74325	-5.0922e+069	0	-1.37645e+069
6.75324	-1.11903e+070	0	-3.02478e+069
6.76323	-2.46486e+070	0	-6.66263e+069
6.77322	-5.44205e+070	0	-1.47101e+070
6.78321	-1.20435e+071	0	-3.25543e+070
6.7932	-2.67158e+071	0	-7.22141e+070
6.80319	-5.94025e+071	0	-1.60568e+071
6.81318	-1.32394e+072	0	-3.57866e+071
6.82317	-2.95771e+072	0	-7.99483e+071
6.83316	-6.62326e+072	0	-1.7903e+072
6.84315	-1.48668e+073	0	-4.01857e+072
6.85314	-3.34498e+073	0	-9.04165e+072
6.86313	-7.54402e+073	0	-2.03919e+073
6.87312	-1.70548e+074	0	-4.60999e+073
6.88311	-3.86477e+074	0	-1.04467e+074
6.8931	-8.77888e+074	0	-2.37297e+074
6.90309	-1.99891e+075	0	-5.40314e+074
6.91308	-4.56232e+075	0	-1.23322e+075
6.92307	-1.04381e+076	0	-2.82146e+075
6.93306	-2.39385e+076	0	-6.4707e+075
6.94305	-5.50325e+076	0	-1.48756e+076
6.95304	-1.2682e+077	0	-3.428e+076
6.96303	-2.92955e+077	0	-7.91872e+076
6.97302	-6.78367e+077	0	-1.83366e+077
6.98301	-1.57463e+078	0	-4.2563e+077
6.993	-3.6639e+078	0	-9.9037e+077
7.00299	-8.54598e+078	0	-2.31002e+078
7.01298	-1.99818e+079	0	-5.40119e+078
7.02297	-4.68344e+079	0	-1.26596e+079
7.03296	-1.1004e+080	0	-2.97444e+079
7.04295	-2.59178e+080	0	-7.0057e+079
7.05294	-6.11934e+080	0	-1.65409e+080
7.06293	-1.44835e+081	0	-3.91496e+080
7.07292	-3.43642e+081	0	-9.28881e+080
7.08291	-8.17342e+081	0	-2.20932e+081
7.0929	-1.9488e+082	0	-5.26771e+081
7.10289	-4.65801e+082	0	-1.25908e+082
7.11288	-1.1161e+083	0	-3.01687e+082
7.12287	-2.68087e+083	0	-7.24651e+082
7.13286	-6.45536e+083	0	-1.74492e+083
7.14285	-1.55826e+084	0	-4.21205e+083
7.15284	-3.77081e+084	0	-1.01927e+084
7.16283	-9.1476e+084	0	-2.47264e+084
7.17282	-2.22463e+085	0	-6.01328e+084
7.18281	-5.42361e+085	0	-1.46603e+085
7.1928	-1.32556e+086	0	-3.58306e+085
7.20279	-3.24784e+086	0	-8.77908e+085
7.21278	-7.97764e+086	0	-2.15639e+086
7.22277	-1.96444e+087	0	-5.30999e+086
7.23276	-4.84945e+087	0	-1.31083e+087
7.24275	-1.20015e+088	0	-3.24405e+087
7.25274	-2.9776e+088	0	-8.04859e+087
7.26273	-7.40611e+088	0	-2.00191e+088
7.27272	-1.84675e+089	0	-4.99185e+088
7.28271	-4.61657e+089	0	-1.24788e+089
7.2927	-1.15699e+090	0	-3.12739e+089
7.30269	-2.90693e+090	0	-7.85757e+089
7.31268	-7.32217e+090	0	-1.97922e+090
7.32267	-1.84904e+091	0	-4.99805e+090
7.33266	-4.68118e+091	0	-1.26535e+091
7.34265	-1.18814e+092	0	-3.2116e+091
7.35264	-3.02333e+092	0	-8.17222e+091
7.36263	-7.71278e+092	0	-2.0848e+092
7.37262	-1.97262e+093	0	-5.33209e+092
7.38261	-5.05809e+093	0	-1.36723e+093
7.3926	-1.30029e+094	0	-3.51475e+093
7.40259	-3.35125e+094	0	-9.0586e+093
7.41258	-8.65941e+094	0	-2.34068e+094
7.42257	-2.24329e+095	0	-6.06371e+094
7.43256	-5.82638e+095	0	-1.5749e+095
7.44255	-1.51716e+096	0	-4.10096e+095
7.45254	-3.96081e+096	0	-1.07063e+096
7.46253	-1.03671e+097	0	-2.80229e+096
7.47252	-2.72055e+097	0	-7.35377e+096
7.48251	-7.15778e+097	0	-1.93478e+097
7.4925	-1.88811e+098	0	-5.10365e+097
7.50249	-4.99348e+098	0	-1.34976e+098
7.51248	-1.32406e+099	0	-3.579e+098
7.52247	-3.52001e+099	0	-9.51476e+098
7.53246	-9.38235e+099	0	-2.5361e+099
7.54245	-2.50734e+100	0	-6.77746e+099
7.55244	-6.71815e+100	0	-1.81595e+100
7.56243	-1.80478e+101	0	-4.8784e+100
7.57242	-4.8611e+101	0	-1.31398e+101
7.58241	-1.31276e+102	0	-3.54845e+101
7.5924	-3.55449e+102	0	-9.60795e+101
7.60239	-9.64965e+102	0	-2.60835e+102
7.61238	-2.62658e+103	0	-7.09976e+102
7.62237	-7.16826e+103	0	-1.93762e+103
7.63236	-1.96148e+104	0	-5.30199e+103
7.64235	-5.38151e+104	0	-1.45465e+104
7.65234	-1.48038e+105	0	-4.00154e+104
7.66233	-4.08314e+105	0	-1.10369e+105
7.67232	-1.12919e+106	0	-3.05227e+105
7.68231	-3.1311e+106	0	-8.46352e+105
7.6923	-8.70525e+106	0	-2.35307e+106
7.70229	-2.42674e+107	0	-6.5596e+106
7.71228	-6.78303e+107	0	-1.83349e+107
7.72227	-1.90101e+108	0	-5.13853e+107
7.73226	-5.34206e+108	0	-1.44398e+108
7.74225	-1.5052e+109	0	-4.06864e+108
7.75224	-4.25252e+109	0	-1.14948e+109
7.76223	-1.20466e+110	0	-3.25625e+109
7.77222	-3.42176e+110	0	-9.24919e+109
7.78221	-9.74552e+110	0	-2.63426e+110
7.7922	-2.78311e+111	0	-7.52289e+110
7.80219	-7.96947e+111	0	-2.15419e+111
7.81218	-2.28824e+112	0	-6.18522e+111
7.82217	-6.58793e+112	0	-1.78075e+112
7.83216	-1.90184e+113	0	-5.14076e+112
7.84215	-5.50524e+113	0	-1.48809e+113
7.85214	-1.59793e+114	0	-4.31929e+113
7.86213	-4.65075e+114	0	-1.25712e+114
7.87212	-1.35728e+115	0	-3.66879e+114
7.88211	-3.97192e+115	0	-1.07363e+115
7.8921	-1.16551e+116	0	-3.15044e+115
7.90209	-3.42942e+116	0	-9.26989e+115
7.91208	-1.01184e+117	0	-2.73506e+116
7.92207	-2.99362e+117	0	-8.0919e+116
7.93206	-8.8812e+117	0	-2.40063e+117
7.94205	-2.64204e+118	0	-7.14157e+117
7.95204	-7.88138e+118	0	-2.13038e+118
7.96203	-2.35755e+119	0	-6.37258e+118
7.97202	-7.07161e+119	0	-1.91149e+119
7.98201	-2.12703e+120	0	-5.74947e+119
7.992	-6.41551e+120	0	-1.73414e+120
8.00199	-1.94039e+121	0	-5.24498e+120
8.01198	-5.88508e+121	0	-1.59077e+121
8.02197	-1.78986e+122	0	-4.83809e+121
8.03196	-5.45877e+122	0	-1.47553e+122
8.04195	-1.66946e+123	0	-4.51264e+122
8.05194	-5.11999e+123	0	-1.38396e+123
8.06193	-1.57461e+124	0	-4.25625e+123
8.07192	-4.85612e+124	0	-1.31263e+124
8.08191	-1.50182e+125	0	-4.05951e+124
8.0919	-4.65763e+125	0	-1.25898e+125
8.10189	-1.44853e+126	0	-3.91545e+125
8.11188	-4.51762e+126	0	-1.22113e+126
8.12187	-1.4129e+127	0	-3.81914e+126
8.13186	-4.43134e+127	0	-1.19781e+127
8.14185	-1.39374e+128	0	-3.76734e+127
8.15184	-4.39594e+128	0	-1.18825e+128
8.16183	-1.39043e+129	0	-3.7584e+128
8.17182	-4.41036e+129	0	-1.19214e+129
8.18181	-1.4029e+130	0	-3.79212e+129
8.1918	-4.47519e+130	0	-1.20967e+130
8.20179	-1.43162e+131	0	-3.86974e+130
8.21178	-4.59281e+131	0	-1.24146e+131
8.22177	-1.47762e+132	0	-3.99408e+131
8.23176	-4.76743e+132	0	-1.28866e+132
8.24175	-1.54257e+133	0	-4.16963e+132
8.25174	-5.00545e+133	0	-1.353e+133
8.26173	-1.62886e+134	0	-4.40288e+133
8.27172	-5.31576e+134	0	-1.43688e+134
8.28171	-1.73977e+135	0	-4.70269e+134
8.2917	-5.71037e+135	0	-1.54354e+135
8.30169	-1.87968e+136	0	-5.08086e+135
8.31168	-6.20513e+136	0	-1.67728e+136
8.32167	-2.05432e+137	0	-5.55293e+136
8.33166	-6.82083e+137	0	-1.8437e+137
8.34165	-2.27122e+138	0	-6.13922e+137
8.35164	-7.58465e+138	0	-2.05017e+138
8.36163	-2.5402e+139	0	-6.86628e+138
8.37162	-8.53213e+139	0	-2.30628e+139
8.38161	-2.87413e+140	0	-7.76891e+139
8.3916	-9.70991e+140	0	-2.62464e+140
8.40159	-3.28993e+141	0	-8.89283e+140
8.41158	-1.11795e+142	0	-3.02186e+141
8.42157	-3.80996e+142	0	-1.02985e+142
8.43156	-1.30222e+143	0	-3.51997e+142
8.44155	-4.46395e+143	0	-1.20663e+143
8.45154	-1.5347e+144	0	-4.14836e+143
8.46153	-5.29171e+144	0	-1.43038e+144
8.47152	-1.82996e+145	0	-4.94648e+144
8.48151	-6.34691e+145	0	-1.7156e+145
8.4915	-2.20779e+146	0	-5.96777e+145
8.50149	-7.70248e+146	0	-2.08202e+146
8.51148	-2.69514e+147	0	-7.28509e+146
8.52147	-9.45827e+147	0	-2.55662e+147
8.53146	-3.32907e+148	0	-8.99865e+147
8.54145	-1.17522e+149	0	-3.17667e+148
8.55144	-4.161e+149	0	-1.12474e+149
8.56143	-1.47762e+150	0	-3.99407e+149
8.57142	-5.26277e+150	0	-1.42255e+150
8.58141	-1.87999e+151	0	-5.0817e+150
8.5914	-6.73576e+151	0	-1.82071e+151
8.60139	-2.42053e+152	0	-6.5428e+151
8.61138	-8.72421e+152	0	-2.3582e+152
8.62137	-3.15382e+153	0	-8.52494e+152
8.63136	-1.14352e+154	0	-3.091e+153
8.64135	-4.15863e+154	0	-1.1241e+154
8.65134	-1.51689e+155	0	-4.10023e+154
8.66133	-5.54958e+155	0	-1.50008e+155
8.67132	-2.03642e+156	0	-5.50454e+155
8.68131	-7.49512e+156	0	-2.02597e+156
8.6913	-2.76691e+157	0	-7.47909e+156
8.70129	-1.02452e+158	0	-2.76931e+157
8.71128	-3.80496e+158	0	-1.0285e+158
8.72127	-1.4174e+159	0	-3.83129e+158
8.73126	-5.29595e+159	0	-1.43152e+159
8.74125	-1.98476e+160	0	-5.36491e+159
8.75124	-7.46085e+160	0	-2.0167e+160
8.76123	-2.81309e+161	0	-7.60391e+160
8.77122	-1.06389e+162	0	-2.87574e+161
8.78121	-4.03577e+162	0	-1.09089e+162
8.7912	-1.5356e+163	0	-4.1508e+162
8.80119	-5.86071e+163	0	-1.58418e+163
8.81118	-2.24361e+164	0	-6.06457e+163
8.82117	-8.61524e+164	0	-2.32874e+164
8.83116	-3.31829e+165	0	-8.96949e+164
8.84115	-1.282e+166	0	-3.46531e+165
8.85114	-4.96812e+166	0	-1.34291e+166
8.86113	-1.9312e+167	0	-5.22012e+166
8.87112	-7.52997e+167	0	-2.03539e+167
8.88111	-2.94505e+168	0	-7.96062e+167
8.8911	-1.15539e+169	0	-3.12307e+168
8.90109	-4.54674e+169	0	-1.22901e+169
8.91108	-1.79478e+170	0	-4.85137e+169
8.92107	-7.10657e+170	0	-1.92094e+170
8.93106	-2.82261e+171	0	-7.62965e+170
8.94105	-1.12456e+172	0	-3.03975e+171
8.95104	-4.4943e+172	0	-1.21483e+172
8.96103	-1.80171e+173	0	-4.87011e+172
8.97102	-7.24528e+173	0	-1.95843e+173
8.98101	-2.92263e+174	0	-7.90001e+173
8.991	-1.18261e+175	0	-3.19666e+174
9.00099	-4.80024e+175	0	-1.29753e+175
9.01098	-1.9545e+176	0	-5.28312e+175
9.02097	-7.98297e+176	0	-2.15784e+176
9.03096	-3.27076e+177	0	-8.84102e+176
9.04095	-1.34428e+178	0	-3.63366e+177
9.05094	-5.54231e+178	0	-1.49811e+178
9.06093	-2.2922e+179	0	-6.19593e+178
9.07092	-9.5099e+179	0	-2.57057e+179
9.08091	-3.95788e+180	0	-1.06983e+180
9.0909	-1.6524e+181	0	-4.46651e+180
9.10089	-6.92043e+181	0	-1.87063e+181
9.11088	-2.9075e+182	0	-7.85911e+181
9.12087	-1.22539e+183	0	-3.3123e+182
9.13086	-5.18087e+183	0	-1.40041e+183
9.14085	-2.19737e+184	0	-5.93959e+183
9.15084	-9.34923e+184	0	-2.52714e+184
9.16083	-3.99048e+185	0	-1.07865e+185
9.17082	-1.70864e+186	0	-4.61854e+185
9.18081	-7.33932e+186	0	-1.98385e+186
9.1908	-3.16257e+187	0	-8.54858e+186
9.20079	-1.36712e+188	0	-3.69539e+187
9.21078	-5.92864e+188	0	-1.60254e+188
9.22077	-2.57922e+189	0	-6.97176e+188
9.23076	-1.12566e+190	0	-3.04272e+189
9.24075	-4.92851e+190	0	-1.3322e+190
9.25074	-2.16477e+191	0	-5.85147e+190
9.26073	-9.53888e+191	0	-2.57841e+191
9.27072	-4.21673e+192	0	-1.1398e+192
9.28071	-1.87003e+193	0	-5.05477e+192
9.2907	-8.31983e+193	0	-2.24889e+193
9.30069	-3.71345e+194	0	-1.00376e+194
9.31068	-1.66279e+195	0	-4.49461e+194
9.32067	-7.46963e+195	0	-2.01908e+195
9.33066	-3.36636e+196	0	-9.09943e+195
9.34065	-1.52203e+197	0	-4.11413e+196
9.35064	-6.90386e+197	0	-1.86615e+197
9.36063	-3.1417e+198	0	-8.49218e+197
9.37062	-1.43432e+199	0	-3.87703e+198
9.38061	-6.56953e+199	0	-1.77578e+199
9.3906	-3.01879e+200	0	-8.15993e+199
9.40059	-1.39169e+201	0	-3.7618e+200
9.41058	-6.43673e+201	0	-1.73988e+201
9.42057	-2.98677e+202	0	-8.07339e+201
9.43056	-1.39045e+203	0	-3.75845e+202
9.44055	-6.4942e+203	0	-1.75541e+203
9.45054	-3.04309e+204	0	-8.22562e+203
9.46053	-1.43062e+205	0	-3.86704e+204
9.47052	-6.7477e+205	0	-1.82394e+205
9.48051	-3.19309e+206	0	-8.63107e+205
9.4905	-1.51597e+207	0	-4.09774e+206
9.50049	-7.22099e+207	0	-1.95187e+207
9.51048	-3.45089e+208	0	-9.32791e+207
9.52047	-1.6546e+209	0	-4.47247e+208
9.53046	-7.95954e+209	0	-2.1515e+209
9.54045	-3.84162e+210	0	-1.03841e+210
9.55044	-1.86026e+211	0	-5.02839e+210
9.56043	-9.03796e+211	0	-2.443e+211
9.57042	-4.40558e+212	0	-1.19085e+212
9.58041	-2.15463e+213	0	-5.82408e+212
9.5904	-1.05727e+214	0	-2.85784e+213
9.60039	-5.20518e+214	0	-1.40699e+214
9.61038	-2.57117e+215	0	-6.95e+214
9.62037	-1.27429e+216	0	-3.44448e+215
9.63036	-6.33658e+216	0	-1.71281e+216
9.64035	-3.16145e+217	0	-8.54557e+216
9.65034	-1.58259e+218	0	-4.27781e+217
9.66033	-7.94875e+218	0	-2.14859e+218
9.67032	-4.00573e+219	0	-1.08277e+219
9.68031	-2.02544e+220	0	-5.47485e+219
9.6903	-1.02757e+221	0	-2.77756e+220
9.70029	-5.23067e+221	0	-1.41387e+221
9.71028	-2.67154e+222	0	-7.22131e+221
9.72027	-1.36907e+223	0	-3.70067e+222
9.73026	-7.03966e+223	0	-1.90285e+223
9.74025	-3.63194e+224	0	-9.81732e+223
9.75024	-1.88014e+225	0	-5.08211e+224
9.76023	-9.76578e+225	0	-2.63974e+225
9.77022	-5.08968e+226	0	-1.37576e+226
9.78021	-2.66159e+227	0	-7.19441e+226
9.7902	-1.39657e+228	0	-3.775e+227
9.80019	-7.35284e+228	0	-1.98751e+228
9.81018	-3.88437e+229	0	-1.04996e+229
9.82017	-2.05902e+230	0	-5.56562e+229
9.83016	-1.09515e+231	0	-2.96025e+230
9.84015	-5.84477e+231	0	-1.57987e+231
9.85014	-3.12996e+232	0	-8.46043e+231
9.86013	-1.68186e+233	0	-4.54615e+232
9.87012	-9.06824e+233	0	-2.45119e+233
9.88011	-4.90613e+234	0	-1.32615e+234
9.8901	-2.66342e+235	0	-7.19936e+234
9.90009	-1.45087e+236	0	-3.92176e+235
9.91008	-7.93053e+236	0	-2.14366e+236
9.92007	-4.34977e+237	0	-1.17576e+237
9.93006	-2.39398e+238	0	-6.47105e+237
9.94005	-1.32211e+239	0	-3.57373e+238
9.95004	-7.32671e+239	0	-1.98044e+239
9.96003	-4.07422e+240	0	-1.10128e+240
9.97002	-2.27341e+241	0	-6.14513e+240
9.98001	-1.27294e+242	0	-3.44082e+241
9.99	-7.15218e+242	0	-1.93327e+242
