42.500000 0.000000
43.000000 -62.580936
43.500000 12.827123
44.000000 -95.970829
44.500000 -63.793799
45.000000 3.325209
45.500000 -13.350811
46.000000 -76.511864
46.500000 -46.115957
47.000000 -57.223095
47.500000 -21.721284
48.000000 22.271472
48.500000 6.227165
49.000000 -24.119209
49.500000 -1.147656
50.000000 -54.697182
50.500000 -19.990792
51.000000 -19.664492
51.500000 -40.944287
52.000000 22.600816
52.500000 9.795812
53.000000 -50.311303
53.500000 -15.818537
54.000000 -45.744895
54.500000 -37.459382
55.000000 26.634997
55.500000 24.374235
56.000000 -108.608674
56.500000 32.868266
57.000000 -6.094951
57.500000 -0.149331
58.000000 -30.192880
58.500000 -28.288604
59.000000 -19.288507
59.500000 -20.691595
60.000000 23.118125
60.500000 -28.200351
61.000000 -44.108029
61.500000 -34.862916
62.000000 -34.439016
62.500000 -26.284335
63.000000 -1.056879
63.500000 40.673346
64.000000 -50.034665
64.500000 49.070083
65.000000 -9.535416
65.500000 -25.735169
66.000000 -28.410180
66.500000 -70.706455
67.000000 26.756001
67.500000 24.531180
68.000000 7.253079
68.500000 -7.965309
69.000000 36.004011
69.500000 -4.319967
70.000000 -1.396248
70.500000 -15.451839
71.000000 -10.766744
71.500000 48.804031
72.000000 -2.899521
72.500000 -18.690404
73.000000 -58.581624
73.500000 -60.869187
74.000000 1.203901
74.500000 39.393635
75.000000 9.790010
75.500000 -40.579981
76.000000 10.111658
76.500000 -79.121080
77.000000 46.376799
77.500000 -17.121709
78.000000 -9.275610
78.500000 -14.711911
79.000000 28.387384
79.500000 10.334269
80.000000 -16.535262
80.500000 -26.130215
81.000000 41.915405
81.500000 23.813592
82.000000 -33.022659
82.500000 -43.751354
83.000000 26.265502
83.500000 14.373902
84.000000 -1.853159
84.500000 -10.533686
85.000000 10.391315
85.500000 -0.462162
86.000000 -0.281122
86.500000 6.967429
87.000000 -45.770515
87.500000 30.567041
88.000000 -18.881909
88.500000 14.185630
89.000000 26.485652
89.500000 1.447151
90.000000 18.252122
90.500000 -10.414441
91.000000 19.818456
91.500000 -13.133191
92.000000 -6.187390
92.500000 -11.261145
93.000000 17.242538
93.500000 64.887654
94.000000 -50.283804
94.500000 -50.498840
95.000000 -2.311461
95.500000 -20.511673
96.000000 -13.081480
96.500000 -74.127888
97.000000 -7.165903
97.500000 59.544469
98.000000 -10.504777
98.500000 -0.631647
99.000000 16.521854
99.500000 5.975720
100.000000 15.559945
100.500000 5.101523
101.000000 -26.343550
101.500000 4.123719
102.000000 35.776325
102.500000 -12.490738
103.000000 -29.722475
103.500000 28.769108
104.000000 39.555005
104.500000 51.604211
105.000000 6.194720
105.500000 10.321527
106.000000 10.361625
106.500000 40.418010
107.000000 -25.803325
107.500000 6.000615
108.000000 27.457825
108.500000 -16.448702
109.000000 47.367030
109.500000 35.580014
110.000000 -1.593755
110.500000 -36.809282
111.000000 81.010426
111.500000 20.576364
112.000000 -3.688474
112.500000 25.857907
113.000000 41.301502
113.500000 -22.614696
114.000000 -48.682692
114.500000 -48.120492
115.000000 47.302900
115.500000 -2.512524
116.000000 12.704231
116.500000 -20.157839
117.000000 55.163259
117.500000 29.261519
118.000000 25.156936
118.500000 62.584505
119.000000 45.717220
119.500000 4.513074
120.000000 40.926063
120.500000 53.337181
121.000000 22.031423
121.500000 38.170782
122.000000 -2.262747
122.500000 -3.214170
123.000000 56.724508
123.500000 10.873282
124.000000 0.595144
124.500000 19.813091
125.000000 -23.971884
125.500000 19.711214
126.000000 65.744379
126.500000 56.954606
127.000000 49.446888
127.500000 34.662220
128.000000 28.135597
128.500000 28.459013
129.000000 19.814463
129.500000 11.964940
130.000000 4.189439
130.500000 4.337954
131.000000 63.359481
131.500000 -10.047987
132.000000 -18.357456
132.500000 7.813070
133.000000 47.211584
133.500000 -28.521920
134.000000 44.776554
134.500000 -32.816001
135.000000 35.362410
135.500000 47.069782
136.000000 25.609108
136.500000 -17.852617
137.000000 24.541602
137.500000 40.600758
138.000000 19.557847
138.500000 6.690862
139.000000 -28.593202
139.500000 50.415650
140.000000 72.220411
140.500000 48.973076
141.000000 88.783640
141.500000 7.561097
142.000000 34.524441
142.500000 16.501666
143.000000 39.793768
143.500000 -7.895261
144.000000 35.260576
144.500000 26.870272
145.000000 44.136821
145.500000 46.344218
146.000000 104.554458
146.500000 -9.632466
147.000000 -15.062559
147.500000 27.820173
148.000000 66.170725
148.500000 12.296092
149.000000 24.743267
149.500000 41.656245
150.000000 46.395020
150.500000 -34.027413
151.000000 41.591940
151.500000 60.544073
152.000000 14.842982
152.500000 6.440659
153.000000 21.980100
153.500000 -4.325701
154.000000 74.311251
154.500000 -9.542051
155.000000 28.479388
155.500000 44.120563
156.000000 116.544467
156.500000 78.348096
157.000000 47.876444
157.500000 26.475504
158.000000 31.706272
158.500000 99.842742
159.000000 22.722907
159.500000 52.533764
160.000000 55.447305
160.500000 64.660526
161.000000 -12.942580
161.500000 37.730982
162.000000 75.714207
162.500000 86.826088
163.000000 10.481621
163.500000 64.808799
164.000000 2.713617
164.500000 9.729070
165.000000 10.478151
165.500000 70.142855
166.000000 -12.742823
166.500000 20.894111
167.000000 34.460651
167.500000 8.032791
168.000000 88.043527
168.500000 52.646851
169.000000 45.720760
169.500000 9.936247
170.000000 -7.661694
170.500000 83.950932
171.000000 41.091119
171.500000 54.782862
172.000000 62.870156
172.500000 29.260993
173.000000 45.666369
173.500000 45.001279
174.000000 39.854716
174.500000 9.512674
175.000000 43.415150
175.500000 41.328136
176.000000 34.168627
176.500000 55.837617
177.000000 50.416101
177.500000 -6.677926
178.000000 -3.771471
178.500000 44.129461
179.000000 25.016864
179.500000 70.614733
180.000000 43.257062
180.500000 -28.036154
181.000000 31.319079
181.500000 -6.000246
182.000000 93.706868
182.500000 91.185413
183.000000 14.694385
183.500000 17.233778
184.000000 62.801585
184.500000 15.269802
185.000000 5.607424
185.500000 44.431443
186.000000 59.195855
186.500000 20.858654
187.000000 127.120835
187.500000 62.843391
188.000000 67.778318
188.500000 21.293609
189.000000 13.804259
189.500000 56.886263
190.000000 22.135614
190.500000 30.831307
191.000000 14.130337
191.500000 61.583697
192.000000 48.377383
192.500000 43.087388
193.000000 57.375708
193.500000 20.491335
194.000000 11.509266
194.500000 33.042493
195.000000 19.243013
195.500000 59.208818
196.000000 -15.777097
196.500000 46.475263
197.000000 56.888892
197.500000 64.318784
198.000000 -15.365066
198.500000 -6.518664
199.000000 12.473985
199.500000 17.423875
200.000000 0.000000
200.500000 57.651357
201.000000 51.546949
201.500000 27.786783
202.000000 52.979864
202.500000 65.666199
203.000000 -23.718207
203.500000 51.529652
204.000000 -9.052218
204.500000 73.361190
205.000000 56.171880
205.500000 12.244859
206.000000 25.700134
206.500000 73.303709
207.000000 -26.328410
207.500000 10.547785
208.000000 66.242297
208.500000 29.385135
209.000000 61.217302
209.500000 6.324806
210.000000 18.837653
210.500000 29.469847
211.000000 -9.370604
211.500000 36.034304
212.000000 46.210579
212.500000 32.797225
213.000000 69.641249
213.500000 30.487657
214.000000 16.161454
214.500000 11.127647
215.000000 41.524242
215.500000 40.569244
216.000000 1.926659
216.500000 33.409493
217.000000 -31.965247
217.500000 24.376444
218.000000 -7.364428
218.500000 60.126142
219.000000 37.637162
219.500000 41.466636
220.000000 29.418572
220.500000 45.833973
221.000000 15.114848
221.500000 54.273201
222.000000 53.736038
222.500000 46.656365
223.000000 44.018189
223.500000 30.164515
224.000000 43.491350
224.500000 -5.804302
225.000000 77.228566
225.500000 46.078960
226.000000 17.298886
226.500000 78.993349
227.000000 -5.203643
227.500000 99.022913
228.000000 30.877026
228.500000 24.358700
229.000000 54.644941
229.500000 0.530755
230.000000 66.128149
230.500000 31.876127
231.000000 57.763697
231.500000 47.499864
232.000000 -26.660366
232.500000 64.038012
233.000000 10.705005
233.500000 62.786619
234.000000 108.300860
234.500000 70.785732
235.000000 33.040244
235.500000 -20.072600
236.000000 14.593206
236.500000 41.492668
237.000000 13.230792
237.500000 1.114585
238.000000 39.165051
238.500000 101.676198
239.000000 54.983030
239.500000 20.927554
240.000000 -7.118224
240.500000 46.200701
241.000000 47.713336
241.500000 64.489686
242.000000 89.592758
242.500000 34.453556
243.000000 18.147089
243.500000 16.176360
244.000000 -4.834624
244.500000 3.540144
245.000000 37.111668
245.500000 33.931955
246.000000 -1.300989
246.500000 69.947841
247.000000 45.884453
247.500000 19.800850
248.000000 -12.025959
248.500000 -2.707971
249.000000 6.899822
249.500000 12.896425
250.000000 29.709844
250.500000 71.549086
251.000000 43.544155
251.500000 13.421059
252.000000 73.647802
252.500000 61.582391
253.000000 93.483831
253.500000 32.609130
254.000000 11.780291
254.500000 89.147323
255.000000 72.917229
255.500000 73.844018
256.000000 25.115693
256.500000 20.716261
257.000000 68.265729
257.500000 48.056101
258.000000 32.686385
258.500000 67.397585
259.000000 58.418708
259.500000 -7.190240
260.000000 42.112747
260.500000 50.004674
261.000000 8.735548
261.500000 43.342374
262.000000 51.699158
262.500000 40.735907
263.000000 51.036625
263.500000 9.445320
264.000000 43.523997
264.500000 47.678662
265.000000 30.721321
265.500000 42.302979
266.000000 57.112644
266.500000 14.010319
267.000000 24.978013
267.500000 30.435730
268.000000 39.477476
268.500000 74.217258
269.000000 32.337081
269.500000 25.517952
270.000000 35.352875
270.500000 -21.543143
271.000000 36.218905
271.500000 -40.709977
272.000000 64.935218
272.500000 57.559496
273.000000 -19.034138
273.500000 18.556323
274.000000 48.230885
274.500000 4.354553
275.000000 56.106333
275.500000 29.059232
276.000000 26.055255
276.500000 39.352408
277.000000 91.011697
277.500000 45.051128
278.000000 63.318707
278.500000 67.285440
279.000000 22.456332
279.500000 40.625390
280.000000 30.423620
280.500000 34.319027
281.000000 -0.414382
281.500000 42.902398
282.000000 3.738374
282.500000 24.547550
283.000000 107.162934
283.500000 11.084531
284.000000 27.410347
284.500000 5.805388
285.000000 31.031659
285.500000 8.331168
286.000000 27.784919
286.500000 25.473918
287.000000 24.757173
287.500000 13.231687
288.000000 80.970468
288.500000 26.793522
289.000000 10.598853
289.500000 43.536469
290.000000 18.420375
290.500000 67.097577
291.000000 34.592080
291.500000 81.516892
292.000000 0.073017
292.500000 33.856462
293.000000 29.310233
293.500000 57.874335
294.000000 39.366775
294.500000 35.915558
295.000000 53.093690
295.500000 -40.047822
296.000000 -12.383973
296.500000 24.026243
297.000000 -8.311168
297.500000 44.107800
298.000000 12.587152
298.500000 105.809896
299.000000 45.458036
299.500000 -17.176421
300.000000 -12.208470
300.500000 44.440896
301.000000 45.379682
301.500000 -17.382105
302.000000 16.708540
302.500000 26.219623
303.000000 51.870150
303.500000 31.575127
304.000000 73.212561
304.500000 99.285456
305.000000 33.918818
305.500000 43.223655
306.000000 34.954971
306.500000 45.568773
307.000000 -33.779934
307.500000 26.422857
308.000000 60.620151
308.500000 37.852954
309.000000 30.693273
309.500000 -15.653888
310.000000 -2.065521
310.500000 13.022378
311.000000 14.528817
311.500000 21.502800
312.000000 66.913334
312.500000 -8.379575
313.000000 43.488078
313.500000 29.707300
314.000000 -5.034904
314.500000 6.529472
315.000000 24.515435
315.500000 28.198990
316.000000 59.403143
316.500000 -31.278099
317.000000 -21.163732
317.500000 71.148251
318.000000 54.581856
318.500000 11.284088
319.000000 41.001955
319.500000 -3.087539
320.000000 7.337612
320.500000 16.817415
321.000000 44.561875
321.500000 77.678999
322.000000 19.086791
322.500000 -20.612741
323.000000 -14.066592
323.500000 28.484244
324.000000 -21.101227
324.500000 -8.778000
325.000000 35.359933
325.500000 9.859576
326.000000 -19.822064
326.500000 33.113018
327.000000 6.725828
327.500000 -4.938627
328.000000 59.096659
328.500000 32.114690
329.000000 36.218474
329.500000 18.771016
330.000000 25.408322
330.500000 16.820397
331.000000 70.580249
331.500000 23.173882
332.000000 -38.976697
332.500000 76.357518
333.000000 39.662532
333.500000 22.241352
334.000000 -1.970017
334.500000 -23.161569
335.000000 -57.359297
335.500000 27.923804
336.000000 18.592739
336.500000 12.995516
337.000000 0.238140
337.500000 10.227617
338.000000 -15.857048
338.500000 15.576152
339.000000 32.302223
339.500000 39.475170
340.000000 0.000000
340.500000 -7.248283
341.000000 15.959324
341.500000 -2.072180
342.000000 6.504207
342.500000 -13.790514
343.000000 26.673657
343.500000 56.015721
344.000000 -6.363321
344.500000 26.406531
345.000000 -54.229721
345.500000 4.425922
346.000000 35.419463
346.500000 44.464902
347.000000 3.132238
347.500000 38.680474
348.000000 26.999610
348.500000 54.029647
349.000000 11.785586
349.500000 16.068426
350.000000 -21.357830
350.500000 15.171818
351.000000 63.279370
351.500000 59.882827
352.000000 -16.562809
352.500000 22.821462
353.000000 26.716640
353.500000 82.810727
354.000000 23.854723
354.500000 23.910629
355.000000 -4.641554
355.500000 -22.571825
356.000000 -3.526184
356.500000 -8.653630
357.000000 54.328838
357.500000 12.493221
358.000000 35.963519
358.500000 -37.909267
359.000000 -0.561136
359.500000 23.720913
360.000000 -30.496119
360.500000 -38.266233
361.000000 36.030574
361.500000 -25.314698
362.000000 -26.702049
362.500000 -21.755477
363.000000 -5.128982
363.500000 19.977437
364.000000 -35.728219
364.500000 49.107050
365.000000 -17.041755
365.500000 39.961367
366.000000 25.480418
366.500000 -21.875604
367.000000 17.532304
367.500000 29.403143
368.000000 15.583912
368.500000 68.477612
369.000000 52.240246
369.500000 -0.044188
370.000000 0.113312
370.500000 -31.515253
371.000000 7.824118
371.500000 -40.426575
372.000000 -56.682331
372.500000 -1.206149
373.000000 -2.608029
373.500000 18.863031
374.000000 -20.143969
374.500000 -11.542028
375.000000 34.910855
375.500000 39.045680
376.000000 44.169448
376.500000 14.617161
377.000000 17.374818
377.500000 -50.873579
378.000000 -4.856030
378.500000 -13.115534
379.000000 1.818910
379.500000 -30.964697
380.000000 11.804645
380.500000 -0.097062
381.000000 -10.064819
381.500000 5.481376
382.000000 19.621524
382.500000 7.723625
383.000000 -14.185320
383.500000 13.405690
384.000000 39.847655
384.500000 29.960577
385.000000 23.572456
385.500000 62.097293
386.000000 -9.805911
386.500000 -3.305156
387.000000 -4.082441
387.500000 32.874236
388.000000 4.267874
388.500000 40.509475
389.000000 -15.309961
389.500000 -15.556433
390.000000 -2.627940
390.500000 17.453519
391.000000 -31.693056
391.500000 -44.928663
392.000000 47.075697
392.500000 4.980026
393.000000 80.330325
393.500000 62.387593
394.000000 36.911833
394.500000 -15.893955
395.000000 -10.572770
395.500000 10.282387
396.000000 -20.730481
396.500000 -15.494374
397.000000 35.692709
397.500000 -11.249232
398.000000 0.280804
398.500000 -9.320182
399.000000 -19.785188
399.500000 6.637784
400.000000 47.214737
400.500000 -19.088329
401.000000 4.221587
401.500000 -16.476514
402.000000 -18.648632
402.500000 19.864234
403.000000 -14.743915
403.500000 -9.909078
404.000000 5.745746
404.500000 24.234557
405.000000 7.388355
405.500000 -8.581857
406.000000 -40.073080
406.500000 -10.930312
407.000000 -14.193553
407.500000 -7.513803
408.000000 -56.269059
408.500000 27.992678
409.000000 -22.958591
409.500000 22.419135
410.000000 8.078857
410.500000 22.815575
411.000000 22.063291
411.500000 -14.946995
412.000000 -53.583282
412.500000 4.294430
413.000000 -92.436857
413.500000 20.406857
414.000000 13.532573
414.500000 55.148292
415.000000 -4.645986
415.500000 23.392740
416.000000 -58.714528
416.500000 -24.301791
417.000000 -70.946047
417.500000 11.777705
418.000000 24.403464
418.500000 63.158233
419.000000 -44.497989
419.500000 1.918799
420.000000 -19.718401
420.500000 -61.820589
421.000000 -52.080764
421.500000 12.987074
422.000000 -14.991074
422.500000 84.908794
423.000000 37.532677
423.500000 -26.404423
424.000000 -8.950505
424.500000 -10.170569
425.000000 4.743385
425.500000 -9.392640
426.000000 35.723355
426.500000 50.174371
427.000000 24.789409
427.500000 -4.203530
428.000000 -16.787445
428.500000 -5.597336
429.000000 35.855798
429.500000 -67.419042
430.000000 9.008145
430.500000 -2.852641
431.000000 -5.549399
431.500000 12.067873
432.000000 -35.309826
432.500000 21.272506
433.000000 -15.031131
433.500000 -81.402736
434.000000 -49.703308
434.500000 -43.801846
435.000000 -3.331350
435.500000 48.988181
436.000000 16.024749
436.500000 22.330353
437.000000 23.056994
437.500000 17.090674
438.000000 6.335393
438.500000 -15.955849
439.000000 -49.456049
439.500000 -25.937209
440.000000 -33.528326
440.500000 -15.796400
441.000000 20.484569
441.500000 -27.581417
442.000000 -54.378358
442.500000 -66.274253
443.000000 -13.044101
443.500000 -29.700902
444.000000 12.351345
444.500000 -49.480358
445.000000 5.131989
445.500000 -0.583614
446.000000 12.310835
446.500000 -29.328664
447.000000 7.734889
447.500000 -36.567503
448.000000 -44.579841
448.500000 35.847876
449.000000 12.544649
449.500000 -19.227521
450.000000 -16.858633
450.500000 19.140313
451.000000 11.953318
451.500000 -5.964616
452.000000 -29.284491
452.500000 -1.304303
453.000000 -42.952054
453.500000 41.214259
454.000000 -40.012365
454.500000 -2.720924
455.000000 -12.529418
455.500000 -10.091846
456.000000 -31.544207
456.500000 -75.874500
457.000000 -5.519725
457.500000 -19.492881
458.000000 -29.228967
458.500000 -12.840982
459.000000 -40.637926
459.500000 -16.390797
460.000000 -48.710595
460.500000 -26.557320
461.000000 8.349030
461.500000 -29.939544
462.000000 23.680958
462.500000 43.508536
463.000000 -51.436808
463.500000 -22.516073
464.000000 -30.884259
464.500000 16.072634
465.000000 -32.375391
465.500000 16.279665
466.000000 -17.482196
466.500000 -7.425975
467.000000 -24.305669
467.500000 10.336721
468.000000 24.573196
468.500000 17.542758
469.000000 -1.432594
469.500000 13.554142
470.000000 67.386967
470.500000 39.239881
471.000000 -30.107115
471.500000 -58.696020
472.000000 4.617166
472.500000 35.791445
473.000000 -47.927183
473.500000 -43.861717
474.000000 -57.753157
474.500000 -17.933501
475.000000 -30.090749
475.500000 16.993101
476.000000 -12.388953
476.500000 -37.456907
477.000000 -20.672762
477.500000 10.553482
478.000000 -26.829172
478.500000 -5.174725
479.000000 -60.508175
479.500000 29.513478
480.000000 -36.691765
480.500000 -22.092904
481.000000 -38.512937
481.500000 -29.867864
482.000000 -31.473684
482.500000 -27.794395
483.000000 -27.786999
483.500000 -68.339493
484.000000 -42.689877
484.500000 6.954850
485.000000 -29.359311
485.500000 -60.261360
486.000000 24.782704
486.500000 -23.377117
487.000000 25.402176
487.500000 -48.892416
488.000000 50.094109
488.500000 -76.217249
489.000000 -26.469489
489.500000 -48.849610
490.000000 8.201387
490.500000 30.213505
491.000000 -0.015256
491.500000 0.680105
492.000000 -16.115412
492.500000 -45.619806
493.000000 -87.919075
493.500000 66.762780
494.000000 12.721761
494.500000 -27.635132
495.000000 -2.951898
495.500000 -6.703536
496.000000 30.628955
496.500000 -46.332425
497.000000 -58.129674
497.500000 -6.717793
498.000000 29.752220
498.500000 -42.745634
499.000000 23.096645
499.500000 -73.564942
500.000000 -38.805394
500.500000 -59.294710
501.000000 -21.731890
501.500000 -6.649933
502.000000 -57.139838
502.500000 1.955395
503.000000 -43.337231
503.500000 -29.556718
504.000000 -78.603064
504.500000 -61.006267
505.000000 12.576672
505.500000 0.431754
506.000000 8.886980
506.500000 -47.507649
507.000000 -6.862132
507.500000 39.461531
508.000000 -22.172658
508.500000 -31.736700
509.000000 -35.354593
509.500000 -39.610336
510.000000 -16.992929
510.500000 -12.946371
511.000000 -14.310661
511.500000 -13.258799
512.000000 18.882217
512.500000 -20.345613
513.000000 -13.752288
513.500000 2.317193
514.000000 -45.106170
514.500000 73.709625
515.000000 8.296577
515.500000 -39.362312
516.000000 -54.285041
516.500000 15.758390
517.000000 -28.514017
517.500000 -32.354263
518.000000 7.978653
518.500000 -58.730266
519.000000 -5.468022
519.500000 -51.590613
520.000000 -51.859038
520.500000 3.998704
521.000000 -52.602387
521.500000 -46.587310
522.000000 -26.495064
522.500000 -70.428649
523.000000 -20.115063
523.500000 -20.143306
524.000000 4.821623
524.500000 -0.051276
525.000000 19.300000
525.500000 17.928449
526.000000 -21.411927
526.500000 -24.157127
527.000000 -57.745150
527.500000 -32.985996
528.000000 -15.066664
528.500000 -50.481153
529.000000 -44.622462
529.500000 4.776409
530.000000 -31.601539
530.500000 4.484695
531.000000 16.393112
531.500000 -1.608287
532.000000 -19.822503
532.500000 -35.927533
533.000000 7.616623
533.500000 -8.442035
534.000000 -48.049505
534.500000 9.881212
535.000000 22.634119
535.500000 -40.673785
536.000000 -44.019498
536.500000 -17.098020
537.000000 11.269650
537.500000 -31.833487
538.000000 28.147570
538.500000 -17.168179
539.000000 1.663266
539.500000 -41.916092
540.000000 -27.911253
540.500000 44.566782
541.000000 -38.434984
541.500000 -49.842551
542.000000 -21.010918
542.500000 -89.597085
543.000000 -33.339050
543.500000 -61.167814
544.000000 5.178626
544.500000 45.076269
545.000000 10.992116
545.500000 -32.741831
546.000000 -33.529573
546.500000 -31.268108
547.000000 2.607565
547.500000 10.586445
548.000000 -0.083465
548.500000 -33.937165
549.000000 10.567345
549.500000 -18.278934
550.000000 0.000000
550.500000 -3.555638
551.000000 -34.409065
551.500000 -24.658282
552.000000 -25.650289
552.500000 32.481911
553.000000 -13.702682
553.500000 4.820929
554.000000 -71.623256
554.500000 -43.578238
555.000000 -30.372019
555.500000 51.240400
556.000000 -10.277983
556.500000 -20.509168
557.000000 -41.799158
557.500000 -70.986953
558.000000 -19.905554
558.500000 -6.393964
559.000000 17.504818
559.500000 2.880788
560.000000 -7.659053
560.500000 10.756293
561.000000 -42.371176
561.500000 -68.985461
562.000000 -54.319562
562.500000 -18.971483
563.000000 15.287778
563.500000 -40.007783
564.000000 7.253834
564.500000 1.268627
565.000000 8.380596
565.500000 -34.561262
566.000000 -14.611947
566.500000 -40.520462
567.000000 -45.223806
567.500000 -13.951981
568.000000 2.009010
568.500000 -2.734832
569.000000 -7.654509
569.500000 3.642976
570.000000 -10.190376
570.500000 -21.979567
571.000000 23.433401
571.500000 3.459527
572.000000 -6.258190
572.500000 -59.260751
573.000000 -36.511158
573.500000 6.587588
574.000000 -61.965514
574.500000 -100.554466
575.000000 -21.811269
575.500000 -20.413924
576.000000 -35.356433
576.500000 -33.355797
577.000000 -47.637016
577.500000 -17.902094
578.000000 -21.072030
578.500000 -73.480826
579.000000 19.159517
579.500000 -47.554003
580.000000 1.407613
580.500000 -62.632636
581.000000 -12.732752
581.500000 -42.600736
582.000000 22.023411
582.500000 -23.678312
583.000000 17.658093
583.500000 -50.829375
584.000000 2.260282
584.500000 44.817064
585.000000 -25.606031
585.500000 36.607995
586.000000 22.460142
586.500000 -60.509592
587.000000 -22.106208
587.500000 -16.520708
588.000000 -51.508092
588.500000 -13.955363
589.000000 -7.956521
589.500000 1.961432
590.000000 -12.047504
590.500000 -30.124332
591.000000 -24.272053
591.500000 -18.573667
592.000000 -21.292177
592.500000 -39.065584
593.000000 -33.978888
593.500000 -6.392091
594.000000 15.524805
594.500000 12.359800
595.000000 -12.408108
595.500000 37.630079
596.000000 -4.457640
596.500000 -62.097265
597.000000 1.448201
597.500000 -67.893242
598.000000 25.216404
598.500000 73.850138
599.000000 10.013959
599.500000 47.864864
600.000000 59.440854
600.500000 35.458926
601.000000 23.990080
601.500000 60.409314
602.000000 37.638626
602.500000 39.711016
603.000000 81.986482
603.500000 94.264023
604.000000 25.606637
604.500000 54.125323
605.000000 71.582081
605.500000 96.237908
606.000000 52.029803
606.500000 155.875766
607.000000 152.547794
607.500000 132.177887
608.000000 134.295042
608.500000 146.624260
609.000000 135.774538
609.500000 206.421875
610.000000 261.665270
610.500000 203.059722
611.000000 222.878229
611.500000 265.698790
612.000000 258.571403
612.500000 249.851068
613.000000 309.802783
613.500000 303.814547
614.000000 323.081359
614.500000 357.188216
615.000000 349.178119
615.500000 349.448065
616.000000 461.851053
616.500000 424.284082
617.000000 470.376151
617.500000 382.638259
618.000000 554.255403
618.500000 524.411583
619.000000 584.258798
619.500000 630.039046
620.000000 614.159325
620.500000 699.579635
621.000000 700.339975
621.500000 761.650342
622.000000 785.600736
622.500000 803.701156
623.000000 846.271599
623.500000 926.872065
624.000000 972.602553
624.500000 961.033060
625.000000 1026.843587
625.500000 1071.694131
626.000000 1103.654691
626.500000 1224.645267
627.000000 1218.735856
627.500000 1306.906457
628.000000 1352.937069
628.500000 1341.817691
629.000000 1439.148321
629.500000 1480.568959
630.000000 1570.169602
630.500000 1628.170250
631.000000 1674.340901
631.500000 1711.891554
632.000000 1833.422207
632.500000 1847.702860
633.000000 1931.913511
633.500000 2004.074158
634.000000 2074.664801
634.500000 2107.395438
635.000000 2207.956068
635.500000 2260.266689
636.000000 2281.367300
636.500000 2396.367901
637.000000 2418.708488
637.500000 2534.489063
638.000000 2641.699622
638.500000 2706.820164
639.000000 2699.300690
639.500000 2823.971196
640.000000 2872.731682
640.500000 2900.802146
641.000000 2979.982588
641.500000 3000.193005
642.000000 3137.573397
642.500000 3151.603763
643.000000 3224.774100
643.500000 3282.494408
644.000000 3384.564685
644.500000 3463.664930
645.000000 3473.275142
645.500000 3572.575320
646.000000 3578.115461
646.500000 3647.845566
647.000000 3700.545632
647.500000 3751.175658
648.000000 3825.885643
648.500000 3889.155586
649.000000 3833.815485
649.500000 3942.075339
650.000000 3964.615147
650.500000 4015.224907
651.000000 4070.314619
651.500000 4079.044280
652.000000 4075.763889
652.500000 4050.403446
653.000000 4136.652949
653.500000 4189.502396
654.000000 4217.061787
654.500000 4180.401120
655.000000 4237.970393
655.500000 4259.309606
656.000000 4241.738757
656.500000 4271.697845
657.000000 4249.446868
657.500000 4223.275825
658.000000 4274.914715
658.500000 4253.843537
659.000000 4209.452289
659.500000 4198.350970
660.000000 4216.509579
660.500000 4164.128114
661.000000 4155.486574
661.500000 4150.084958
662.000000 4062.113265
662.500000 4064.091492
663.000000 4076.739640
663.500000 3965.487706
664.000000 3918.475689
664.500000 3893.673588
665.000000 3872.651402
665.500000 3819.359129
666.000000 3843.616769
666.500000 3731.984319
667.000000 3752.831778
667.500000 3631.229146
668.000000 3595.516420
668.500000 3472.963600
669.000000 3482.270684
669.500000 3424.227671
670.000000 3357.864560
670.500000 3274.071349
671.000000 3184.658037
671.500000 3210.174623
672.000000 3074.041106
672.500000 3049.857483
673.000000 2976.383754
673.500000 2998.689918
674.000000 2834.835973
674.500000 2818.411918
675.000000 2693.237751
675.500000 2668.143472
676.000000 2626.639078
676.500000 2555.944570
677.000000 2426.719945
677.500000 2385.715202
678.000000 2327.740339
678.500000 2273.455357
679.000000 2179.340252
679.500000 2159.425024
680.000000 2089.949672
680.500000 2010.354194
681.000000 1951.418589
681.500000 1815.432856
682.000000 1791.736994
682.500000 1768.491000
683.000000 1727.034874
683.500000 1665.328614
684.000000 1570.362220
684.500000 1517.315690
685.000000 1478.159022
685.500000 1414.112215
686.000000 1405.775268
686.500000 1351.188180
687.000000 1222.040950
687.500000 1194.313575
688.000000 1155.166055
688.500000 1142.278389
689.000000 1024.080574
689.500000 1010.752611
690.000000 971.364497
690.500000 909.526231
691.000000 841.397813
691.500000 800.599239
692.000000 812.560511
692.500000 696.561625
693.000000 723.182581
693.500000 686.973377
694.000000 685.634013
694.500000 590.602486
695.000000 607.404796
695.500000 583.491941
696.000000 489.192920
696.500000 517.123732
697.000000 520.873374
697.500000 448.071847
698.000000 393.597149
698.500000 380.458278
699.000000 333.526233
699.500000 370.736013
700.000000 293.072616
700.500000 305.892042
701.000000 271.540288
701.500000 222.964354
702.000000 283.218239
702.500000 220.848940
703.000000 307.557457
703.500000 239.967789
704.000000 200.921933
704.500000 175.429889
705.000000 115.150656
705.500000 175.919232
706.000000 188.633616
706.500000 125.885806
707.000000 84.596801
707.500000 155.632601
708.000000 64.662203
708.500000 115.612607
709.000000 111.844810
709.500000 107.103813
710.000000 137.103612
710.500000 74.693208
711.000000 86.721599
711.500000 62.273783
712.000000 71.876760
712.500000 63.533527
713.000000 34.738085
713.500000 22.574430
714.000000 79.971563
714.500000 30.554481
715.000000 15.579183
715.500000 43.651669
716.000000 29.932937
716.500000 38.277985
717.000000 -5.078188
717.500000 40.103417
718.000000 79.776799
718.500000 54.307956
719.000000 -39.789112
719.500000 -20.296408
720.000000 37.600067
720.500000 -27.148688
721.000000 -6.650674
721.500000 -57.192892
722.000000 18.300656
722.500000 44.702969
723.000000 -7.091955
723.500000 28.877884
724.000000 -57.606517
724.500000 23.203843
725.000000 -26.234040
725.500000 -8.666165
726.000000 -1.670534
726.500000 -43.836149
727.000000 -17.163011
727.500000 13.125879
728.000000 -14.297481
728.500000 -25.544091
729.000000 -41.444953
729.500000 -48.683068
730.000000 -34.051438
730.500000 -40.368064
731.000000 13.250052
731.500000 -14.720090
732.000000 -22.145491
732.500000 -49.032154
733.000000 -28.850080
733.500000 -32.029269
734.000000 -34.772723
734.500000 39.088557
735.000000 -0.781431
735.500000 60.393311
736.000000 37.316784
736.500000 -35.710015
737.000000 -51.464087
737.500000 6.306567
738.000000 13.684946
738.500000 26.751047
739.000000 -46.014129
739.500000 18.752415
740.000000 -49.969321
740.500000 -3.881340
741.000000 -14.864641
741.500000 39.196772
742.000000 -21.413100
742.500000 -55.076259
743.000000 -31.259707
743.500000 -22.735445
744.000000 -43.332474
744.500000 -29.226795
745.000000 -70.725410
745.500000 32.266680
746.000000 -77.240526
746.500000 -41.755030
747.000000 -12.173833
747.500000 13.344064
748.000000 -2.032341
748.500000 41.731952
749.000000 -70.504059
749.500000 -46.327376
750.000000 0.000000
750.500000 -18.846882
751.000000 -23.702071
751.500000 13.045434
752.000000 24.387633
752.500000 -75.308473
753.000000 -26.581883
753.500000 -9.247596
754.000000 -21.488611
754.500000 -84.857928
755.000000 17.967454
755.500000 -48.355464
756.000000 -4.457681
756.500000 12.224803
757.000000 -19.187010
757.500000 7.799880
758.000000 22.647474
758.500000 -13.587227
759.000000 -12.804222
759.500000 -27.907511
760.000000 9.296907
760.500000 12.052033
761.000000 3.091868
761.500000 -18.353588
762.000000 7.348667
762.500000 62.184633
763.000000 -45.477689
763.500000 -73.615298
764.000000 10.284807
764.500000 -16.032374
765.000000 10.954160
765.500000 -10.588589
766.000000 4.915378
766.500000 30.852062
767.000000 -24.603534
767.500000 -27.250412
768.000000 -81.555569
768.500000 -25.336006
769.000000 -13.235721
769.500000 28.722286
770.000000 -2.457983
770.500000 20.358472
771.000000 5.608651
771.500000 -12.169444
772.000000 -52.305812
772.500000 13.249547
773.000000 22.602634
773.500000 -53.396550
774.000000 -60.582005
774.500000 31.330271
775.000000 -50.284721
775.500000 16.637018
776.000000 -31.737510
776.500000 12.250696
777.000000 -38.916363
777.500000 -8.252688
778.000000 -92.307276
778.500000 6.193873
779.000000 -57.698241
779.500000 2.447384
780.000000 -59.651252
780.500000 -28.359148
781.000000 16.375697
781.500000 -33.885716
782.000000 -64.466387
782.500000 -8.857314
783.000000 -25.994497
783.500000 37.763064
784.000000 -23.889628
784.500000 34.294426
785.000000 -1.564773
785.500000 -16.353224
786.000000 17.759074
786.500000 -24.074878
787.000000 -28.796079
787.500000 -71.504530
788.000000 -31.470228
788.500000 22.394827
789.000000 -15.279364
789.500000 9.112199
790.000000 -64.680483
790.500000 54.415592
791.000000 -30.947577
791.500000 13.617013
792.000000 10.202360
792.500000 12.164468
793.000000 34.980335
793.500000 -24.157037
794.000000 23.045353
794.500000 11.751506
795.000000 -67.416578
795.500000 -59.393898
796.000000 1.694547
796.500000 10.899758
797.000000 3.282735
797.500000 31.871480
798.000000 -8.206007
798.500000 -65.003725
799.000000 2.267326
799.500000 -0.532851
800.000000 -30.144258
800.500000 -9.322892
801.000000 3.593247
801.500000 -0.381841
802.000000 -37.982153
802.500000 -11.528691
803.000000 -68.256452
803.500000 -12.412436
804.000000 7.812357
804.500000 -27.793071
805.000000 36.846281
805.500000 -43.281587
806.000000 -17.951675
806.500000 0.217020
807.000000 -13.350503
807.500000 -7.053242
808.000000 -31.446197
808.500000 -21.223367
809.000000 44.122248
809.500000 -28.817350
810.000000 -9.418160
810.500000 -2.491182
811.000000 -3.007415
811.500000 -45.316858
812.000000 -32.479511
812.500000 -14.129372
813.000000 -26.285441
813.500000 8.843283
814.000000 40.491801
814.500000 -66.909886
815.000000 -48.787778
815.500000 -60.515874
816.000000 13.294828
816.500000 -12.395673
817.000000 -23.405375
817.500000 -19.968278
818.000000 -0.243380
818.500000 5.975318
819.000000 20.245819
819.500000 48.839122
820.000000 16.650229
820.500000 -27.387861
821.000000 -29.197145
821.500000 -30.409623
822.000000 -16.152294
822.500000 47.135842
823.000000 -12.172214
823.500000 -33.824461
824.000000 28.679103
824.500000 -39.054523
825.000000 -36.453338
825.500000 -39.738340
826.000000 19.378471
826.500000 -49.530905
827.000000 10.687535
827.500000 46.366790
828.000000 12.286861
828.500000 -39.038251
829.000000 4.282455
829.500000 37.145980
830.000000 41.376325
830.500000 -22.179510
831.000000 2.708475
831.500000 -40.346717
832.000000 -14.742086
832.500000 -4.828632
833.000000 26.662646
833.500000 -23.257250
834.000000 -6.828321
834.500000 -43.337565
835.000000 -10.436981
835.500000 -18.159569
836.000000 -16.433328
836.500000 -15.885257
837.000000 22.338645
837.500000 -8.458622
838.000000 -2.053056
838.500000 20.506343
839.000000 -43.216424
839.500000 -40.189357
840.000000 42.156546
840.500000 1.878286
841.000000 -19.117138
841.500000 -29.888723
842.000000 -6.272470
842.500000 34.465623
843.000000 -33.989444
843.500000 40.635331
844.000000 5.313947
844.500000 -27.449593
845.000000 -20.791291
845.500000 41.644856
846.000000 -24.874151
846.500000 47.393687
847.000000 0.088372
847.500000 -26.787095
848.000000 11.870286
848.500000 -2.540484
849.000000 14.468597
849.500000 -54.336472
850.000000 14.121310
850.500000 25.181945
851.000000 3.704434
851.500000 27.617776
852.000000 -57.183027
852.500000 6.397026
853.000000 -67.864065
853.500000 11.930701
854.000000 -1.233675
854.500000 0.729808
855.000000 -3.947849
855.500000 22.512354
856.000000 -19.610581
856.500000 -7.805655
857.000000 -50.410866
857.500000 -10.151213
858.000000 -39.728695
858.500000 -36.760313
859.000000 9.610936
859.500000 -13.477949
860.000000 -23.588966
860.500000 -0.080114
861.000000 -29.985393
861.500000 48.062197
862.000000 -46.702341
862.500000 -27.985008
863.000000 46.794198
863.500000 44.155277
864.000000 -29.115770
864.500000 -10.200942
865.000000 -37.824238
865.500000 54.631342
866.000000 -10.698201
866.500000 -27.773865
867.000000 21.558349
867.500000 -20.049557
868.000000 -32.858583
868.500000 -9.848727
869.000000 29.744011
869.500000 -67.633369
870.000000 -24.191864
870.500000 2.065525
871.000000 -1.445201
871.500000 35.536959
872.000000 62.048006
872.500000 9.031941
873.000000 23.569764
873.500000 31.330477
874.000000 -1.135921
874.500000 26.119573
875.000000 -23.537042
875.500000 21.205236
876.000000 -0.090593
876.500000 9.874473
877.000000 -18.453567
877.500000 -20.499711
878.000000 -22.785959
878.500000 -46.853309
879.000000 11.203239
879.500000 15.158685
880.000000 -57.656968
880.500000 -18.986721
881.000000 46.025427
881.500000 82.024478
882.000000 -10.676569
882.500000 -29.747712
883.000000 -31.024950
883.500000 19.136717
884.000000 22.477290
884.500000 17.163771
885.000000 -22.934842
885.500000 4.972455
886.000000 -39.821339
886.500000 14.457777
887.000000 -27.495196
887.500000 10.926742
888.000000 -2.173406
888.500000 -23.369642
889.000000 -4.732963
889.500000 15.154631
890.000000 24.178140
890.500000 0.751566
891.000000 -2.145090
891.500000 -69.655829
892.000000 -3.119648
892.500000 36.168453
893.000000 -18.632526
893.500000 32.743416
894.000000 62.802280
894.500000 2.002068
895.000000 -5.368221
895.500000 -45.871585
896.000000 -12.011023
896.500000 -6.410536
897.000000 26.164879
897.500000 -19.885779
898.000000 20.674492
898.500000 14.029693
899.000000 15.760823
899.500000 -2.361115
900.000000 -6.496122
900.500000 9.283804
901.000000 32.625664
901.500000 25.902457
902.000000 23.720186
902.500000 -0.532149
903.000000 -24.271548
903.500000 -1.265010
904.000000 20.509467
904.500000 37.650883
905.000000 -22.641761
905.500000 -1.189465
906.000000 -6.381227
906.500000 -28.726047
907.000000 7.335076
907.500000 -8.016857
908.000000 48.429154
908.500000 -9.193889
909.000000 18.703015
909.500000 0.412865
910.000000 -38.384337
910.500000 -64.333590
911.000000 25.480106
911.500000 -29.141247
912.000000 -52.758650
912.500000 13.661900
913.000000 43.542402
913.500000 -27.386142
914.000000 24.165268
914.500000 21.944633
915.000000 41.415954
915.500000 -39.436769
916.000000 7.697466
916.500000 58.017659
917.000000 6.328812
917.500000 65.914924
918.000000 10.032997
918.500000 23.578032
919.000000 32.665029
919.500000 5.664988
920.000000 34.854912
920.500000 51.572801
921.000000 14.368655
921.500000 35.828475
922.000000 -19.037737
922.500000 -10.055982
923.000000 10.209742
923.500000 14.948436
924.000000 -28.901901
924.500000 27.598735
925.000000 3.974341
925.500000 -21.835079
926.000000 56.230474
926.500000 2.217002
927.000000 12.993505
927.500000 27.001983
928.000000 13.921438
928.500000 -10.298129
929.000000 46.973283
929.500000 31.275673
930.000000 21.292043
930.500000 26.254394
931.000000 8.630727
931.500000 -32.255958
932.000000 -25.292660
932.500000 2.025622
933.000000 -40.862111
933.500000 10.949141
934.000000 -0.063620
934.500000 73.141606
935.000000 5.037820
935.500000 16.527022
936.000000 60.066215
936.500000 19.235397
937.000000 -32.560429
937.500000 -30.241263
938.000000 7.905895
938.500000 10.203047
939.000000 -31.788806
939.500000 16.182336
940.000000 -28.789527
940.500000 73.820608
941.000000 20.358740
941.500000 -39.326130
942.000000 0.000000
