0	0.666667
0.01001	0.65678
0.02002	0.647136
0.03003	0.637726
0.04004	0.628541
0.0500501	0.619575
0.0600601	0.61082
0.0700701	0.602269
0.0800801	0.593916
0.0900901	0.585754
0.1001	0.577777
0.11011	0.56998
0.12012	0.562357
0.13013	0.554902
0.14014	0.54761
0.15015	0.540477
0.16016	0.533497
0.17017	0.526666
0.18018	0.51998
0.19019	0.513433
0.2002	0.507024
0.21021	0.500746
0.22022	0.494597
0.23023	0.488573
0.24024	0.48267
0.25025	0.476885
0.26026	0.471214
0.27027	0.465655
0.28028	0.460205
0.29029	0.45486
0.3003	0.449618
0.31031	0.444475
0.32032	0.43943
0.33033	0.43448
0.34034	0.429622
0.35035	0.424853
0.36036	0.420173
0.37037	0.415577
0.38038	0.411065
0.39039	0.406634
0.4004	0.402282
0.41041	0.398007
0.42042	0.393807
0.43043	0.38968
0.44044	0.385626
0.45045	0.38164
0.46046	0.377724
0.47047	0.373873
0.48048	0.370088
0.49049	0.366366
0.500501	0.362706
0.510511	0.359106
0.520521	0.355566
0.530531	0.352084
0.540541	0.348658
0.550551	0.345287
0.560561	0.34197
0.570571	0.338706
0.580581	0.335493
0.590591	0.332331
0.600601	0.329219
0.610611	0.326154
0.620621	0.323137
0.630631	0.320166
0.640641	0.31724
0.650651	0.314359
0.660661	0.311521
0.670671	0.308725
0.680681	0.305971
0.690691	0.303258
0.700701	0.300585
0.710711	0.29795
0.720721	0.295354
0.730731	0.292796
0.740741	0.290274
0.750751	0.287788
0.760761	0.285337
0.770771	0.282921
0.780781	0.280539
0.790791	0.27819
0.800801	0.275874
0.810811	0.273589
0.820821	0.271336
0.830831	0.269114
0.840841	0.266922
0.850851	0.26476
0.860861	0.262626
0.870871	0.260521
0.880881	0.258444
0.890891	0.256395
0.900901	0.254372
0.910911	0.252376
0.920921	0.250406
0.930931	0.248461
0.940941	0.246542
0.950951	0.244647
0.960961	0.242776
0.970971	0.240929
0.980981	0.239105
0.990991	0.237304
1.001	0.235525
1.01101	0.233769
1.02102	0.232034
1.03103	0.230321
1.04104	0.228629
1.05105	0.226957
1.06106	0.225306
1.07107	0.223674
1.08108	0.222063
1.09109	0.22047
1.1011	0.218896
1.11111	0.217341
1.12112	0.215805
1.13113	0.214286
1.14114	0.212785
1.15115	0.211301
1.16116	0.209835
1.17117	0.208386
1.18118	0.206953
1.19119	0.205536
1.2012	0.204136
1.21121	0.202751
1.22122	0.201382
1.23123	0.200028
1.24124	0.19869
1.25125	0.197366
1.26126	0.196057
1.27127	0.194762
1.28128	0.193482
1.29129	0.192215
1.3013	0.190963
1.31131	0.189723
1.32132	0.188498
1.33133	0.187285
1.34134	0.186085
1.35135	0.184898
1.36136	0.183724
1.37137	0.182562
1.38138	0.181412
1.39139	0.180274
1.4014	0.179148
1.41141	0.178034
1.42142	0.176931
1.43143	0.175839
1.44144	0.174759
1.45145	0.17369
1.46146	0.172631
1.47147	0.171583
1.48148	0.170546
1.49149	0.169519
1.5015	0.168503
1.51151	0.167497
1.52152	0.1665
1.53153	0.165514
1.54154	0.164537
1.55155	0.163569
1.56156	0.162612
1.57157	0.161663
1.58158	0.160724
1.59159	0.159793
1.6016	0.158872
1.61161	0.15796
1.62162	0.157056
1.63163	0.15616
1.64164	0.155274
1.65165	0.154395
1.66166	0.153525
1.67167	0.152663
1.68168	0.151809
1.69169	0.150963
1.7017	0.150125
1.71171	0.149294
1.72172	0.148472
1.73173	0.147656
1.74174	0.146848
1.75175	0.146048
1.76176	0.145254
1.77177	0.144468
1.78178	0.143689
1.79179	0.142917
1.8018	0.142152
1.81181	0.141393
1.82182	0.140642
1.83183	0.139897
1.84184	0.139158
1.85185	0.138426
1.86186	0.137701
1.87187	0.136981
1.88188	0.136268
1.89189	0.135561
1.9019	0.13486
1.91191	0.134166
1.92192	0.133477
1.93193	0.132794
1.94194	0.132117
1.95195	0.131445
1.96196	0.130779
1.97197	0.130119
1.98198	0.129465
1.99199	0.128815
2.002	0.128172
2.01201	0.127533
2.02202	0.1269
2.03203	0.126272
2.04204	0.12565
2.05205	0.125032
2.06206	0.124419
2.07207	0.123812
2.08208	0.123209
2.09209	0.122611
2.1021	0.122018
2.11211	0.12143
2.12212	0.120846
2.13213	0.120268
2.14214	0.119693
2.15215	0.119124
2.16216	0.118558
2.17217	0.117998
2.18218	0.117441
2.19219	0.116889
2.2022	0.116342
2.21221	0.115798
2.22222	0.115259
2.23223	0.114724
2.24224	0.114193
2.25225	0.113666
2.26226	0.113144
2.27227	0.112625
2.28228	0.11211
2.29229	0.111599
2.3023	0.111092
2.31231	0.110589
2.32232	0.11009
2.33233	0.109594
2.34234	0.109102
2.35235	0.108614
2.36236	0.108129
2.37237	0.107648
2.38238	0.10717
2.39239	0.106696
2.4024	0.106226
2.41241	0.105759
2.42242	0.105295
2.43243	0.104835
2.44244	0.104378
2.45245	0.103924
2.46246	0.103474
2.47247	0.103027
2.48248	0.102583
2.49249	0.102142
2.5025	0.101705
2.51251	0.10127
2.52252	0.100839
2.53253	0.100411
2.54254	0.0999853
2.55255	0.099563
2.56256	0.0991437
2.57257	0.0987273
2.58258	0.0983138
2.59259	0.0979032
2.6026	0.0974954
2.61261	0.0970905
2.62262	0.0966883
2.63263	0.096289
2.64264	0.0958923
2.65265	0.0954984
2.66266	0.0951072
2.67267	0.0947186
2.68268	0.0943327
2.69269	0.0939494
2.7027	0.0935687
2.71271	0.0931905
2.72272	0.0928149
2.73273	0.0924418
2.74274	0.0920712
2.75275	0.0917031
2.76276	0.0913374
2.77277	0.0909741
2.78278	0.0906132
2.79279	0.0902547
2.8028	0.0898986
2.81281	0.0895448
2.82282	0.0891934
2.83283	0.0888442
2.84284	0.0884973
2.85285	0.0881526
2.86286	0.0878102
2.87287	0.08747
2.88288	0.0871319
2.89289	0.0867961
2.9029	0.0864624
2.91291	0.0861308
2.92292	0.0858013
2.93293	0.085474
2.94294	0.0851487
2.95295	0.0848255
2.96296	0.0845043
2.97297	0.0841851
2.98298	0.083868
2.99299	0.0835528
3.003	0.0832396
3.01301	0.0829283
3.02302	0.082619
3.03303	0.0823116
3.04304	0.0820061
3.05305	0.0817025
3.06306	0.0814007
3.07307	0.0811009
3.08308	0.0808028
3.09309	0.0805066
3.1031	0.0802121
3.11311	0.0799195
3.12312	0.0796286
3.13313	0.0793395
3.14314	0.0790522
3.15315	0.0787665
3.16316	0.0784826
3.17317	0.0782004
3.18318	0.0779199
3.19319	0.0776411
3.2032	0.0773639
3.21321	0.0770883
3.22322	0.0768144
3.23323	0.0765421
3.24324	0.0762714
3.25325	0.0760023
3.26326	0.0757348
3.27327	0.0754689
3.28328	0.0752045
3.29329	0.0749416
3.3033	0.0746803
3.31331	0.0744204
3.32332	0.0741621
3.33333	0.0739053
3.34334	0.07365
3.35335	0.0733961
3.36336	0.0731437
3.37337	0.0728927
3.38338	0.0726431
3.39339	0.072395
3.4034	0.0721483
3.41341	0.071903
3.42342	0.071659
3.43343	0.0714165
3.44344	0.0711753
3.45345	0.0709355
3.46346	0.070697
3.47347	0.0704598
3.48348	0.070224
3.49349	0.0699894
3.5035	0.0697562
3.51351	0.0695243
3.52352	0.0692937
3.53353	0.0690643
3.54354	0.0688362
3.55355	0.0686093
3.56356	0.0683837
3.57357	0.0681593
3.58358	0.0679362
3.59359	0.0677142
3.6036	0.0674935
3.61361	0.0672739
3.62362	0.0670556
3.63363	0.0668384
3.64364	0.0666224
3.65365	0.0664076
3.66366	0.0661939
3.67367	0.0659813
3.68368	0.0657699
3.69369	0.0655596
3.7037	0.0653505
3.71371	0.0651424
3.72372	0.0649355
3.73373	0.0647296
3.74374	0.0645248
3.75375	0.0643211
3.76376	0.0641185
3.77377	0.0639169
3.78378	0.0637164
3.79379	0.063517
3.8038	0.0633185
3.81381	0.0631211
3.82382	0.0629248
3.83383	0.0627294
3.84384	0.0625351
3.85385	0.0623417
3.86386	0.0621494
3.87387	0.061958
3.88388	0.0617676
3.89389	0.0615782
3.9039	0.0613897
3.91391	0.0612023
3.92392	0.0610157
3.93393	0.0608301
3.94394	0.0606455
3.95395	0.0604618
3.96396	0.060279
3.97397	0.0600971
3.98398	0.0599161
3.99399	0.0597361
4.004	0.0595569
4.01401	0.0593787
4.02402	0.0592013
4.03403	0.0590248
4.04404	0.0588492
4.05405	0.0586744
4.06406	0.0585006
4.07407	0.0583275
4.08408	0.0581553
4.09409	0.057984
4.1041	0.0578135
4.11411	0.0576439
4.12412	0.057475
4.13413	0.057307
4.14414	0.0571398
4.15415	0.0569735
4.16416	0.0568079
4.17417	0.0566431
4.18418	0.0564791
4.19419	0.056316
4.2042	0.0561536
4.21421	0.0559919
4.22422	0.0558311
4.23423	0.055671
4.24424	0.0555117
4.25425	0.0553531
4.26426	0.0551953
4.27427	0.0550383
4.28428	0.0548819
4.29429	0.0547264
4.3043	0.0545715
4.31431	0.0544174
4.32432	0.054264
4.33433	0.0541114
4.34434	0.0539594
4.35435	0.0538082
4.36436	0.0536576
4.37437	0.0535078
4.38438	0.0533586
4.39439	0.0532102
4.4044	0.0530624
4.41441	0.0529153
4.42442	0.0527689
4.43443	0.0526232
4.44444	0.0524781
4.45445	0.0523337
4.46446	0.05219
4.47447	0.0520469
4.48448	0.0519045
4.49449	0.0517627
4.5045	0.0516216
4.51451	0.0514811
4.52452	0.0513412
4.53453	0.051202
4.54454	0.0510634
4.55455	0.0509255
4.56456	0.0507881
4.57457	0.0506514
4.58458	0.0505152
4.59459	0.0503797
4.6046	0.0502448
4.61461	0.0501105
4.62462	0.0499768
4.63463	0.0498437
4.64464	0.0497112
4.65465	0.0495792
4.66466	0.0494479
4.67467	0.0493171
4.68468	0.0491869
4.69469	0.0490572
4.7047	0.0489282
4.71471	0.0487997
4.72472	0.0486717
4.73473	0.0485444
4.74474	0.0484175
4.75475	0.0482913
4.76476	0.0481655
4.77477	0.0480404
4.78478	0.0479157
4.79479	0.0477916
4.8048	0.047668
4.81481	0.047545
4.82482	0.0474225
4.83483	0.0473005
4.84484	0.0471791
4.85485	0.0470581
4.86486	0.0469377
4.87487	0.0468178
4.88488	0.0466984
4.89489	0.0465795
4.9049	0.0464611
4.91491	0.0463432
4.92492	0.0462258
4.93493	0.0461089
4.94494	0.0459925
4.95495	0.0458766
4.96496	0.0457611
4.97497	0.0456462
4.98498	0.0455317
4.99499	0.0454177
5.00501	0.0453042
5.01502	0.0451912
5.02503	0.0450786
5.03504	0.0449665
5.04505	0.0448549
5.05506	0.0447437
5.06507	0.0446329
5.07508	0.0445227
5.08509	0.0444129
5.0951	0.0443035
5.10511	0.0441946
5.11512	0.0440861
5.12513	0.0439781
5.13514	0.0438705
5.14515	0.0437633
5.15516	0.0436566
5.16517	0.0435504
5.17518	0.0434445
5.18519	0.0433391
5.1952	0.0432341
5.20521	0.0431295
5.21522	0.0430254
5.22523	0.0429216
5.23524	0.0428183
5.24525	0.0427154
5.25526	0.0426129
5.26527	0.0425108
5.27528	0.0424092
5.28529	0.0423079
5.2953	0.042207
5.30531	0.0421065
5.31532	0.0420065
5.32533	0.0419068
5.33534	0.0418075
5.34535	0.0417086
5.35536	0.0416101
5.36537	0.041512
5.37538	0.0414143
5.38539	0.0413169
5.3954	0.04122
5.40541	0.0411234
5.41542	0.0410272
5.42543	0.0409313
5.43544	0.0408359
5.44545	0.0407408
5.45546	0.0406461
5.46547	0.0405517
5.47548	0.0404577
5.48549	0.0403641
5.4955	0.0402708
5.50551	0.0401779
5.51552	0.0400853
5.52553	0.0399931
5.53554	0.0399013
5.54555	0.0398098
5.55556	0.0397187
5.56557	0.0396279
5.57558	0.0395374
5.58559	0.0394473
5.5956	0.0393575
5.60561	0.0392681
5.61562	0.039179
5.62563	0.0390902
5.63564	0.0390018
5.64565	0.0389137
5.65566	0.038826
5.66567	0.0387386
5.67568	0.0386515
5.68569	0.0385647
5.6957	0.0384782
5.70571	0.0383921
5.71572	0.0383063
5.72573	0.0382208
5.73574	0.0381357
5.74575	0.0380508
5.75576	0.0379663
5.76577	0.037882
5.77578	0.0377981
5.78579	0.0377145
5.7958	0.0376312
5.80581	0.0375482
5.81582	0.0374655
5.82583	0.0373832
5.83584	0.0373011
5.84585	0.0372193
5.85586	0.0371378
5.86587	0.0370566
5.87588	0.0369757
5.88589	0.0368951
5.8959	0.0368148
5.90591	0.0367348
5.91592	0.0366551
5.92593	0.0365756
5.93594	0.0364965
5.94595	0.0364176
5.95596	0.036339
5.96597	0.0362607
5.97598	0.0361827
5.98599	0.036105
5.996	0.0360275
6.00601	0.0359503
6.01602	0.0358734
6.02603	0.0357968
6.03604	0.0357204
6.04605	0.0356443
6.05606	0.0355685
6.06607	0.035493
6.07608	0.0354177
6.08609	0.0353426
6.0961	0.0352679
6.10611	0.0351934
6.11612	0.0351192
6.12613	0.0350452
6.13614	0.0349715
6.14615	0.034898
6.15616	0.0348248
6.16617	0.0347519
6.17618	0.0346792
6.18619	0.0346068
6.1962	0.0345346
6.20621	0.0344627
6.21622	0.034391
6.22623	0.0343195
6.23624	0.0342483
6.24625	0.0341774
6.25626	0.0341067
6.26627	0.0340363
6.27628	0.033966
6.28629	0.0338961
6.2963	0.0338263
6.30631	0.0337569
6.31632	0.0336876
6.32633	0.0336186
6.33634	0.0335498
6.34635	0.0334812
6.35636	0.0334129
6.36637	0.0333449
6.37638	0.033277
6.38639	0.0332094
6.3964	0.033142
6.40641	0.0330748
6.41642	0.0330079
6.42643	0.0329412
6.43644	0.0328747
6.44645	0.0328084
6.45646	0.0327424
6.46647	0.0326765
6.47648	0.0326109
6.48649	0.0325456
6.4965	0.0324804
6.50651	0.0324154
6.51652	0.0323507
6.52653	0.0322862
6.53654	0.0322219
6.54655	0.0321578
6.55656	0.0320939
6.56657	0.0320303
6.57658	0.0319668
6.58659	0.0319036
6.5966	0.0318405
6.60661	0.0317777
6.61662	0.0317151
6.62663	0.0316526
6.63664	0.0315904
6.64665	0.0315284
6.65666	0.0314666
6.66667	0.031405
6.67668	0.0313436
6.68669	0.0312824
6.6967	0.0312214
6.70671	0.0311606
6.71672	0.0311
6.72673	0.0310395
6.73674	0.0309793
6.74675	0.0309193
6.75676	0.0308595
6.76677	0.0307998
6.77678	0.0307404
6.78679	0.0306811
6.7968	0.0306221
6.80681	0.0305632
6.81682	0.0305045
6.82683	0.030446
6.83684	0.0303877
6.84685	0.0303296
6.85686	0.0302716
6.86687	0.0302138
6.87688	0.0301563
6.88689	0.0300989
6.8969	0.0300417
6.90691	0.0299846
6.91692	0.0299278
6.92693	0.0298711
6.93694	0.0298146
6.94695	0.0297583
6.95696	0.0297022
6.96697	0.0296462
6.97698	0.0295904
6.98699	0.0295348
6.997	0.0294794
7.00701	0.0294241
7.01702	0.029369
7.02703	0.0293141
7.03704	0.0292594
7.04705	0.0292048
7.05706	0.0291504
7.06707	0.0290961
7.07708	0.0290421
7.08709	0.0289882
7.0971	0.0289344
7.10711	0.0288808
7.11712	0.0288274
7.12713	0.0287742
7.13714	0.0287211
7.14715	0.0286682
7.15716	0.0286154
7.16717	0.0285629
7.17718	0.0285104
7.18719	0.0284581
7.1972	0.028406
7.20721	0.0283541
7.21722	0.0283023
7.22723	0.0282507
7.23724	0.0281992
7.24725	0.0281478
7.25726	0.0280967
7.26727	0.0280457
7.27728	0.0279948
7.28729	0.0279441
7.2973	0.0278935
7.30731	0.0278431
7.31732	0.0277929
7.32733	0.0277428
7.33734	0.0276929
7.34735	0.0276431
7.35736	0.0275934
7.36737	0.0275439
7.37738	0.0274946
7.38739	0.0274453
7.3974	0.0273963
7.40741	0.0273474
7.41742	0.0272986
7.42743	0.02725
7.43744	0.0272015
7.44745	0.0271532
7.45746	0.027105
7.46747	0.0270569
7.47748	0.027009
7.48749	0.0269612
7.4975	0.0269136
7.50751	0.0268661
7.51752	0.0268188
7.52753	0.0267716
7.53754	0.0267245
7.54755	0.0266776
7.55756	0.0266308
7.56757	0.0265841
7.57758	0.0265376
7.58759	0.0264912
7.5976	0.026445
7.60761	0.0263989
7.61762	0.0263529
7.62763	0.026307
7.63764	0.0262613
7.64765	0.0262157
7.65766	0.0261703
7.66767	0.0261249
7.67768	0.0260798
7.68769	0.0260347
7.6977	0.0259898
7.70771	0.025945
7.71772	0.0259003
7.72773	0.0258557
7.73774	0.0258113
7.74775	0.025767
7.75776	0.0257229
7.76777	0.0256788
7.77778	0.0256349
7.78779	0.0255911
7.7978	0.0255475
7.80781	0.0255039
7.81782	0.0254605
7.82783	0.0254172
7.83784	0.025374
7.84785	0.025331
7.85786	0.0252881
7.86787	0.0252453
7.87788	0.0252026
7.88789	0.02516
7.8979	0.0251176
7.90791	0.0250752
7.91792	0.025033
7.92793	0.0249909
7.93794	0.024949
7.94795	0.0249071
7.95796	0.0248654
7.96797	0.0248238
7.97798	0.0247823
7.98799	0.0247409
7.998	0.0246996
8.00801	0.0246584
8.01802	0.0246174
8.02803	0.0245765
8.03804	0.0245356
8.04805	0.0244949
8.05806	0.0244543
8.06807	0.0244139
8.07808	0.0243735
8.08809	0.0243332
8.0981	0.0242931
8.10811	0.0242531
8.11812	0.0242131
8.12813	0.0241733
8.13814	0.0241336
8.14815	0.024094
8.15816	0.0240545
8.16817	0.0240151
8.17818	0.0239759
8.18819	0.0239367
8.1982	0.0238976
8.20821	0.0238587
8.21822	0.0238198
8.22823	0.0237811
8.23824	0.0237424
8.24825	0.0237039
8.25826	0.0236655
8.26827	0.0236271
8.27828	0.0235889
8.28829	0.0235508
8.2983	0.0235128
8.30831	0.0234748
8.31832	0.023437
8.32833	0.0233993
8.33834	0.0233617
8.34835	0.0233242
8.35836	0.0232868
8.36837	0.0232495
8.37838	0.0232122
8.38839	0.0231751
8.3984	0.0231381
8.40841	0.0231012
8.41842	0.0230644
8.42843	0.0230277
8.43844	0.022991
8.44845	0.0229545
8.45846	0.0229181
8.46847	0.0228817
8.47848	0.0228455
8.48849	0.0228094
8.4985	0.0227733
8.50851	0.0227374
8.51852	0.0227015
8.52853	0.0226657
8.53854	0.0226301
8.54855	0.0225945
8.55856	0.022559
8.56857	0.0225236
8.57858	0.0224883
8.58859	0.0224531
8.5986	0.022418
8.60861	0.022383
8.61862	0.0223481
8.62863	0.0223132
8.63864	0.0222785
8.64865	0.0222438
8.65866	0.0222092
8.66867	0.0221747
8.67868	0.0221404
8.68869	0.0221061
8.6987	0.0220718
8.70871	0.0220377
8.71872	0.0220037
8.72873	0.0219697
8.73874	0.0219359
8.74875	0.0219021
8.75876	0.0218684
8.76877	0.0218348
8.77878	0.0218013
8.78879	0.0217678
8.7988	0.0217345
8.80881	0.0217012
8.81882	0.0216681
8.82883	0.021635
8.83884	0.021602
8.84885	0.021569
8.85886	0.0215362
8.86887	0.0215034
8.87888	0.0214708
8.88889	0.0214382
8.8989	0.0214056
8.90891	0.0213732
8.91892	0.0213409
8.92893	0.0213086
8.93894	0.0212764
8.94895	0.0212443
8.95896	0.0212123
8.96897	0.0211804
8.97898	0.0211485
8.98899	0.0211167
8.999	0.021085
9.00901	0.0210534
9.01902	0.0210219
9.02903	0.0209904
9.03904	0.020959
9.04905	0.0209277
9.05906	0.0208965
9.06907	0.0208653
9.07908	0.0208342
9.08909	0.0208032
9.0991	0.0207723
9.10911	0.0207415
9.11912	0.0207107
9.12913	0.02068
9.13914	0.0206494
9.14915	0.0206188
9.15916	0.0205884
9.16917	0.020558
9.17918	0.0205277
9.18919	0.0204974
9.1992	0.0204673
9.20921	0.0204372
9.21922	0.0204071
9.22923	0.0203772
9.23924	0.0203473
9.24925	0.0203175
9.25926	0.0202878
9.26927	0.0202581
9.27928	0.0202285
9.28929	0.020199
9.2993	0.0201696
9.30931	0.0201402
9.31932	0.0201109
9.32933	0.0200817
9.33934	0.0200525
9.34935	0.0200235
9.35936	0.0199944
9.36937	0.0199655
9.37938	0.0199366
9.38939	0.0199078
9.3994	0.0198791
9.40941	0.0198504
9.41942	0.0198218
9.42943	0.0197933
9.43944	0.0197648
9.44945	0.0197364
9.45946	0.0197081
9.46947	0.0196798
9.47948	0.0196517
9.48949	0.0196235
9.4995	0.0195955
9.50951	0.0195675
9.51952	0.0195396
9.52953	0.0195117
9.53954	0.0194839
9.54955	0.0194562
9.55956	0.0194285
9.56957	0.0194009
9.57958	0.0193734
9.58959	0.0193459
9.5996	0.0193186
9.60961	0.0192912
9.61962	0.0192639
9.62963	0.0192367
9.63964	0.0192096
9.64965	0.0191825
9.65966	0.0191555
9.66967	0.0191286
9.67968	0.0191017
9.68969	0.0190748
9.6997	0.0190481
9.70971	0.0190214
9.71972	0.0189948
9.72973	0.0189682
9.73974	0.0189417
9.74975	0.0189152
9.75976	0.0188888
9.76977	0.0188625
9.77978	0.0188362
9.78979	0.01881
9.7998	0.0187839
9.80981	0.0187578
9.81982	0.0187318
9.82983	0.0187058
9.83984	0.0186799
9.84985	0.0186541
9.85986	0.0186283
9.86987	0.0186025
9.87988	0.0185769
9.88989	0.0185513
9.8999	0.0185257
9.90991	0.0185002
9.91992	0.0184748
9.92993	0.0184494
9.93994	0.0184241
9.94995	0.0183988
9.95996	0.0183736
9.96997	0.0183485
9.97998	0.0183234
9.98999	0.0182984
10	0.0182734
