0	12370000	0	0	-1000000	0	100000
0.1000007039	12367442.05	-2392.776061	9993.694718	-49446.45598	-998783.9887	99927.93308
0.2000127897	12369712.98	-5025.107374	19996.75006	995122.6678	-93558.45115	104774.4826
0.3000155882	12372415.53	-2817.399876	30006.77749	141324.053	989878.6141	100835.7144
0.4000170763	12370291.25	79.73383564	39974.41112	-982690.9835	190201.946	90231.09595
0.5000240424	12367219.54	-1796.140822	49910.14618	-234969.0676	-972321.1341	96856.33385
0.6000267645	12368858.62	-4809.974964	59885.0897	959340.6402	-277124.4167	113435.4164
0.7000297428	12371824.9	-3143.913423	69872.94454	317879.6195	947632.6419	104617.9886
0.8000418693	12370138.73	84.50650905	79766.05223	-935959.712	356968.4722	80950.15398
0.900044877	12366683.94	-1260.791816	89589.72784	-396407.7325	-919081.7222	90275.67522
1.000052689	12367710.97	-4539.081344	99480.40544	901709.2186	-427124.5687	120354.0107
1.100058045	12370814.71	-3373.308335	109402.1421	456400.5164	888555.2473	110309.2972
1.20005845	12369528.59	50.68474704	119180.0568	-874072.8883	490633.3778	72632.4617
1.300059792	12365805.52	-819.8710429	128842.5507	-520759.1438	-855682.903	81342.99997
1.400062974	12366290.67	-4251.308403	138592.9916	837476.9485	-541211.0933	125391.0413
1.50007333	12369442.82	-3503.763212	148402.6159	556168.2209	828884.6309	116735.5074
1.600076883	12368446.53	34.76970829	158024.9406	-819186.4874	578552.6227	64887.29938
1.700079283	12364544.87	-501.6225542	167480.0559	-596945.9461	-805309.4828	71639.19568
1.800080898	12364655.49	-4011.107995	177042.2599	791928.5665	-605057.8968	129437.5798
1.900087343	12367789.35	-3511.224212	186691.6003	607747.3483	791001.6022	122309.5497
2.000097322	12366906.61	88.70265761	196111.139	-791664.9343	616495.6874	56565.88351
2.100104087	12362878.33	-315.9700565	205314.2303	-621081.1079	-787601.8266	62782.3227
2.200107876	12362843.16	-3866.001059	214648.8745	783708.4304	-614694.5278	133984.0796
2.3001145	12365933.56	-3373.777697	224092.0071	602541.4558	794528.3709	125173.7268
2.400122739	12364924.73	249.6102041	233252.8416	-806064.8389	598442.2716	46112.07159
2.50012578	12360814.62	-272.2615713	242160.248	-589501.3835	-811972.2632	56472.6716
2.60013632	12360901.48	-3833.078703	251237.6197	819519.4779	-564502.9775	140442.92
2.700148179	12363919.85	-3071.673805	260428.5828	532805.8475	843160.885	123278.753
2.8001597	12362501.7	524.88294	269267.7721	-865288.6523	510132.4253	32256.1131
2.900164043	12358387.06	-422.9587008	277841.6266	-481621.379	-880311.5852	55608.99453
3.000174779	12358918.9	-3897.731183	286642.9142	893622.4029	-434830.3594	149537.8203
3.10018579	12361753.61	-2558.664209	295529.0919	380414.1785	923236.9969	113659.5809
3.200194387	12359638.07	858.4168746	303976.3261	-947349.1986	335093.9527	15541.51888
3.300206205	12355712.78	-815.1168039	312190.9954	-278970.875	-963400.5064	63519.40767
3.400211856	12356987	-3969.537965	320704.8912	970534.3049	-206528.7674	159402.1052
3.500217044	12359372.48	-1787.972154	329220.0325	127036.9915	992590.6926	92872.60007
3.600217558	12356338.12	1125.607142	337205.1636	-1003395.111	56551.07843	-475.5629235
3.700219903	12352990.42	-1460.005976	345055.5826	22876.24332	-1001311.202	82780.15327
3.800228794	12355163.31	-3878.559869	353268.1533	983595.9403	124706.0653	164278.4935
3.900236566	12356636.36	-754.8739986	361325.0422	-229180.4843	976754.1646	58545.77332
4.000237159	12352657.74	1117.703743	368793.5078	-951545.1103	-323268.6047	-7701.44068
4.100239031	12350490.68	-2344.577317	376306.9578	418782.845	-906310.4126	114988.5415
4.200248802	12353434.64	-3381.052198	384181.4118	837254.3349	534215.6727	153684.0712
4.300256341	12353340.02	419.4718517	391665.1713	-640782.2891	774095.046	13225.64448
4.400266363	12348825.01	563.9817815	398606.4479	-685538.108	-734842.2059	6665.953586
4.500278523	12348537.67	-3226.512021	405834.2897	813608.5509	-569920.4974	152419.6593
4.600288218	12351543.32	-2225.738154	413273.6827	433078.6789	899655.7717	114290.6402
4.70029357	12349326.69	1354.063417	420068.5191	-958463.6649	300892.0421	-28484.7712
4.800299616	12345361.78	-675.3827289	426552.3977	-150421.1619	-992266.768	52726.98679
4.900310494	12347225.95	-3551.645928	433514.6224	989915.0015	25148.35979	171568.7901
5.000320033	12348942.67	-475.434982	440339.988	-204252.4876	983036.8745	43811.23984
5.100322144	12344837.96	1415.686277	446408.5207	-933868.7118	-369474.538	-37118.65896
5.200325251	12342943.12	-2274.448374	452578.0646	525873.0331	-847804.4249	121182.5493
5.30033709	12346132.52	-2728.99983	459178.2705	716103.8205	690704.7823	141852.8181
5.400346745	12345162.41	1227.950037	465181.5757	-823248.3692	575480.8974	-32922.01983
5.500358342	12340718.1	171.2314049	470647.3313	-396816.1207	-923230.2024	13526.2617
5.600362135	12341900.56	-3287.767129	476615.7495	972206.7119	-188955.518	170616.2991
5.700365706	12344242.84	-689.9527401	482583.3682	-34436.38585	1003044.112	52121.43844
5.800376049	12340437.05	1728.642539	487684.5678	-970828.0135	-252607.831	-60681.56098
5.900376168	12338203.19	-1882.121844	492821.0105	457751.0786	-888095.1972	108401.4336
6.000386229	12341478.38	-2572.152616	498476.2878	740360.3535	664646.5361	141815.123
6.100395974	12340623	1455.291353	503485.3297	-826625.8318	569274.6554	-51147.83406
6.20039711	12336227.18	277.2137575	507904.6421	-352575.8361	-941096.8635	5193.57684
6.30040467	12337750.68	-3102.733872	512904.7163	985415.3096	-99114.56798	170683.8304
6.400414294	12339910.1	-133.5544096	517836.6696	-166794.2642	990741.3477	24723.5795
6.500419996	12335815.11	1796.637427	521823.3586	-911705.6144	-416691.8333	-71838.63036
6.600430089	12334390.19	-2121.934141	525990.1831	637668.6426	-766709.7362	124639.0097
6.700441505	12337873.72	-1865.192378	530633.3902	548954.8528	834302.4091	112196.5231
6.800442079	12336037.29	1996.044508	534431.5887	-952898.4087	307900.1829	-84747.27199
6.900448045	12332250.6	-327.6620452	537811.9609	-29383.32066	-1003977.859	34133.26692
7.000452887	12334948.17	-2808.337174	541883.3083	955724.9219	264746.7779	162785.1875
7.100462709	12335949.47	1027.027582	545572.395	-535988.597	849336.4259	-36658.69151
7.200469523	12331464.02	1351.638511	548365.8398	-651315.6946	-763451.1386	-54131.55199
7.300473112	12331963.03	-2601.330883	551660.6473	911549.752	-394036.5108	154312.2735
7.400482956	12335047.93	-473.7902328	555142.3043	89282.91104	1000136.779	41892.54622
7.500494908	12331607.66	2271.572739	557574.1983	-975188.2868	-219205.3822	-104674.762
7.600503311	12329630.78	-1473.504189	560035.6023	506082.7085	-862965.4753	95764.71511
7.700505129	12333342.47	-1809.223519	563109.2842	649743.7992	758158.7625	114141.519
7.800513948	12332084.11	2231.47207	565333.1383	-922446.4036	384994.5838	-104267.9379
7.900521199	12328311.07	87.46484406	567038.3417	-69430.62827	-1002516.706	11816.98977
8.000532377	12331193.63	-2501.20897	569496.2591	958055.0227	262135.935	153020.6689
8.100541971	12332361.39	1402.37826	571547.2239	-560399.0365	832061.6256	-60219.35761
8.200553872	12328029.7	1525.591889	572658.5102	-596727.3397	-805852.2783	-67220.4408
8.300556287	12329076.4	-2378.771375	574350.0445	947052.7507	-302196.6327	147540.7832
8.400558886	12332154.87	147.1797361	576156.3496	-31399.19982	1004461.421	8446.489327
8.500568707	12328569.27	2467.97093	576852.5801	-929421.5208	-363041.4908	-119902.0961
8.600568965	12327427.58	-1517.826569	577719.4468	646317.0439	-762975.335	100712.0503
8.700569511	12331393.18	-1103.252811	579135.3322	495726.9608	870746.2019	77819.22814
8.800570148	12329578.83	2689.345712	579560.6778	-979226.1321	183019.5306	-132740.4747
8.90057496	12326571.75	-180.1828038	579642.9864	158461.4882	-992057.6044	26677.07416
9.00057911	12330217.95	-1965.715501	580494.7451	870842.8338	485546.7895	126004.2618
9.100587482	12330642.73	2190.614446	580716.0867	-746666.7048	664395.9509	-105199.1088
9.200591204	12326650.09	1254.679214	580136.8099	-367568.1938	-933846.4875	-53144.71545
9.300593105	12328921.58	-2187.413647	580272.3816	994796.8576	-35176.06479	138354.0985
9.400601871	12331453.15	1151.126084	580270.8038	-302185.1782	957312.1887	-47302.12887
9.500610548	12327607.16	2423.820111	579191.7396	-789271.5583	-610845.3641	-117976.0502
9.600616852	12327868.42	-1690.133589	578521.2813	836764.9827	-545561.2277	110396.1531
9.700618872	12331798.33	-118.3527537	578195.7602	232403.4192	977472.3522	23161.42328
9.800625849	12329235.37	3024.783361	576780.0008	-987982.4494	-105771.3276	-150675.4987
9.900631231	12327401.64	-558.8067916	575295.5495	429914.4315	-907156.7695	47330.51081
10.0006318	12331628.8	-1241.653916	574490.7704	709736.0563	706462.4901	84767.2133
10.100642	12331183.43	2872.92688	572857.1789	-891407.2656	442068.2194	-141310.9206
10.20065304	12327822.3	929.1031695	570645.67	-116920.8697	-997563.0831	-34603.54685
10.3006579	12331102.58	-1826.377558	569190.1493	976018.0481	209739.2787	115750.6149
10.4006636	12333021.97	1984.711119	567373.0345	-506178.5188	863340.3871	-91796.96713
10.50067423	12329256.5	2365.307064	564599.6656	-643440.7376	-763806.6631	-112175.7494
10.6006774	12330549.29	-1603.617011	562357.085	925686.1176	-377721.8902	102134.1535
10.70068279	12334352.44	607.1309187	560288.6952	70803.30258	1002345.861	-17019.605
10.80068607	12331600	3270.921068	557155.9989	-961680.0188	-244531.2599	-159298.4758
10.9006939	12330470.02	-505.6987287	554080.3115	531980.3893	-851608.8236	41943.7367
11.00070328	12334931.58	-769.7258002	551594.1713	647522.9005	766572.0234	55510.59673
11.10070331	12334425.51	3237.913597	548272.4438	-911700.4166	393267.6651	-155379.8381
11.20070983	12331385.7	1191.403631	544450.8283	-96928.33624	-999154.843	-47900.91127
11.30071579	12334838.85	-1527.925772	541330.495	981827.6351	193219.9177	93169.5137
11.40072789	12337065.66	2179.772558	537882.3223	-459842.5367	888164.644	-98531.24685
11.5007384	12333582.51	2842.319657	533526.1133	-707684.3761	-701250.2297	-132026.282
11.60074634	12334618.09	-1153.164274	529602.4357	871883.4332	-494701.7063	71340.7363
11.70074889	12338839.39	480.6778509	525928.8721	243172.5514	975053.7782	-11714.94481
11.80075515	12336869.62	3656.4411	521302.9116	-990000.5614	-29031.95662	-170458.3053
11.90075858	12335096.08	413.2077322	516551.3347	294348.7189	-960873.7766	-8967.565723
12.0007667	12339413.93	-979.1579672	512412.0876	852475.7109	528965.7665	58994.74729
12.10077086	12340420.89	3046.539715	507702.0351	-713816.371	693956.1251	-137444.8434
12.20077492	12337089.6	2493.721957	502307.444	-485012.7605	-873295.1096	-110083.0308
12.3007804	12339221.75	-1173.905068	497435.4566	965891.6029	-269838.2332	65120.95887
12.40078345	12343049.53	1209.011903	492615.588	43499.18955	1002884.71	-48270.88194
12.50079149	12340681.9	3828.125752	486904.6843	-971478.4659	-192896.0829	-170354.6055
12.60079926	12339511.27	331.4852578	481196.8582	412327.7022	-916471.9172	-8067.897415
12.7008023	12343974.26	-646.9628361	476004.6935	808070.2005	596432.2065	35932.91211
12.80080301	12344815.05	3329.831608	470245.6828	-739047.5109	665661.0022	-143889.5647
12.90080549	12341623.59	2724.581032	463889.6135	-489690.2745	-869905.4772	-116051.2638
13.0008112	12343694.78	-921.0803023	457993.9264	952605.4863	-317137.994	44342.75923
13.1008158	12347685.69	1190.671178	452169.8163	136508.836	994504.1504	-48237.253
13.20082734	12345727.29	4090.541969	445554.8748	-988525.4755	-56993.8734	-171956.6305
13.30082784	12344108.43	992.8015625	438852.3244	238739.3283	-975379.9236	-40466.50289
13.40083595	12348269.74	-719.2927447	432635.3243	922283.97	398114.2085	29955.89797
13.50084318	12350092.49	3026.188863	426036.5843	-534176.8846	842209.4405	-123847.9487
13.60085422	12346975.71	3564.193302	418803.0661	-733219.3399	-671928.1981	-144574.8808
13.70085587	12347775.1	-261.2272506	411851.2136	779646.6947	-634112.8332	7207.374165
13.80086805	12352255.85	438.0180387	405139.3891	517361.071	861331.5488	-21106.52403
13.9008773	12351765.18	4116.255275	397813.3538	-912740.7744	388284.385	-161677.1944
14.00088851	12349042.16	2463.81177	390160.7902	-252600.2284	-967719.6593	-98548.39263
14.10089273	12351839.08	-686.688457	382919.6484	995370.9726	-137635.5726	17119.46761
14.20089614	12355418.08	1811.980151	375629.4121	27586.0713	1001868.123	-74157.07974
14.30090603	12353343.37	4429.682216	367710.8275	-986852.8545	-92343.50545	-166114.7811
14.40091725	12351781.62	1420.408926	359737.97	205697.8763	-981821.9453	-60943.0184
14.5009233	12355697.21	-473.0681924	352136.6974	960393.1187	296039.938	2326.507784
14.60092776	12357969.61	2960.218921	344281.8557	-373711.1856	926152.9432	-112163.6108
14.70093615	12355126.79	4281.595007	335900.3552	-879957.217	-460437.7882	-153858.1796
14.8009458	12354803.81	701.615249	327633.5845	536588.6493	-848796.9114	-40204.78343
14.90095107	12359107.53	30.89645133	319633.8844	811573.2757	592382.6157	-20776.30586
15.00095305	12360194.48	3751.535496	311282.3079	-635136.2923	767448.2041	-132759.7241
15.10095682	12357135.37	3995.865495	302531.3336	-719050.1661	-688300.0809	-138599.6296
15.20096166	12357757.15	328.2094208	293968.7766	731914.6224	-687841.5136	-34278.82333
15.30096186	12362037.53	548.7037416	285573.9408	657336.4324	759056.5747	-41736.44718
15.400969	12362280.48	4242.254673	276807.5523	-778755.392	619513.3718	-140510.575
15.50097606	12359236.17	3770.33278	267746.4993	-581758.6403	-809601.1797	-126896.8649
15.60098354	12360436.43	194.8686133	258888.6127	833020.5879	-560962.0298	-37393.86627
15.70098537	12364557.58	961.3990588	250129.9232	544301.2583	842877.8781	-57384.86644
15.80099206	12364281.5	4541.486316	241024.3375	-847326.4279	521753.5352	-140752.1692
15.90099687	12361287.58	3690.299685	231697.8624	-501570.0573	-862545.1201	-120180.6697
16.00100088	12362722.88	219.2669729	222557.8484	872218.3322	-497162.3598	-45439.72889
16.10100987	12366695.89	1213.301271	213479.552	494281.1304	872426.3198	-67516.52088
16.20102169	12366187.19	4720.048286	204100.5825	-868607.8546	486633.3851	-136778.4464
16.30102976	12363180.94	3765.545641	194547.6633	-482332.665	-873851.8198	-117210.0565
16.40103528	12364586.96	337.671923	185151.4721	874513.7913	-492067.2289	-55636.95696
16.50104376	12368460.67	1313.148093	175801.7199	503843.062	866419.4126	-73888.90511
16.6010531	12367954.58	4809.422736	166207.7508	-854944.0536	511932.1196	-130369.3606
16.70105673	12364863.92	3994.987044	156470.7988	-523626.641	-849870.1774	-116343.5538
16.80106778	12365999.54	542.3969994	146853.5185	842918.9367	-543159.1112	-66826.98679
16.90107945	12369824.89	1281.908999	137279.2965	564763.8768	827585.279	-78386.02824
17.00108998	12369516.15	4816.117441	127520.7413	-808891.7177	583662.5846	-122605.7758
17.10109281	12366298.81	4328.841773	117644.7266	-605918.8612	-793448.3841	-115334.2767
17.20110045	12366973.81	836.8058908	107851.7283	776107.3737	-633693.6582	-78036.47907
17.30110603	12370747.19	1155.141284	98099.38235	663105.059	750625.8085	-82780.28962
17.40110847	12370816.84	4716.718362	88222.73875	-721279.0983	690436.0555	-114256.3596
17.50111348	12367485.01	4735.736843	78255.52203	-716897.9605	-695226.6541	-112770.6242
17.60112039	12367531.04	1238.390795	68337.58405	667207.2917	-746348.3746	-88309.30729
17.70112228	12371196.43	989.5039707	58452.317	776657.2656	631647.5159	-88458.50735
17.80113126	12371761.22	4520.07234	48496.16427	-595583.6909	802442.5665	-106611.4191
17.90114085	12368391.04	5140.617083	38486.40992	-827112.9757	-560640.9556	-107544.6154
18.00114937	12367728.91	1727.811352	28500.42888	523798.7753	-852266.5788	-96314.70158
18.10114969	12371183.9	856.5388559	18529.24122	877373.6421	480628.3507	-95978.54301
18.20115495	12372284.6	4239.892493	8531.240109	-437188.2489	899276.4971	-100837.5763
18.30115894	12368997.77	5500.21057	-1473.078882	-919588.0553	-392961.3839	-99695.33238
18.40117114	12367597.74	2291.015594	-11467.6619	351390.5919	-936119.8762	-101015.9859
18.50117182	12370722.27	790.6741708	-21474.41133	951751.9952	305237.9184	-104871.1246
18.60117517	12372343.56	3909.663017	-31478.47824	-259221.2003	966041.0529	-97821.53842
18.70117542	12369253.95	5774.133616	-41434.00645	-978485.901	-210897.6394	-89930.68065
18.80118106	12367166.49	2887.843472	-51376.49154	165741.2347	-985991.069	-101742.1002
18.90118408	12369856.07	814.5484675	-61365.10653	990908.4061	122718.226	-114196.1811
19.00118739	12371925.5	3576.713517	-71338.09364	-80233.08875	996992.379	-97820.48725
19.10119806	12369101.19	5955.465763	-81205.26573	-1001100.445	-38794.71194	-79327.60536
19.20119925	12366445.42	3443.654969	-91039.27545	-3855.31954	-1000115.217	-98765.82727
19.30120682	12368667.98	923.3200649	-100954.9065	996733.2589	-37560.21789	-122931.04
19.40121226	12371053.53	3315.793304	-110856.216	70480.80715	997507.6235	-100054.9695
19.50122325	12368501.34	6069.148386	-120593.5723	-997221.5541	104064.4379	-68700.545
19.60123453	12365413.91	3898.573248	-130268.3333	-133897.7553	-991645.189	-93333.86516
19.70123699	12367217.79	1079.641974	-140057.0281	983868.4012	-157968.6446	-130571.3467
19.8012472	12369786.08	3169.009848	-149842.5353	176418.6769	983998.3996	-103070.8496
19.90124886	12367433.29	6155.588508	-159406.3544	-982699.2039	202262.3667	-58242.67854
20.00126079	12364050.46	4240.312926	-168873.2613	-219563.1908	-976858.5432	-86829.67195
20.10126127	12365549.25	1241.789432	-178487.0206	968678.7165	-229827.83	-137261.476
20.20126729	12368185.08	3144.299829	-188108.9382	234470.7173	971551.3862	-105410.5624
20.3012751	12365891.62	6256.273096	-197453.3473	-973801.5823	243828.9801	-47517.43795
20.40127883	12362344.84	4439.273929	-206668.3484	-249234.5678	-970205.2446	-81141.31846
20.50128116	12363719.15	1374.910463	-216066.6056	964837.2399	-241785.8002	-143627.0425
20.60128708	12366312.87	3282.51053	-225476.1302	228627.6601	973005.6592	-104830.2447
20.70129286	12363890.37	6394.163692	-234547.2505	-979529.7773	221884.0613	-35900.95841
20.8013048	12360307.45	4453.132327	-243473.1219	-206300.4621	-980421.2717	-78830.50974
20.9013137	12361805.17	1464.878629	-252625.2594	977888.1438	-176487.0743	-150290.0223
21.0013246	12364209.39	3629.625288	-261769.1437	140869.2541	990183.5824	-98449.61395
21.1013333	12361406.44	6565.430679	-270506.2296	-998379.1787	112707.8024	-23150.95618
21.20133415	12357999.7	4255.755081	-279112.6844	-80500.61167	-998352.9351	-82529.19783
21.3013432	12359862.06	1551.220138	-287994.1509	992330.2244	-27646.89027	-156577.0582
21.40135294	12361859.22	4189.704087	-296810.3219	-30390.04822	1001004.392	-84063.38121
21.5013583	12358491.2	6697.056115	-305151.4408	-1001710.636	-80325.9277	-11115.14331
21.60136656	12355548.18	3822.845572	-313424.1034	137704.919	-990962.7196	-95027.5947
21.7013706	12357952.14	1733.096114	-322012.7148	969278.9741	212312.5685	-159441.6619
21.80137414	12359193.65	4973.382753	-330424.7311	-289316.5026	960609.5207	-59374.32205
21.90138319	12355180	6656.767011	-338314.7759	-937630.5288	-361702.4175	-4511.392315
22.00139432	12353153	3184.236752	-346259.3629	436604.5562	-897541.9682	-117451.5939
22.10140177	12356083.74	2182.492642	-354523.0155	841315.8002	528242.7259	-152142.5218
22.20140739	12356072.84	5927.278555	-362435.9927	-614998.1904	794470.5586	-24367.1389
22.30141611	12351620.34	6245.008718	-369844.854	-727816.4167	-692920.6865	-12007.73875
22.40142717	12351065.19	2476.720574	-377488.5144	762495.8458	-638078.2666	-146479.3872
22.50143563	12354114.98	3098.567319	-385358.2309	530413.974	844414.0408	-125003.7758
22.60144033	12352364.43	6798.998856	-392668.314	-908524.1614	429445.758	12656.58417
22.70144615	12348164.56	5302.960554	-399620.18	-309887.4787	-955057.2079	-42842.5048
22.801456	12349455.26	2053.166649	-406985.5114	976910.9918	-164972.8008	-168608.6865
22.90146422	12351697.9	4548.199391	-414332.6137	10415.179	1002376.369	-71645.92692
23.00146595	12348123.62	7143.615601	-420970.0185	-995423.43	-134404.5541	32674.31671
23.10146817	12345340.23	3915.916858	-427555.4976	282705.0096	-959456.122	-97579.85153
23.20147747	12348190.62	2411.286367	-434603.6915	884714.8979	448912.7795	-160489.4572
23.30148491	12348391.16	6231.113043	-441249.2701	-601022.2531	805463.3905	-988.9072179
23.40149504	12343817	6479.18964	-447246.3622	-686495.0912	-733902.3004	10578.43496
23.50149528	12343626.47	2629.056818	-453582.5391	835920.9093	-535822.0029	-155341.6062
23.60150592	12346649.12	3894.3051	-460145.9536	351571.9942	936054.3938	-100991.6077
23.70151247	12344034.08	7345.2513	-465943.0532	-989591.6443	167294.9444	52161.08778
23.8015201	12340419.57	4765.735301	-471481.157	34177.69143	-1002444.317	-62747.72009
23.90152226	12342911.3	2440.572627	-477580.9903	958134.5456	251847.611	-168970.3328
24.00152416	12343871.64	6085.119461	-483366.9239	-458908.5053	894091.2541	-1952.723218
24.1015306	12339356.61	6909.155308	-488361.2822	-770221.5031	-644495.8439	37201.39037
24.20154006	12338837.26	2953.320369	-493681.3902	793676.7436	-598305.0257	-148688.6775
24.30154919	12342039.66	4035.409041	-499307.5777	381168.8903	924713.8225	-98054.18723
24.40155608	12339492.56	7563.729276	-504087.4284	-990309.3898	155430.4908	71614.76826
24.50156566	12335992.76	4839.409343	-508594.197	90295.45039	-999132.8775	-59834.97988
24.601572	12338784.57	2732.139066	-513730.6894	928775.6761	347319.9319	-163537.7893
24.70158015	12339396.96	6610.911441	-518446.1519	-580054.0855	820224.2811	27737.81887
24.80158214	12334836.84	6794.532348	-522349.5643	-640191.097	-773783.2069	37615.26442
24.90159009	12335212.55	2885.880136	-526723.4578	905189.9004	-406682.3888	-158873.1536
25.00160093	12338197.7	4887.983183	-531280.3413	131987.0826	994589.9928	-58053.04773
25.10161079	12334825.86	7780.818035	-534855.3849	-990381.724	-145064.7648	90001.41604
25.20161372	12332407.58	4236.972854	-538390.319	411838.0034	-912113.6931	-91858.96711
25.3016181	12335880.01	3426.230574	-542540.9722	741712.8454	664686.3276	-134365.6984
25.40162634	12335071.28	7523.243771	-545966.0808	-852628.0798	526084.1627	79125.2884
25.50162983	12330874.46	6021.779432	-548772.8639	-251769.5721	-972939.4719	930.8846679
25.60163245	12333020.92	2886.903342	-552265.0611	989956.9137	53328.49997	-164746.4117
25.70164187	12334835.97	6352.543386	-555551.4774	-356927.1186	939281.4066	18800.83196
25.80165089	12330526.65	7462.29989	-557840.0181	-780196.1655	-628599.3107	78465.5975
25.90165757	12330364.69	3387.181023	-560524.248	830538.8489	-548283.153	-139967.1557
26.00165964	12333825.09	4892.491838	-563539.515	252156.7359	971030.5492	-59301.37453
26.1016665	12330915.85	8107.397034	-565510.8025	-996417.3995	-63026.11127	114804.509
26.20167142	12328449.18	4643.296842	-567371.1346	374538.0093	-929721.0502	-73075.63459
26.30168294	12332154.59	3727.659204	-569918.7747	745605.2535	662471.5643	-123305.4437
26.40169175	12331490.66	7869.376353	-571689.5727	-866221.9788	499012.5347	103179.328
26.50170114	12327540.91	6162.592623	-572828.4404	-184766.6719	-987807.5711	9873.167115
26.60170354	12330177.67	3219.030737	-574717.6735	981922.4213	150497.7292	-152245.8276
26.70170643	12331838.03	6943.192499	-576299.759	-466248.3214	888710.9478	52965.59358
26.8017141	12327607.44	7509.857753	-576879.419	-676497.8092	-738376.5328	84562.46205
26.90172588	12328332.15	3484.840956	-577984.1054	914603.9889	-392881.71	-138360.0574
27.00172751	12331707.17	5692.903894	-579291.3693	60742.82907	1003021.151	-16089.73199
27.10173891	12328408.61	8317.749884	-579481.1593	-956480.3803	-279813.6764	129805.965
27.20174256	12327005.34	4426.306749	-579764.7961	582220.1668	-814584.2282	-86441.96102
27.30174815	12331069.93	4507.129016	-580650.3861	562499.0573	828769.4203	-82073.49496
27.40175624	12329617.44	8427.23408	-580580.0183	-962426.0691	255394.9608	136049.5334
27.5017585	12326482.65	5784.487495	-580096.6595	86290.33602	-1001216.658	-10917.06352
27.6017617	12330061.89	3728.594384	-580391.9411	904733.0256	419219.8218	-125351.0809
27.70177134	12330863.21	7840.395533	-580119.649	-695317.4034	718246.3844	103227.1278
27.80177868	12326886.34	7204.63016	-578996.5751	-433929.3877	-903928.1445	67964.66834
27.90178582	12328974.76	3604.837768	-578558.818	990333.9392	-108895.6899	-131834.8121
28.00178968	12331818.71	6739.096936	-578054.2939	-226561.9378	978222.1964	41845.22474
28.1017959	12328164.54	8323.261879	-576459.4543	-835734.998	-542940.7899	129469.3468
28.20180149	12328152.82	4216.525467	-575205.9174	787503.4599	-616741.7158	-97303.42645
28.30180447	12332272.11	5438.248197	-574360.2811	320420.0422	952068.9918	-29927.10213
28.40181489	12330084.94	8818.355351	-572457.7004	-992803.4882	-9990.737927	155696.5608
28.50182564	12327987.71	5453.851644	-570397.6777	339171.8715	-945589.3671	-28691.29728
28.60183297	12332189.34	4362.659605	-569044.7306	779202.2635	628551.8262	-88127.37657
28.70184009	12332256.42	8513.037462	-566945.6193	-835915.8448	540647.911	137639.1543
28.8018503	12328772.27	7011.769665	-564186.7152	-234980.6787	-975518.3696	56106.96304
28.90185551	12331744.27	3905.7881	-562149.876	995545.0489	80474.38364	-111417.8141
29.00186344	12334212.85	7450.988259	-559873.4642	-382381.5594	926022.1053	79166.93527
29.10186671	12330624.65	8419.299698	-556602.8877	-750038.3749	-656016.588	130708.3492
29.20187582	12331353.32	4359.694281	-553754.7329	854752.94	-521654.5278	-85287.54409
29.30187629	12335515.11	5952.291814	-551203.2929	242283.0298	975345.2666	-737.8298037
29.40187731	12333355.47	9124.563304	-547635.9961	-989435.1079	-59068.1576	165919.0167
29.50188443	12331598.73	5730.078989	-543961.907	354351.0541	-940370.3626	-11786.08198
29.60189364	12335956.44	4638.745977	-540936.4822	794467.4954	611703.3083	-68120.93212
29.70189586	12336390.31	8737.765659	-537228.9105	-800478.494	590497.9431	143340.0151
29.80190677	12333041.94	7564.401784	-532867.7601	-328147.7505	-946286.7185	82828.13667
29.90191729	12335787.26	4211.16713	-529141.7807	999449.8729	-58723.67635	-87472.74741
30.00192324	12338932.17	7321.072342	-525305.5296	-207824.7796	980789.6428	69717.55638
30.10193043	12335847.04	9053.843356	-520515.1657	-875206.4112	-468704.0062	155981.7052
30.20193546	12335747.71	5107.277009	-515952.8798	685274.3183	-734031.5311	-39960.23121
30.30194742	12340308	5523.883094	-511819.9666	533958.1584	851193.4344	-18932.04786
30.40195373	12339524.38	9324.145941	-506865.1687	-943870.9865	302586.1973	165979.3784
30.5019587	12336854.79	7081.601702	-501530.9897	-52069.39	-1002001.707	57283.13294
30.60196753	12340453.9	4467.260536	-496814.6437	985595.8727	184640.767	-67145.8328
30.70197407	12342923.63	8032.369712	-491808.2479	-400074.7903	916303.7786	101624.5419
30.80198325	12339731.82	9048.278698	-485978.8648	-786373.0693	-607923.4686	148480.4775
30.90199318	12340296.32	5105.596392	-480454.4995	772611.231	-641815.4148	-33835.76568
31.00200037	12344813.11	5923.794951	-475245.7615	463812.2495	891549.3147	4244.617991
31.10200343	12343904.57	9572.330607	-469264.8203	-954533.2057	265416.1164	168584.2356
31.20200712	12341391.43	7314.288877	-462966.8003	-56643.2087	-1001129.338	67317.1331
31.30201637	12344935.44	4665.558663	-457214.8697	994529.3253	136183.3187	-48636.66105
31.40202479	12347672.57	8033.921053	-451230.5659	-314016.7252	949633.319	97928.82995
31.50202562	12344737.48	9465.237527	-444491.5411	-863204.6398	-489684.2372	158389.0705
31.60202825	12344714.75	5664.600483	-437941.8268	640053.6569	-774807.6893	-2088.302605
31.70202841	12349279.02	5644.716936	-431747.1328	659915.4678	757962.7102	-2026.175517
31.8020385	12349387.9	9511.834074	-424950.4917	-844083.493	522686.3403	155955.2711
31.90203865	12346435.64	8345.034921	-417718.0652	-374328.5474	-926385.9193	108107.6649
32.00204344	12348874.21	4934.545493	-410912.7764	975801.8342	-238977.0965	-26471.26518
32.10204758	12352702.23	7188.507148	-404117.05	104068.0867	997660.2607	61998.69012
32.20205887	12350780.05	10009.13792	-396634.8481	-989778.3945	-41883.12071	169069.6129
32.30205953	12349093.3	7065.051326	-389066.6323	177319.9768	-987520.9329	57965.7911
32.40206752	12353029.79	5097.801937	-381913.7813	961087.3662	293475.2285	-13541.22902
32.50207454	12355304.34	8587.367918	-374485.3713	-394951.4222	917221.5741	112773.9252
32.60208594	12352401.12	9792.534084	-366477.6298	-855492.6023	-504297.4422	154325.9447
32.70208709	12352317.36	6124.797272	-358621.0748	595619.9118	-809011.6042	27150.41443
32.80209718	12356738.32	5761.33819	-351045.4914	750211.7767	668525.796	15985.93527
32.90210461	12357448.44	9553.344893	-343042.8348	-724346.4501	682143.2444	141431.3061
33.00211425	12354388.66	9285.936665	-334630.8156	-607419.3632	-789760.0376	131608.5116
33.1021264	12355656.94	5623.84912	-326477.5316	841472.2915	-549234.6801	16298.74004
33.20213562	12359918.85	6547.720377	-318457.7648	491190.2444	875571.6028	45896.75768
33.30214	12359426.36	10117.38786	-309971.7725	-896238.8873	428413.7457	152372.9616
33.40214489	12356614.78	8796.138396	-301228.1534	-365939.9737	-929186.9778	112692.0405
33.50215246	12358776.27	5467.119869	-292763.1328	952213.6826	-320827.5516	18941.61723
33.60215639	12362640.72	7209.375977	-284323.7744	281042.775	962491.8974	68002.25014
33.70216546	12361386.15	10419.15791	-275443.8249	-965356.5013	233908.5137	152884.3768
33.80217352	12358882.3	8473.756089	-266408.8557	-190190.6498	-981591.9108	101512.745
33.90218375	12361527.87	5492.86511	-257630.4421	991317.3918	-162833.1278	27842.43735
34.00218901	12365013.55	7687.415919	-248818.8698	142821.9988	991411.947	81879.35032
34.10219726	12363327.58	10599.88859	-239619.8498	-987069.1201	116505.9323	148731.0321
34.2022029	12361022.73	8356.071502	-230324.7966	-94825.62414	-995752.7159	97389.06463
34.30220953	12363833.84	5595.081331	-221249.0429	1000364.693	-88069.62362	38913.00936
34.40222166	12367082.69	7961.440111	-212120.4342	84505.40121	997480.6986	88831.82565
34.50222248	12365220.22	10736.47812	-202666.399	-991537.5405	80658.48804	142644.7128
34.60223116	12362930.25	8435.8807	-193141.6776	-77032.56354	-997212.523	98148.70441
34.70223901	12365678.08	5721.219608	-183797.3083	999958.3422	-86857.13554	50389.99866
34.80225032	12368847.62	8046.966188	-174406.3263	99998.29087	995833.4583	91192.46197
34.90226062	12366984.48	10856.93684	-164750.1006	-989756.1057	109574.4667	135559.1663
35.00226453	12364553.16	8681.141113	-155034.3203	-124247.6025	-992127.199	101223.2897
35.10226529	12367046.6	5867.222709	-145460.0003	991679.3922	-150796.682	61905.92675
35.20226722	12370269.52	7966.207403	-135857.3702	180584.3404	984407.7811	91272.21197
35.3022785	12368589.6	10946.24685	-126050.3293	-975845.3105	203638.7562	127503.6746
35.40228124	12365881.76	9079.556653	-116186.7205	-231653.8271	-972309.993	104641.2061
35.50229033	12367948.04	6055.743884	-106425.5958	966632.1997	-265014.3594	73413.75801
35.6022981	12371298.4	7782.600864	-96655.38828	301391.7396	954352.7739	91508.48226
35.7023011	12369944.4	10977.5912	-86743.51305	-939299.3186	337105.8477	118644.1639
35.80230563	12366918.85	9563.76578	-76781.68204	-372821.5482	-927218.3976	106160.899
35.90231345	12368404.96	6317.268127	-66885.33886	912847.6766	-411772.9311	84570.51866
36.00231722	12371878.65	7519.55413	-56991.39759	453241.7564	892123.664	93205.57074
36.10232661	12370980.85	10925.39305	-47014.47723	-870100.4801	490836.5209	109565.7988
36.20233531	12367667.98	10083.80564	-37006.43889	-528146.3687	-848598.7198	104602.2274
36.30234412	12368464.63	6665.914219	-27030.59803	824775.4014	-566401.6278	94523.71821
36.40234592	12371990.45	7252.687661	-17055.76529	606491.9575	795412.4405	97398.94831
36.50235144	12371633.55	10780.88615	-7052.377853	-764823.218	644043.3854	101259.8791
36.60235417	12368128.7	10596.78994	2949.207717	-680799.7636	-732529.9883	99556.50741
36.70236605	12368160.04	7104.793078	12945.38101	701184.5803	-712664.823	102220.5186
36.8023678	12371630.95	7021.561645	22955.76199	745633.9126	665737.7075	104035.4425
36.90237127	12371848.89	10559.15112	32950.24401	-629388.4292	777745.7207	94772.35419
37.0023822	12368260.69	11039.07641	42897.974	-805811.0274	-593564.0586	91379.95654
37.1023869	12367540.99	7599.359999	52852.84618	555623.463	-830592.4377	106765.0216
37.20239055	12370842.31	6871.16275	62850.1647	853029.0786	519333.1265	112403.2688
37.30239382	12371590.58	10308.15363	72800.09602	-482601.9505	876854.4152	90673.54624
37.40240264	12368032.75	11395.37378	82647.52033	-897184.8246	-445524.2502	81040.31776
37.50241454	12366637.6	8091.507902	92503.8218	410893.9013	-910767.551	108021.6178
37.60242228	12369694.2	6817.804782	102437.238	922276.5877	380361.0249	121372.9231
37.70242751	12370859.54	10092.47516	112304.0742	-349775.0998	937980.1916	88603.27238
37.80243637	12367381.15	11655.3144	122007.7334	-950858.4352	-317823.0948	69690.14812
37.90244562	12365454.21	8525.894312	131710.4534	288719.2469	-956687.3193	106726.6116
38.00244781	12368245.04	6843.449556	141527.8944	960445.3821	265773.9539	130034.1244
38.10245757	12369695.45	9954.633465	151269.4988	-247566.191	970077.0317	87530.18777
38.20246909	12366282.9	11845.7187	160785.5347	-977355.3692	-226727.4719	58061.48427
38.30247854	12363987.72	8852.038282	170286.4814	208917.8445	-977475.4923	104379.0984
38.40249061	12366588.47	6930.531444	179942.3626	974423.5468	203771.4959	137753.1453
38.50249593	12368143.03	9952.647735	189510.0179	-198708.1372	981428.7143	85514.64761
38.60250108	12364719.14	11989.97195	198790.7688	-985846.0235	-189583.1425	46538.69371
38.70250199	12362240.42	9039.524714	208047.1374	183434.3755	-982742.085	102809.6511
38.80250336	12364745.72	7049.170516	217496.1641	975933.2051	191556.8387	144431.1488
38.90250832	12366254.46	10089.19367	226839.6862	-204240.6684	980675.3182	81004.13465
39.00251113	12362708.59	12102.1347	235835.7	-981838.4369	-211525.4476	35359.14086
39.10251999	12360242.1	9053.087566	244813.8323	226117.6169	-973643.2725	104353.2529
39.20252774	12362820.03	7211.669319	254022.1902	960158.7969	256466.597	149398.6928
39.30253735	12364044.11	10431.64919	263082.6844	-290563.9707	959454.11	70854.70979
39.40254273	12360223.63	12150.71228	271739.9266	-952967.489	-318105.8293	25722.48804
39.50255259	12358069.75	8855.482943	280417.3011	351591.9665	-934817.0142	111804.4679
39.60256041	12360859.37	7465.205223	289352.3818	908614.4008	402063.0187	150881.4096
39.7025685	12361495.09	10970.96472	298060.1909	-454123.3012	894948.7052	53280.78748
39.80257017	12357334.85	12067.53376	306327.5659	-872472.9556	-498376.2779	20298.46039
39.9025753	12355845.96	8484.032798	314694.7468	545215.914	-834770.5911	126085.9526
40.0025781	12358859.18	7900.277956	323318.8019	785838.8391	609406.1141	145194.7213
40.10257952	12358553.81	11645.12365	331594.3866	-670607.578	747981.3061	28450.69648
40.20258456	12354157.57	11737.6928	339435.9336	-695243.7406	-725297.1366	24087.4425
40.30259282	12353746.13	8019.284676	347499.5359	775378.8666	-622463.2262	146038.164
40.40259903	12356770.58	8658.912151	355758.1534	536191.1179	840628.4589	125868.4994
40.50260191	12355118.05	12337.24422	363511.9369	-894202.4076	458695.6182	-619.8690882
40.60260648	12350902.47	11018.79743	370923.2267	-365363.2809	-935170.5749	44335.86383
40.70261515	12351943.99	7671.008815	378696.197	959773.5156	-248417.815	164691.7972
40.80262222	12354386.18	9839.128804	386494.8176	121294.9989	993878.5346	86562.0113
40.90262346	12351180.18	12740.85969	393648.7236	-1004735.647	3161.85178	-22277.38495
41.00262534	12347959.67	9895.417733	400675.6236	123255.6045	-993788.3268	84810.48021
41.10263343	12350449.59	7809.334212	408142.4751	953258.2449	271343.7306	166346.9222
41.20263977	12351368.8	11330.40461	415340.4425	-415524.5507	914619.8728	28457.6194
41.30264961	12346972.6	12448.12068	421874.6686	-842153.096	-548157.1844	-17374.23641
41.40266072	12345791.04	8629.10137	428607.0004	667930.3667	-738187.1073	137654.7129
41.50266874	12348952.88	8824.949841	435670.9278	602790.9659	793457.0323	130648.3425
41.60267346	12347430.45	12661.35028	442113.3605	-889563.3458	466640.7275	-30388.90261
41.70267937	12343147.86	11196.01491	448120.2739	-303074.887	-957700.6434	30904.54099
41.80268956	12344592.47	7945.149543	454617.488	984010.207	-110588.2415	171738.6193
41.90269883	12346704.68	10718.86643	461061.0325	-91847.78539	999475.1292	51121.91788
42.00270168	12342798.9	12970.97296	466690.6645	-963207.5813	-282439.4458	-49589.46272
42.10270576	12340616.86	9358.796772	472370.5557	465695.6369	-883479.1664	112214.6884
42.20270672	12343815.78	8660.015282	478532.9294	751470.8952	651379.6495	144900.1237
42.30271851	12343034.31	12659.03145	484094.665	-804606.416	600898.2445	-39112.85188
42.40272083	12338571.55	11680.81071	489071.8854	-409175.7626	-917902.6934	5462.678632
42.50272819	12339788.93	8185.792203	494578.6854	973740.4601	-181140.0853	170346.0769
42.60273625	12342138.92	10862.12742	500081.2239	-63921.19805	1002000.183	43700.2813
42.70273969	12338260.07	13170.54171	504674.8515	-957319.4509	-298193.449	-67971.58244
42.80274603	12336266.14	9440.447657	509344.3045	517878.7891	-853868.4471	112739.6776
42.90275153	12339649.39	9054.954193	514533.4419	680808.4833	727302.4115	132404.7255
43.00275757	12338457.1	13066.4295	518999.0657	-880125.8863	480643.4507	-66032.55024
43.10276793	12334240.35	11444.16502	522922.1229	-231996.4792	-977741.5046	14113.25028
43.20277443	12336261.61	8360.383039	527484.0984	989556.5704	44638.28478	169662.0689
43.30278437	12338010.59	11734.52787	531859.0965	-321590.0673	952144.3689	-964.1200752
43.40279084	12333677.19	13044.09599	535284.3624	-823323.5085	-572219.3755	-68581.24183
43.5027914	12333039.41	9011.153029	539028.4293	770757.3174	-629793.3844	138900.8666
43.60279552	12336473.07	10062.10468	543151.3543	370401.8683	930357.6602	85071.02958
43.70280146	12333909.24	13577.47449	546318.9689	-996047.5948	90363.51788	-98608.43579
43.80280189	12330783.31	10551.13052	549243.687	203030.3633	-982449.0335	59770.96506
43.90280412	12334060.11	8899.594699	552864.379	862659.2021	494031.9816	147483.9048
44.00281252	12334131.56	13002.69832	555891.0003	-734135.8624	682722.265	-70248.44858
44.10281842	12329760.16	12237.65117	558145.4967	-422193.7166	-911510.3083	-30023.71767
44.20282411	12331388.95	8680.678334	561049.8181	985114.3316	-116739.4056	161002.0648
44.30282618	12333805.98	11739.4353	563897.8964	-202344.3433	984400.789	-3442.873347
44.40283049	12329767.68	13459.75196	565687.991	-865041.8665	-502284.3746	-97020.4942
44.5028337	12329068.88	9387.364002	567767.5925	744580.1519	-663461.0256	124176.7491
44.60284576	12332779.43	10357.89898	570291.6362	375841.4571	929303.4988	71681.28239
44.70285304	12330351.1	13886.81855	571791.1711	-995840.4693	59268.45898	-121610.0715
44.80286025	12327557.18	10693.03142	573065.7698	269019.8439	-966839.6105	53380.62637
44.90286321	12331210.19	9336.120281	575072.6294	813149.1177	576456.7002	128398.5409
45.00286579	12331055.31	13504.12352	576374.4339	-809001.4205	587552.5714	-101482.4005
45.1028712	12327016.82	12189.22259	576955.1821	-281279.3925	-964381.3703	-29162.92392
45.20288313	12329439.5	8973.711421	578274.0743	992103.727	59093.17153	149124.7529
45.30288547	12331496.11	12521.91423	579369.8664	-387115.677	926221.1738	-47495.15781
45.40289505	12327394.26	13436.54791	579420.1407	-733804.0942	-679565.7079	-98600.2035
45.50289828	12327858.83	9353.893194	579942.6057	879920.1026	-468246.7595	128396.2046
45.60290529	12331477.46	11273.45794	580739.7017	139160.1257	995066.5414	21841.19442
45.70291243	12328466.5	14144.39517	580422.7183	-974511.0843	-203144.4555	-138059.6862
45.80291374	12326838.33	10371.27277	580127.1868	517777.4582	-858340.3334	71821.83366
45.90291861	12330970	10125.73478	580475.2819	626059.7768	781481.89	85645.85026
46.0029284	12329900.76	14147.87907	579912.4604	-938829.5632	330998.6265	-137981.74
46.10293454	12326643.36	11762.2698	578865.6201	9038.292785	-1004931.424	-5580.584014
46.20294316	12330125.98	9431.812661	578599.3701	935225.7599	346440.3056	123822.0208
46.3029483	12331324.09	13463.36941	577836.9932	-633342.1466	773939.0516	-99478.99232
46.40295351	12327386.6	13178.60456	576176.9132	-509569.6516	-862156.204	-83817.95855
46.50296009	12329218.11	9419.87314	575157.1023	977110.5245	-199889.876	123689.3709
46.60296526	12332408.01	12279.08075	574155.5359	-131929.6036	995719.937	-33710.33683
46.70297532	12329000.76	14229.5537	572057.1691	-884657.2705	-455575.7742	-140826.9426
46.80298642	12328645.05	10169.33786	570214.9876	720387.3606	-695985.0978	81527.87559
46.90299643	12332934.32	10962.49152	568848.7131	421403.3821	911570.1313	38197.9762
47.00300423	12331212.88	14584.38926	566476.8434	-986520.0706	107682.735	-158690.198
47.10301433	12328802.34	11541.0755	563841.5607	219498.2446	-980704.652	6237.481298
47.20302213	12332884.3	9947.664473	561931.9824	856601.7915	517448.7097	92088.02165
47.30303196	12333586.12	14076.99313	559388.8794	-750192.0424	656060.8736	-129599.4978
47.40303508	12330001.55	13169.97776	556094.8153	-382277.7152	-925908.3124	-80978.67385
47.50304624	12332500.87	9687.858926	553461.7782	995933.6517	-85349.7393	104074.8933
47.60304965	12335585.82	12801.39216	550740.2638	-212719.0254	980343.5774	-60638.98632
47.70305109	12332314.5	14481.98943	547000.4407	-859567.5871	-499014.9757	-148753.5458
47.80305943	12332301.41	10454.8003	543534.6479	732604.3747	-685188.6214	61703.99787
47.90305996	12336746.11	11215.86788	540496.3301	446267.1262	900202.5137	21933.68335
48.00306372	12335409.59	14874.7564	536532.6015	-976080.6489	171895.285	-166488.9725
48.10307525	12332984.77	12112.74146	532269.1542	119631.8092	-997531.8472	-24868.53644
48.20307683	12336973.59	10090.30098	528680.4558	925120.5104	384882.434	77572.8899
48.30308562	12338525.18	14040.30545	524615.7782	-611323.1822	788361.9723	-121529.2872
48.40309344	12335070.59	14000.99365	519756.3987	-583695.6618	-809383.329	-119155.3658
48.5031008	12336763.56	10160.7277	515397.5179	935157.6533	-361149.6916	71070.83658
48.60310437	12340758.21	12279.51568	511170.5284	116506.3853	997654.3657	-33347.09702
48.70311219	12338493.57	15107.90093	506010.2918	-980271.0287	-141326.572	-170574.0615
48.80311852	12337124.6	11661.61348	500814.4875	383999.2727	-928723.0845	-4241.587535
48.90311896	12341559.33	10599.99394	496177.131	812577.3368	589586.3824	45890.84453
49.0031284	12342349.08	14618.92147	490946.454	-750830.2899	652376.4908	-143731.6599
49.10313857	12339109.82	13885.92702	485091.3341	-451106.0481	-891423.7013	-108936.3039
49.20313919	12341363.76	10292.91727	479744.7859	970746.662	-253847.6295	56677.14923
49.30315035	12345185.95	12686.1403	474432.8016	44534.43329	1002603.113	-52949.80585
49.40315517	12342901.73	15318.91238	468273.9678	-975543.7277	-170477.478	-171031.7657
49.50316051	12341656.8	11915.99073	462100.3081	371739.1387	-933508.6014	-19279.62823
49.60316154	12346052.37	10737.68984	456422.6994	846104.3644	541384.336	31786.87394
49.70317314	12347205.34	14664.70086	450242.8652	-681254.1633	725784.3506	-138310.6707
49.80317525	12344022.21	14432.1093	443458.8449	-577805.1672	-812316.4253	-127605.6974
49.90318065	12345668.82	10682.88086	437068.7108	905394.336	-435155.1178	30018.65793
50.00318499	12349897.22	12303.57112	430817.5176	282051.497	963852.7135	-37880.0719
50.10318516	12348467.59	15562.09964	423843.3941	-983298.1222	118792.8332	-170332.2216
50.20318683	12346344.15	12974.17165	416678.9131	44168.65386	-1001860.164	-65767.32966
50.30319527	12350052.2	10602.38543	409981.9066	986793.889	188409.1898	27199.22572
50.40320316	12352674.54	13963.17025	403047.529	-318651.6515	947483.3679	-103616.5653
50.50320386	12349844.87	15435.63117	395462.0408	-883852.1873	-451192.9041	-158840.4056
50.60320663	12349591.92	11767.1565	388014.2248	567675.2601	-829029.5975	-21324.29732
50.70321869	12354061.68	11319.43516	380892.2802	755450.0653	662767.5141	-5866.947188
50.80322875	12354773.38	15155.4007	373303.3065	-736209.5481	668816.2002	-143806.7859
50.90322929	12351714.84	14775.90085	365268.3961	-575172.3947	-813901.2881	-129388.6001
51.00323314	12353202.36	11114.75538	357534.0914	873472.1662	-497026.7108	-3289.936722
51.10323504	12357452.74	12308.70627	349926.9143	417421.113	913110.4416	-44597.48829
51.20324486	12356643.41	15793.99516	341781.5698	-936812.241	327242.223	-159045.128
51.30325582	12354021.41	14040.37091	333392.8063	-236737.5629	-971411.3439	-101564.3997
51.40325885	12356713.3	10942.58027	325339.2345	990783.7513	-168297.6676	-4842.871854
51.50325961	12360315.57	13230.05932	317252.5964	106002.6383	996501.1023	-75822.11957
51.60326586	12358517.44	16060.62577	308654.562	-991641.2933	35084.99645	-159425.8088
51.70327212	12356519.5	13484.17236	299959.7629	31282.05055	-1001000.848	-83777.89836
51.80328288	12359880.75	11041.73954	291566.5443	1001593.128	80999.96727	-15818.0475
51.90329021	12362801.49	13938.20715	283046.6185	-121908.5939	992948.35	-95874.23587
52.00330076	12360440.03	16153.41352	274081.026	-978369.6646	-170874.4449	-153605.7408
52.10331016	12358968.02	13145.45909	265103.6253	213874.7561	-979054.7238	-75560.81452
52.20331132	12362621.27	11233.14511	256376.8427	976143.4307	237262.0246	-29167.3518
52.3033196	12365023.98	14407.27009	247486.0465	-256198.6224	965986.9775	-105978.4192
52.403329	12362386.27	16215.76631	238222.0309	-953252.7815	-282521.4346	-146597.3184
52.50333586	12361195.68	13044.91231	228981.6464	302902.7384	-955286.3476	-75352.0092
52.60334544	12364913.56	11413.0754	219943.4039	955092.8823	309932.2107	-41708.64418
52.70334803	12367027.91	14666.07712	210745.312	-308185.2534	950335.722	-109013.1419
52.80334971	12364282.69	16320.39531	201240.0259	-944831.2459	-312489.8474	-140157.0979
52.90335938	12363107.94	13138.42645	191761.6067	315658.238	-950773.6106	-79933.83701
53.00336988	12366736.44	11537.72164	182446.9145	955599.9149	306673.3599	-52728.10474
53.10337135	12368801.32	14743.34439	172999.7279	-289140.2218	956460.5971	-107615.3261
53.20338223	12366042.96	16474.02725	163301.5264	-955761.8905	-280300.9982	-133979.697
53.3033868	12364669.25	13391.06254	153621.3303	265835.8999	-965304.2503	-86712.04517
53.40338984	12368087.24	11616.83991	144071.8526	973822.2648	240237.8926	-62896.35636
53.50339391	12370292.61	14668.80947	134426.6224	-210735.9995	977111.1944	-104134.7794
53.60340555	12367630.74	16658.73743	124584.8436	-979027.7658	-187849.8895	-127346.193
53.70340855	12365877.3	13787.87064	114745.8126	159286.4211	-987846.9535	-93734.90647
53.80341947	12368974.99	11689.47817	105005.5569	994434.8932	125546.7578	-73056.51891
53.90342913	12371433.24	14480.74674	95206.91505	-87989.54075	996057.9969	-100629.5562
54.00343226	12368982.01	16828.48502	85268.59473	-996581.0815	-50307.50001	-119562.9686
54.10343656	12366754.97	14288.65176	75321.20854	11772.09325	-1000025.756	-99044.96165
54.2034457	12369395.53	11797.378	65440.0432	1001056.683	-30236.99742	-83493.95552
54.30345108	12372161.52	14187.34311	55530.41268	75879.3206	997270.5821	-98456.66512
54.4034604	12370042.63	16940.91395	45537.43256	-991820.8247	118528.8985	-110645.1623
54.50346841	12367323.65	14855.3508	35536.13522	-161780.82	-986695.8124	-101283.4645
54.60347799	12369386.16	11977.7908	25567.3673	979065.7263	-206452.8325	-93848.45066
54.70348114	12372429.19	13856.22133	15586.35621	254360.1027	967218.6014	-98939.95868
54.80348641	12370754.85	16967.4905	5579.740431	-953569.2067	300750.4877	-101266.5403
54.90348799	12367598.92	15452.16155	-4418.956274	-347323.1967	-937779.3899	-99681.55764
55.00350002	12368975.73	12249.57854	-14418.18846	921051.5001	-388601.3891	-103213.8303
55.1035028	12372218.01	13525.31216	-24429.60759	432584.7931	901320.8132	-102426.5035
55.20350586	12371063.33	16903.40354	-34412.9496	-879950.9667	476588.9748	-92462.12907
55.30351521	12367568.12	16006.11348	-44356.91154	-516218.4813	-857114.0721	-94201.62987
55.40351948	12368223.72	12600.48725	-54325.90529	831811.9219	-553050.6014	-110562.014
55.50352378	12371549.83	13252.19738	-64323.92228	587984.302	807771.0664	-108537.3899
55.6035265	12370916.47	16778.03506	-74248.07703	-782492.7618	624871.7625	-85090.29462
55.70353337	12367208.95	16489.47281	-84086.27846	-657582.4719	-755155.9834	-85584.65682
55.80354425	12367181.07	12986.13775	-93967.51426	728755.8852	-682354.4196	-115357.2967
55.90355227	12370483.51	13075.70785	-103905.3139	705337.9371	706399.3659	-116182.3154
56.00355675	12370291.25	16647.60252	-113732.4555	-683232.8236	732742.5961	-79254.00149
56.10356333	12366467.77	16863.82746	-123418.2389	-756342.0365	-657496.0854	-75137.35168
56.20357106	12365874.36	13352.00565	-133155.7634	633282.4392	-771398.5167	-117888.425
56.30357314	12369081.3	12995.86748	-142983.7447	784637.3806	615561.9829	-124207.996
56.40358194	12369209.44	16560.1411	-152672.66	-600992.786	802050.7346	-74312.11486
56.50359088	12365314.71	17137.99285	-162160.7713	-815954.2988	-583198.9403	-64012.33028
56.60359836	12364321.91	13642.53299	-171705.846	567203.3947	-821005.0631	-119293.7361
56.70360996	12367438.4	13024.06428	-181378.5915	821421.7366	563943.7266	-131277.5838
56.80361409	12367692.11	16577.38616	-190880.6785	-559959.5304	831703.8911	-68658.29836
56.90361636	12363725.5	17316.65166	-200124.603	-838250.258	-551811.9572	-53292.29764
57.00362718	12362546.38	13809.98751	-209436.3621	549263.6125	-832814.1332	-121367.6385
57.10362782	12365598.49	13136.69953	-218906.8637	824951.8252	557477.8026	-136649.1338
57.2036313	12365782.12	16720.48891	-228170.0157	-568408.4907	826575.89	-60696.67121
57.30364314	12361694.45	17393.859	-237123.8435	-820885.4536	-578094.7187	-44199.19045
57.40364947	12360585.59	13831.41558	-246169.738	588485.6303	-804870.1721	-125970.9061
57.50365626	12363644	13366.24541	-255398.8054	782511.7344	615195.504	-138599.7023
57.60366406	12363475.17	17032.18344	-264361.1186	-643075.9882	770807.9316	-48045.87513
57.70366596	12359252.89	17341.8109	-272977.7979	-752931.9102	-664535.0556	-38557.72951
57.80367319	12358521.7	13698.20383	-281737.8857	688263.1133	-719802.5826	-134826.2921
57.90367991	12361593.96	13752.80022	-290682.5756	678404.5575	729104.3009	-134811.6276
58.00368578	12360770.18	17471.60478	-299273.5455	-767929.8893	647588.1746	-30219.88348
58.1036959	12356467.85	17085.70354	-307515.5496	-605010.9119	-801481.1219	-39872.39538
58.20369848	12356473.1	13458.92863	-315981.8231	829545.719	-547691.9042	-147944.1728
58.30370006	12359428.72	14378.01275	-324589.8948	480655.8793	874223.7068	-121255.2527
58.40371097	12357616.89	17963.47305	-332731.7478	-913447.5822	418976.8081	-8482.279717
58.50371209	12353507.24	16553.35577	-340579.3581	-348761.0006	-941073.3182	-52409.67774
58.60371806	12354566.5	13251.82099	-348751.4165	958110.3081	-256722.5715	-161611.1346
58.70372287	12357038.5	15326.89574	-356949.5568	155982.3754	988451.2151	-92917.67302
58.80373465	12354000.97	18312.81114	-364566.1148	-1003162.27	59591.1956	10693.40829
58.90373537	12350628.64	15679.76711	-372034.4936	41359.75906	-1000874.776	-80864.40867
59.00374217	12352880.4	13323.3703	-379902.8717	977301.1164	164872.0979	-166432.3264
59.10374746	12354194.63	16583.46706	-387581.222	-289327.6834	961253.7199	-47757.48796
59.20375704	12350036.84	18219.07639	-394626.5575	-919145.0717	-406154.6056	14518.04512
59.30376763	12348209.51	14581.83421	-401770.4033	519473.2251	-851421.9321	-123402.8442
59.40377426	12351283.82	14007.02438	-409279.0949	756454.513	645142.6932	-146858.6915
59.50377817	12350626.11	17890.2364	-416301.3164	-754372.7971	663990.9508	6140.060651
59.60378384	12346113.48	17381.44633	-422802.9492	-543248.0229	-845407.168	-12973.27836
59.7037923	12346552.02	13705.72635	-429684.5356	910456.6014	-393058.0528	-163015.7793
59.80379894	12349303.48	15487.01905	-436688.2968	223501.7427	975646.6592	-90335.85928
59.90380035	12346295.89	18643.0015	-442951.7393	-1002299.432	59579.37595	42966.80311
60.00380235	12342945.21	15824.19336	-449038.3578	115125.4809	-995446.806	-76366.09248
60.10381085	12345544.04	13747.34178	-455644.0956	941383.6771	309650.3032	-167073.2244
60.20381824	12346286.43	17435.99586	-461915.781	-493201.3912	875624.9195	-5778.259453
60.30382926	12341750.79	18145.57307	-467452.6638	-759871.2949	-657170.6718	26876.07537
60.40383044	12341211.12	14230.44919	-473299.4803	787808.1921	-605868.7115	-149269.4107
60.50384241	12344368.05	15224.65989	-479438.6419	409488.3853	911758.2054	-104958.2641
60.60385129	12341943.82	18801.9567	-484785.9924	-981418.8762	207772.9451	60393.6483
60.70386191	12338256.85	16290.43478	-489832.8003	15459.94055	-1003314.896	-55858.82946
60.80386774	12340785.56	13918.6105	-495476.3586	957487.426	254674.0326	-168401.2065
60.90387424	12341741.97	17615.66045	-500789.0331	-480362.31	882722.0628	7335.601001
61.00388603	12337206.23	18304.54609	-505279.038	-738861.3736	-679972.441	41489.15748
61.10388979	12336946.47	14334.82447	-510140.3661	830269.6889	-545620.7205	-151493.4756
61.20389453	12340126.22	15702.44124	-515283.152	305583.99	953602.0538	-85214.71859
61.30389776	12337304.31	19062.28605	-519520.032	-1000045.78	56961.44993	81632.2894
61.40390469	12334144.09	16020.71368	-523553.1385	204872.7341	-981416.0648	-69639.5767
61.50391028	12337242.97	14342.33893	-528231.2667	874875.7811	469689.3129	-154868.7092
61.60391874	12337355.54	18377.05312	-532372.0411	-695255.0792	723977.9951	49761.808
61.70392169	12332850.35	17914.01422	-535750.0072	-501911.1667	-870263.6737	26950.30753
61.80393271	12333963.7	14206.29608	-539700.7052	964425.1463	-229964.6597	-164317.9617
61.90393635	12336578.92	16861.51684	-543692.9113	-64997.20537	1002515.238	-27176.4742
62.00393941	12332732.27	19116.39434	-546665.1085	-937406.1329	-350645.7226	91199.3389
62.10394948	12331188.51	15209.85734	-549777.0387	607008.9962	-792838.5132	-113785.6345
62.20395161	12334825.31	15353.91618	-553423.0512	562229.5994	826125.9737	-106835.1681
62.30395827	12333091.47	19256.59274	-556180.8722	-956069.5106	292888.9402	100733.1112
62.40396124	12329466.91	16815.0522	-558511.3408	13509.54708	-1004475.636	-29089.32261
62.50396657	12332449.61	14491.8328	-561576.7122	936612.6117	330087.4668	-154269.5044
62.60396811	12333285.19	18460.8847	-564183.3937	-607692.1928	798227.3958	59524.98253
62.70396963	12328893.24	18374.35134	-565898.888	-561893.5397	-831382.0078	55494.20847
62.80397188	12330009.24	14534.71195	-568204.7989	956314.4246	-268191.9885	-153413.7504
62.90397218	12332919.46	17153.10619	-570593.1481	-58559.38112	1003219.762	-10995.84552
63.00397739	12329212.48	19390.16622	-571888.7353	-923856.486	-379421.1296	111932.1216
63.10398299	12328050.74	15394.56954	-573365.9633	655616.6373	-754089.977	-107308.5813
63.20398671	12331922.73	15854.76007	-575378.9843	486982.4159	875243.7241	-82441.19276
63.30398824	12330000.23	19629.35559	-576406.895	-980993.4147	178236.2433	126030.7979
63.4039917	12326920.01	16756.22172	-577096.674	158054.7341	-991948.8605	-32498.60554
63.50399221	12330472.24	14966.52797	-578549.8401	871956.304	481939.8326	-132008.3398
63.60399465	12330836.48	19113.22128	-579381.2291	-741840.2812	670877.7013	97959.72233
63.70400233	12326749.51	18211.73175	-579407.6662	-376256.6215	-930643.7455	48302.9374
63.80400583	12328906	14750.3767	-580144.3338	993610.7044	-43659.92635	-144331.4899
63.9040139	12331378.99	18067.49865	-580753.8971	-295023.9358	959877.3523	39954.29894
64.00401964	12327457.94	19373.81208	-580282.1326	-795257.6598	-603988.9181	112971.8609
64.10402068	12327597.98	15258.9698	-580211.6169	831131.9029	-552954.7949	-116020.4935
64.20402725	12331457.91	16808.13118	-580495.9373	235618.0748	976513.0098	-30107.55111
64.30403654	12328812.08	19961.60095	-579684.2658	-988756.5217	-105983.6828	145354.7378
64.40404195	12326899.68	16367.90607	-578802.1494	433171.0592	-905224.3482	-54145.29534
64.50405244	12331061.33	15720.23241	-578606.4921	699214.1164	716204.6311	-90280.37413
64.60405817	12330467.91	19829.69986	-577565.8894	-899846.856	425927.2686	137337.5323
64.70406249	12327059.63	17811.29664	-575955.0129	-95979.17039	-1000058.887	25888.62175
64.80407067	12330338.93	15129.17235	-575113.3407	968240.3987	239939.7125	-122227.1038
64.90407752	12332048.89	19007.92808	-573878.9059	-540384.8583	842419.5306	91178.61319
65.00408695	12328181.25	19208.53483	-571691.1321	-606892.2277	-794491.1318	102301.836
65.10408701	12329605.66	15284.92208	-570072.234	944570.1962	-324239.2617	-112499.0919
65.20408737	12333201.96	17712.13435	-568584.6345	4938.746703	1004779.752	19830.7796
65.30409531	12330179.48	20153.76211	-566007.9008	-940257.4092	-320386.8065	152539.499
65.40410587	12329296.74	16242.72109	-563558.6971	606335.7929	-799280.1369	-59229.80017
65.50411648	12333711.97	16382.81685	-561669.7641	563526.3343	830522.8323	-51671.03422
65.60412752	12332684.16	20282.29347	-558865.6087	-953100.4676	277114.1654	157503.137
65.70413074	12329855.96	17788.51818	-555650.4344	37394.16057	-1003998.33	24269.94814
65.80413236	12333611.78	15514.01245	-553163.0653	941797.0527	337202.6196	-96502.35715
65.90413816	12335192.83	19467.6128	-550214.5742	-596034.9323	801328.2797	112318.0649
66.00413983	12331580.38	19449.74294	-546405.6779	-576756.249	-815462.8097	111232.3481
66.10415008	12333279.58	15592.62859	-543143.5751	948733.6005	-319045.0782	-90082.14903
66.20415386	12337069.67	17950.75232	-539994.2525	36295.07188	1003812.179	32307.53678
66.30415862	12334408.19	20518.82671	-535833.519	-958372.097	-253994.1136	164346.9318
66.40415915	12333392.27	16793.27573	-531731.1298	515545.7905	-862277.6621	-26263.49921
66.50416417	12337914.88	16386.57406	-528187.2982	687287.572	731750.6921	-46655.31161
66.60417517	12337783.01	20410.57277	-523883.4832	-878042.6069	463437.7152	155777.6129
66.70418374	12334713.22	18718.48688	-519051.1262	-201990.7455	-981915.9888	70998.09702
66.80419402	12337886.79	15684.97026	-514855.738	1000343.531	55490.96303	-78952.98443
66.90420095	12340731.46	19033.08745	-510461.6456	-300092.3203	955327.9304	85399.9108
67.00420988	12337580.92	20429.89256	-505170.3525	-835506.6962	-537179.2308	152862.797
67.10421812	12337806.49	16472.48115	-500148.3034	729466.9877	-690262.1396	-37631.0054
67.20422246	12342352.74	17087.29478	-495501.3257	500627.0164	871383.737	-7935.584123
67.30423413	12341501.89	20819.29444	-490052.1201	-950202.2446	281078.7277	167661.6931
67.40424549	12338919.64	18547.42736	-484254.8334	-46641.44135	-1002028.568	61345.94792
67.5042495	12342513.88	15938.49021	-479043.6406	989131.6532	167918.2867	-58498.04893
67.60425203	12345096.85	19421.77045	-473566.5965	-364230.7481	931277.2324	100292.9645
67.70425822	12342017.59	20619.35188	-467297.1996	-821507.4636	-558161.5024	153561.7939
67.80426578	12342329.03	16727.44119	-461279.6919	717808.9231	-703118.4912	-19358.13405
67.9042709	12346894.27	17176.13927	-455599.2785	554136.233	838410.526	908.478792
68.00427292	12346441.07	20951.53147	-449223.4195	-913666.2695	385200.0443	163813.5343
68.1042764	12343693.32	19170.67349	-442468.6562	-202736.3746	-980448.3777	87286.54707
68.20428513	12346775.37	16127.14669	-436212.0795	1003611.496	-33981.73326	-40114.91886
68.30429335	12350067.84	19044.65414	-429841.701	-127978.8897	993510.3235	80985.43671
68.40429529	12347525	21164.447	-422734.5011	-946826.7477	-292859.9529	166589.7894
68.5042989	12346692.84	17653.34438	-415684.462	443060.9592	-901688.4077	25593.00775
68.60429915	12351101.27	16696.87776	-409038.8094	830523.0272	565777.1715	-11300.15966
68.70431024	12352241.27	20550.93234	-401939.6484	-668102.5219	737988.7946	137882.4114
68.80431236	12349132.94	20486.39031	-394311.5083	-630447.5103	-770998.2825	134527.2662
68.9043178	12350429.71	16742.9155	-386993.9816	850637.4698	-535154.694	-5034.735458
69.00432176	12354771.57	17837.35206	-379842.102	433740.2545	905859.8241	35879.95074
69.10432209	12353995.42	21366.20755	-372101.7617	-937431.8169	323996.4095	162012.084
69.20432409	12351394.63	19548.54833	-364093.6226	-212087.2893	-977525.9525	97272.78119
69.30433115	12354255.64	16495.30177	-356463.0337	998080.2388	-117407.2933	-7166.901194
69.40433687	12357768.77	18998.60289	-348775.1865	28832.94153	1001559.905	77758.71743
69.50434859	12355730.39	21626.4633	-340512.8359	-989215.475	-69146.9507	163313.9409
69.60434896	12354063.22	18737.19227	-332190.1025	156609.0308	-990246.8698	69890.97537
69.70435546	12357802.76	16671.93742	-324204.1527	979046.6967	226781.6698	6135.14262
69.80435962	12360303.63	19930.76346	-316016.1372	-286339.8937	957473.5317	106084.4073
69.90436737	12357613.91	21596.93571	-307338.5883	-927420.9185	-354984.372	154520.3404
70.00437537	12356825.65	18204.84124	-298720.9158	415725.7452	-913255.007	56012.47336
70.10437742	12360916.53	17014.59247	-290366.0034	894829.6477	456856.0375	23716.29503
70.20438771	12362564.91	20582.06244	-281743.8331	-491532.0489	868157.8464	121236.1278
70.30439944	12359592.75	21496.98912	-272727.0127	-838098.209	-535540.8901	144178.1787
70.40441061	12359436.28	17933.93268	-263824.5846	572125.6119	-824552.4843	52777.69413
70.50441515	12363595.94	17355.08468	-255115.9884	811352.1769	591716.8492	39734.31185
70.604426	12364653.12	21001.01931	-246131.2878	-605784.1218	791785.9604	126888.1035
70.7044363	12361575.91	21456.01963	-236833.1936	-772041.0803	-628849.2336	136019.1599
70.80444483	12361738.4	17873.82715	-227659.7473	645661.9049	-768061.3058	56590.94712
70.90444533	12365836.43	17595.61218	-218630.9341	766924.448	647393.3631	52045.40907
71.00445014	12366607.26	21227.18512	-209352.7596	-644617.9637	760636.2746	126095.7526
71.10445248	12363485.16	21541.47243	-199822.1872	-755743.9555	-649416.6058	130801.9343
71.20446356	12363645.13	17983.59072	-190399.2352	652377.3755	-761733.0318	64548.80598
71.30446467	12367641.68	17710.86565	-181091.576	771438.1868	641203.0835	61169.68004
71.4044681	12368394.45	21306.34172	-171579.5353	-626001.066	776744.719	121615.4058
71.50447936	12365226.75	21732.08865	-161859.9053	-780891.6912	-619762.5028	126896.0473
71.60448499	12365143.26	18222.5302	-152222.9529	608216.856	-796595.7299	74212.52817
71.70449051	12369011.64	17731.15401	-142680.555	812988.3356	586783.1761	68814.75546
71.80449628	12369944.83	21267.67945	-132985.5379	-561399.0448	825534.3492	115430.2862
71.904508	12366762.73	22001.15694	-123124.3959	-837023.0061	-542493.4812	122854.8339
72.00451161	12366242.24	18578.15446	-113316.8006	518058.7382	-857067.1655	83970.33801
72.10451236	12369918.04	17692.95282	-103585.7403	877258.3489	484342.7232	76353.88541
72.20452351	12371192.23	21110.94298	-93752.90712	-450733.6231	891618.4199	108884.3165
72.30452647	12368069.64	22304.59397	-83798.50279	-906856.0794	-416912.1194	117457.8054
72.40453088	12366964.14	19051.29464	-73870.74055	381556.3242	-925130.9109	92453.06548
72.50454163	12370360.64	17655.46276	-63996.95224	941024.9317	342469.5344	84774.38376
72.6045483	12372062.16	20849.39096	-54067.57043	-299220.1333	953819.3707	103421.0808
72.70455719	12369090.6	22577.75986	-44064.29291	-965043.4271	-258029.3199	110054.7773
72.80456477	12367353.5	19599.21435	-34072.62475	215465.3071	-976701.7475	98124.4009
72.90457546	12370349.39	17665.68862	-24107.26486	985845.9934	171012.2658	94140.75837
73.00457966	12372490.82	20522.7865	-14118.93726	-122455.8685	992441.312	100323.4904
73.10458429	12369792.26	22783.79325	-4111.273437	-997136.9114	-74281.24053	100996.4222
73.20458494	12367431.32	20208.67332	5885.151097	24974.41823	-999679.0691	100090.1463
73.30458528	12369891.5	17755.22719	15886.97431	999320.0601	-24119.93985	103815.4426
73.40458884	12372446.01	20149.81407	25896.58584	72232.08395	997357.1695	100305.546
73.50459108	12370137.12	22897.96943	35868.80528	-993449.6782	121434.5054	91166.869
73.60459902	12367215.07	20820.36098	45813.99879	-166640.4577	-986229.7564	97886.7997
73.70460326	12369071.69	17936.88772	55796.49187	976414.0972	-209517.6465	112773.5199
73.80460807	12371926.37	19816.51052	65787.68105	251124.0597	967603.3779	103346.0686
73.90460978	12370042.08	22928.21067	75686.64698	-957096.4077	295480.7781	81593.97245
74.00461479	12366693.04	21373.94164	85525.52257	-335696.1798	-942785.658	91996.07622
74.10462509	12367942.33	18183.67173	95431.2578	927713.7416	-367297.5667	120165.3501
74.2046333	12370974.64	19565.42026	105360.9375	397550.4887	916610.8727	108527.0344
74.30463657	12369478.22	22915.59303	115148.1823	-904184.6362	432606.8465	72811.12653
74.40464091	12365830.23	21822.01656	124830.9755	-463585.254	-887741.7602	83685.59975
74.50464756	12366549.37	18449.63961	134604.1581	871244.7832	-484875.2852	125811.3095
74.60464952	12369650.04	19413.83484	144425.275	504741.3219	861450.808	114624.184
74.70465692	12368449.54	22906.5339	154059.6958	-852905.4572	527611.5257	64640.2281
74.80466325	12364597.17	22154.93768	163539.6682	-546513.2355	-840116.2318	74350.52508
74.90466923	12364931.88	18682.27858	173131.3665	827621.7194	-555024.5217	130345.9626
75.00468041	12368038.83	19399.15463	182798.6933	558046.0866	827181.3345	119814.8789
75.10468288	12366955.01	22957.49047	192232.0229	-825377.6138	570625.3919	56021.93225
75.20469444	12362964.45	22348.88312	201464.5584	-575120.2582	-821528.6589	65782.60702
75.30470342	12363140.41	18828.5928	210834.7701	817655.4538	-568474.3255	135190.607
75.40471558	12366206.28	19525.08163	220300.4375	556028.1508	828150.1511	122474.5803
75.50471712	12365008.75	23106.48674	229478.6435	-836487.7632	555174.4684	45492.10642
75.60472573	12360938.97	22394.25513	238420.4707	-545621.9608	-841859.0534	59749.56252
75.70473	12361211.67	18876.89894	247537.0108	845951.1829	-523770.9285	141529.5403
75.80473586	12364191.17	19800.04308	256752.9094	495405.9792	866003.3218	120876.6422
75.90474136	12362633.61	23349.44561	265615.7898	-884615.3191	475837.8869	32156.53606
76.00475198	12358565.13	22261.68808	274229.0907	-446468.9375	-898460.836	58597.04935
76.10475709	12359229.21	18837.89853	283071.5093	908331.3849	-403009.5612	150057.9517
76.20476265	12362017.35	20285.13319	291986.3982	352261.3745	934564.6737	111806.9536
76.3047658	12359815.28	23650.47785	300464.855	-955666.8104	310548.0877	16150.32169
76.40477226	12355942.1	21902.17611	308722.6735	-258396.6938	-968986.9888	65539.02879
76.50477279	12357276.54	18790.34636	317276.9688	973922.2694	-190076.8549	159204.9076
76.60477297	12359628.32	21010.13014	325826.2151	114958.9826	994110.7308	92348.72716
76.70478071	12356561.47	23893.30614	333852.047	-1004021.464	44049.9894	705.6912661
76.80479037	12353249.38	21272.39344	341749.0716	35632.51485	-1000829.933	84081.92523
76.9047945	12355444.88	18887.60266	350002.8282	982601.1753	132844.8865	163851.0501
77.00479757	12356897.84	22016.58068	358099.7348	-232753.6163	975881.2593	59004.42319
77.10480569	12352913.55	23875.59123	365615.4499	-950277.1262	-327004.0642	-6459.535534
77.20481516	12350762.13	20405.5007	373176.6609	422623.9001	-904483.9104	115316.4994
77.30482039	12353702.71	19376.96109	381093.668	837455.9913	533917.4287	153621.7504
77.40482342	12353617.67	23167.22374	388625.3043	-637068.2153	777128.8106	14659.49915
77.50482899	12349111.48	23337.37459	395617.984	-692364.12	-728412.5535	6861.29474
77.6048367	12348779.71	19548.35174	402889.1002	805695.1715	-581309.859	151440.2142
77.70484189	12351793.65	20485.72226	410376.2871	449489.4233	891312.1535	116283.7199
77.80484281	12349652.71	24088.07577	417230.9104	-951389.0443	322730.4603	-26531.80238
77.90484448	12345642.64	22144.33883	423763.3572	-177460.5352	-987912.4836	50365.49683
78.00485083	12347414.4	19197.03151	430765.6946	990229.0859	-6943.96926	171458.8546
78.10485578	12349227.57	22181.38324	437653.1435	-168460.5551	989580.8141	48485.60423
78.20486565	12345189.9	24195.09496	443786.1538	-946612.8674	-335445.6132	-37420.85002
78.30487639	12343160.09	20549.29437	449996.3901	495238.7379	-866514.2659	117862.7151
78.40488347	12346319.13	19945.95164	456645.9367	743298.7885	660640.1678	145125.7379
78.50488844	12345513.67	23903.39651	462724.8295	-796738.2509	611867.5538	-28744.67439
78.60489545	12341026.13	23027.77184	468244.7406	-441798.7336	-902625.4864	9006.131835
78.70490649	12342032.14	19479.47948	474249.3093	961770.3796	-237296.3461	169375.8577
78.80491715	12344493.02	21924.81123	480288.4804	14392.95485	1003171.034	58657.64491
78.90492261	12340814.24	24497.75701	485466.0741	-982945.9139	-200230.1317	-61034.61972
79.00492985	12338384.92	20976.41928	490639.7378	410090.3505	-911727.8846	102850.226
79.10493447	12341603.2	20069.57131	496346.1561	777249.7028	619983.8342	146638.8254
79.20493885	12340981.95	24096.1672	501445.7621	-789851.3696	619730.7706	-45481.71166
79.30494686	12336512.79	23157.17704	505920.1116	-409987.0974	-917555.9158	-1312.043036
79.40494868	12337805.37	19652.19347	510951.8956	976623.7131	-165546.8899	169706.6598
79.50495236	12340148.76	22418.19712	515969.0514	-96398.72951	999757.7344	34521.84371
79.60495236	12336201.48	24600.48781	520040.0909	-940516.9946	-346225.8359	-74534.91551
79.70495644	12334469.12	20768.64596	524231.2438	574432.0591	-816335.5643	116722.1318
79.80496129	12337944.18	20689.01135	528936.0869	617202.6944	783754.6329	121612.1276
79.90496766	12336427.92	24648.9634	532842.8841	-923704.086	387812.456	-79826.44059
80.0049794	12332447.76	22613.25409	536264.9472	-113508.3272	-998279.3041	23543.38093
80.10498934	12334916.81	19869.61385	540370.805	974392.6178	182027.0773	165605.4638
80.20499203	12336229.09	23555.39675	544167.9234	-459058.3435	893656.4872	-25367.70039
80.3050041	12331777.09	24240.46919	547034.8636	-716019.8811	-702469.8121	-62062.01124
80.40501236	12331914.5	20219.30266	550347.6403	873290.1603	-474375.8355	149438.4917
80.5050143	12335159.68	22013.88612	553917.9719	181212.4807	986971.3562	55222.99372
80.60501865	12331986.58	25035.71671	556456.0014	-991881.3915	-122197.7434	-106014.2295
80.70501918	12329637.89	21477.71469	558934.8656	415728.2383	-911129.2716	83746.53674
80.80502448	12333282.65	20723.78697	562067.2494	723114.343	686660.0896	124914.2442
80.90502485	12332437.27	24833.78814	564418.4459	-876470.5197	482089.3963	-96898.10184
81.00503582	12328444.35	23076.17093	566163.4871	-175220.9765	-989591.8484	-2362.880021
81.10503772	12331010.92	20158.93458	568645.9225	980937.7223	152288.4068	156746.3759
81.20503792	12332593.87	23866.64352	570825.4323	-460963.8261	891884.6697	-45322.03674
81.30504077	12328298.97	24478.11994	572013.158	-688895.5878	-727395.3985	-79490.90178
81.40504547	12328856.36	20448.45802	573705.6697	903888.334	-415736.9566	141945.9852
81.50504983	12332199.72	22557.22853	575620.1574	88792.11491	1000711.413	26317.83789
81.60506188	12328902.76	25277.98629	576429.3026	-966108.8847	-247342.9298	-124318.5347
81.70506389	12327279.05	21442.77561	577298.5339	550441.6896	-836264.4539	87611.12747
81.80506535	12331250.8	21356.99385	578786.2108	595930.6044	803891.6788	92870.25208
81.90506725	12329887.94	25331.48823	579348.0711	-950370.794	300769.0426	-127801.9448
82.00507322	12326546.28	22840.09459	579454.0273	38935.22158	-1004181.394	10187.11424
82.10507756	12329939.04	20618.51335	580340.6873	922300.314	376008.2986	134089.1134
82.20508616	12330842.55	24690.30248	580702.6228	-662113.6135	750392.7985	-92283.31877
82.30509034	12326753.56	24247.25978	580181.1872	-476294.1165	-882331.1443	-68085.72939
82.4050918	12328584.77	20557.45462	580324.9647	983267.1001	-155894.0236	137414.9313
82.50509978	12331482.64	23569.88943	580447.817	-185901.1264	987192.7791	-29852.77631
82.60510811	12327803.31	25310.77206	579464.1589	-856460.1056	-510252.5072	-126958.5226
82.7051134	12327559.2	21207.39056	578792.5397	765495.8406	-643297.326	100919.1188
82.80511371	12331635.1	22304.40556	578559.6835	347315.3724	942200.296	40381.1155
82.90511942	12329453.8	25755.06845	577269.702	-993480.7059	15553.95117	-150844.8271
83.00512322	12327193.4	22442.20779	575795.1191	318324.4865	-952699.6745	32138.00924
83.10513343	12331305.31	21280.64802	575045.2388	786002.4332	618787.1568	96450.1408
83.20514134	12331324.17	25445.36125	573548.5756	-834637.0574	543860.126	-132654.2343
83.30515019	12327751.05	23937.39951	571376.9467	-230924.9819	-976813.204	-50096.08143
83.40515195	12330680.71	20847.29379	569942.7286	993463.5991	94057.22212	119093.7296
83.50515438	12333015.16	24440.78877	568254.7926	-403280.0119	917324.2124	-76691.07853
83.60516212	12329308.84	25298.1327	565558.767	-727230.2299	-682578.2646	-123381.9501
83.70517378	12330135.1	21237.89639	563320.3749	877956.4567	-479486.2252	96360.88495
83.80517503	12334149	23045.01964	561351.6994	181512.0755	988459.6995	-888.291048
83.90518671	12331688.3	26044.27889	558327.4245	-982175.4153	-138495.1891	-161711.2747
84.00519046	12330153.75	22455.32403	555263.9702	438136.79	-903961.6684	29823.73841
84.10519499	12334551.5	21753.86071	552838.6887	725491.5791	692214.9288	67085.47657
84.20520254	12334457.21	25846.43099	549640.6499	-866707.2829	486480.2044	-148847.226
84.30520451	12331216.22	24174.87436	545857.9513	-198673.7454	-983259.2196	-61074.13593
84.40520513	12334363.73	21160.1275	542764.5136	996301.1875	90241.56506	96127.01944
84.50521175	12336950.88	24666.50517	539432.2254	-366145.9811	932003.035	-85483.70301
84.60521715	12333547.5	25743.38036	535151.3195	-776054.0759	-622843.7605	-140732.8019
84.70521939	12334158.64	21716.82278	531237.4023	816078.2339	-582919.7661	64968.16642
84.80522792	12338522.16	22967.06749	527648.9925	338109.0281	946403.7724	1478.119406
84.90522837	12336869.46	26380.87752	523128.0933	-987949.3967	71164.14469	-169975.452
85.00523797	12334780.34	23378.43385	518398.2253	202342.7557	-984202.4467	-20073.69524
85.10523944	12338940.16	21634.98203	514304.2288	898577.9872	445211.8292	65909.24236
85.20524921	12340310.14	25612.31002	509703.2153	-648344.1837	756997.685	-128857.7682
85.3052591	12336931.02	25413.60135	504362.4696	-557951.6666	-827380.5763	-118875.2284
85.40526986	12338746.76	21625.34686	499512.9639	940724.9658	-347932.8467	63081.48007
85.50527792	12342750.96	23749.47643	494777.4133	120199.6566	997043.04	-38173.54008
85.60527915	12340587.13	26595.87343	489150.4891	-983382.919	-116040.9052	-171733.9312
85.70527994	12339146.71	23253.50825	483468.7989	340363.8126	-945461.9713	-15941.64316
85.80528766	12343525.87	21987.86145	478327.4438	849207.1009	535810.3696	41887.32333
85.90529321	12344641.64	25950.53287	472659.1642	-691902.6648	715667.7273	-138168.0381
86.00530068	12341406.84	25605.47529	466352.7452	-544078.7862	-836098.3015	-122138.8747
86.10531101	12343248.82	21874.7253	460487.6435	932091.7014	-373291.9708	43106.43542
86.20532008	12347356.43	23797.03883	454734.7478	190726.3228	985854.9101	-41395.2443
86.30532415	12345557.92	26840.62753	448191.8528	-990119.785	-1466.4049	-172222.7082
86.4053293	12343771.13	23866.5128	441522.9282	189151.6755	-985986.2596	-45307.16989
86.50532957	12347837.38	21980.84791	435351.8371	941272.4315	350578.613	33179.00017
86.6053412	12349840.56	25674.94496	428826.0168	-494555.9743	866694.9835	-119390.9294
86.70534466	12346751.54	26393.07877	421645.1438	-763698.1101	-636327.8812	-147824.3023
86.80535074	12347379.33	22561.17483	414725.822	752221.3748	-666433.972	5363.258329
86.90535505	12351883.91	23099.79227	408069.9824	553407.3357	838729.8179	-16511.01223
87.00535659	12351550.03	26826.77992	400808.984	-895282.6529	427601.7086	-160080.4498
87.1053602	12348759.45	25325.48368	393195.907	-293910.0917	-955580.5236	-102385.1601
87.20536882	12351429.82	22086.41496	385990.9259	989315.7179	-175897.5406	17733.17776
87.30537664	12355103.31	24484.00225	378758.3579	61640.21217	1000623.764	-70374.47278
87.40537899	12353120.71	27196.34171	370892.5913	-989375.041	-57946.56198	-166671.0064
87.5053827	12351458.23	24268.57813	362953.6416	171699.2584	-988173.0277	-63509.30836
87.60539334	12355318.53	22268.14068	355393.1516	968841.3869	267072.9599	4289.659817
87.7054025	12357690.84	25663.48536	347591.029	-349912.2779	935673.6008	-109892.2688
87.80540359	12354885.99	27076.20773	339252.2759	-891469.5324	-437263.3321	-155186.505
87.90540596	12354473.31	23524.87403	331018.1065	514317.8777	-862422.5079	-41286.05867
88.00541615	12358770.25	22766.47752	323060.1426	824154.6033	574823.1964	-18640.89512
88.10542324	12359933.28	26486.7043	314753.6233	-621929.3673	778352.3187	-131801.1006
88.20543229	12356874.47	26787.48344	306036.6846	-727503.8708	-679159.9127	-139570.5237
88.30544248	12357463.12	23113.3156	297507.2785	726468.5884	-693615.4654	-33778.3426
88.40544815	12361757.07	23314.42771	289151.6732	659924.0476	756873.0529	-40539.28199
88.5054487	12362018.03	27009.78174	280421.7147	-776437.3904	622389.9131	-140626.3666
88.60544932	12358978.04	26552.6069	271391.5967	-584787.1851	-807338.9427	-127388.3038
88.70545051	12360169.66	22976.2142	262566.121	830771.3185	-564343.4076	-36544.96955
88.8054584	12364305.84	23738.99002	253842.3327	543921.3149	843181.5801	-56519.25568
88.90545913	12364034.77	27319.2934	244767.3473	-847393.3147	521529.1507	-141180.4351
89.00547035	12361042.1	26457.98241	235466.0232	-497271.6011	-865026.7351	-120206.9154
89.10548098	12362511.47	22986.81258	226355.6351	876939.7902	-488903.8258	-44154.88191
89.20548456	12366481.77	24014.357	217307.7286	486215.5042	876975.947	-67139.19846
89.30549115	12365948.59	27512.38767	207953.0151	-872908.0006	478664.8965	-137519.2334
89.40549416	12362959.43	26527.62856	198422.5529	-474423.1936	-878182.1319	-117127.1819
89.50549485	12364403.58	23109.67288	189052.5295	878849.9263	-484417.8357	-54425.8002
89.60549874	12368276.43	24115.83702	179728.6875	496448.1579	870714.9579	-73448.54489
89.70550365	12367749.16	27604.67726	170154.6712	-859131.0116	504678.6592	-131123.438
89.8055153	12364668.21	26751.59305	160433.8089	-512368.8251	-856712.6599	-116282.4384
89.90552241	12365857.51	23310.44005	150838.1	849950.5211	-532239.8214	-65611.61672
90.00553038	12369681.76	24095.4679	141285.0858	554192.6453	834739.2474	-77980.13146
90.10553742	12369337.34	27621.76887	131541.6255	-816130.3721	573318.4683	-123438.8505
90.2055492	12366128.96	27080.98014	121676.7239	-591945.869	-803914.8066	-115416.9486
90.30555384	12366874.01	23597.27166	111900.142	787012.8973	-620242.3815	-76877.09606
90.4055567	12370650.92	23976.77174	102164.3263	650207.2336	761878.3952	-82291.33856
90.5055689	12370660.56	27543.71517	92296.87223	-736112.181	674444.5329	-115166.9625
90.60557158	12367339.63	27485.96762	82337.03994	-701469.8397	-710737.2751	-113104.3317
90.7055765	12367472.07	23987.12873	72429.81059	683356.8575	-731711.5158	-87302.13718
90.80557673	12371152.25	23814.85507	62556.29342	762875.2463	648314.6576	-87803.55045
90.90558425	12371650.91	27354.18019	52606.61218	-612695.8498	789354.6671	-107345.2621
91.00559256	12368278.81	27899.7023	42599.10783	-814720.9202	-578378.1741	-108205.8686
91.10560012	12367700.97	24471.92517	32617.51532	542134.3426	-840801.3017	-95621.78529
91.20561208	12371195.09	23680.30677	22651.82168	864512.9096	503552.9588	-95141.19559
91.30561696	12372217.08	27090.68089	12656.4747	-460605.7134	887454.0621	-101329.4852
91.40562071	12368909.07	28263.88214	2649.61451	-908834.0513	-417011.3045	-100609.3405
91.50562076	12367600.1	25030.75546	-7345.682796	371535.9246	-928342.0038	-100708.3951
91.60562187	12370766.84	23598.75063	-17351.25518	945065.3638	325657.7606	-103915.7409
91.70562589	12372331.2	26753.27657	-27356.43101	-279873.0591	960244.221	-97990.34111
91.80562699	12369212.59	28552.50395	-37318.94954	-973616.2052	-231929.4925	-90995.58055
91.90563379	12367198.31	25624.00799	-47269.55802	187102.945	-982149.1938	-101859.9492
92.0056383	12369942.68	23612.02086	-57262.81501	988122.5501	144185.7973	-113244.3463
92.10564336	12371962.17	26421.77773	-67240.93878	-101779.7335	995039.3045	-97660.98791
92.20564371	12369109.11	28742.97291	-77118.24527	-1000210.091	-55774.43451	-80430.00655
92.30564708	12366506.35	26189.34134	-86966.02718	13306.34611	-999991.2224	-99199.27598
92.40565716	12368781.83	23710.79481	-96892.01568	997336.6221	-20410.02361	-122078.2263
92.50566536	12371135.9	26148.05242	-106802.9897	53353.85167	998603.7846	-99718.84514
92.60566706	12368558.12	28860.16192	-116554.8951	-998372.0912	91554.56875	-69792.03841
92.70566931	12365508.96	26665.99986	-126247.474	-125998.7899	-992635.4391	-93803.99861
92.80567525	12367344.51	23863.21786	-136051.4761	985204.9857	-150065.3894	-129813.3861
92.90567692	12369903.09	25963.50481	-145850.5203	173232.8478	984568.836	-103027.122
93.00568251	12367548.57	28942.91485	-155435.3293	-983327.246	198853.9955	-59368.47585
93.10568636	12364183.31	27028.10704	-164924.6058	-220641.7223	-976589.2105	-87124.87836
93.20569123	12365687.19	24026.45049	-174557.8217	968544.1935	-230832.1182	-136523.5456
93.30570183	12368333.21	25925.48986	-184199.9009	235393.9772	971315.0489	-105530.8085
93.40570223	12366061.54	29035.4393	-193569.852	-972393.473	249145.7284	-48757.97136
93.505711	12362511.88	27234.13343	-202812.3072	-254305.3102	-968876.6348	-81282.69094
93.60571854	12363877.67	24158.91605	-212234.0746	963684.4923	-246762.0426	-142900.9932
93.70572986	12366488.37	26050.25367	-221668.9138	233491.3672	971805.3486	-105243.2707
93.80574126	12364087.24	29170.59026	-230771.5733	-978429.1584	226484.4173	-37164.37722
93.90574678	12360503.87	27254.48969	-239728.3133	-215352.6671	-978485.1951	-78676.24752
94.0057494	12361968.52	24248.42804	-248905.6742	975433.0602	-190182.5237	-149535.7912
94.10575415	12364406.53	26359.1457	-258079.7053	159185.2069	987259.3119	-99895.55073
94.20575697	12361674.75	29333.29127	-266855.4035	-995492.5509	135613.9717	-24564.85253
94.30576431	12358220.06	27087.6887	-275494.8417	-103168.3846	-996367.2878	-81292.75758
94.40576768	12360013.36	24326.9535	-284402.8828	991281.2412	-55078.61826	-155973.8659
94.50577184	12362085.96	26880.02341	-293257.2919	1591.192538	1001226.285	-86852.71852
94.60577192	12358814.26	29473.58425	-301644.2257	-1003957.907	-43823.25719	-12167.31713
94.70577504	12355769.91	26696.06516	-309948.1241	97064.51661	-996041.5748	-92085.07459
94.80578605	12358089.36	24481.40877	-318566.446	977175.9176	172160.2121	-159649.8908
94.90579672	12359463.58	27640.85184	-327027.8881	-250215.472	971282.9368	-63258.7888
95.00580098	12355533.43	29461.83041	-334968.0515	-952934.7653	-319211.6131	-4390.82928
95.10580736	12353348.76	26063.41211	-342941.5147	391736.8769	-918493.6174	-113629.636
95.20580991	12356217.01	24876.3859	-351238.8714	868626.3029	481330.3418	-154303.1048
95.30581082	12356414.52	28568.41202	-359213.1306	-567509.007	828890.3585	-29568.57704
95.40581515	12351995.62	29113.53749	-366672.4374	-769980.4538	-645791.2616	-9151.36175
95.50582166	12351194.63	25350.52415	-374338.3791	717762.9984	-688917.6437	-142157.5129
95.60582539	12354270.56	25705.60248	-382253.6409	589768.3824	803171.8097	-130722.2221
95.70582567	12352797.6	29465.78521	-389638.4112	-873085.4758	497651.2799	8059.508859
95.80582732	12348496.01	28253.07447	-396631.1734	-386086.8807	-927167.1116	-36028.70929
95.90583261	12349504.48	24852.80214	-404015.7376	959251.1841	-249153.9394	-166611.7657
96.00583618	12351945.64	27071.95492	-411430.4903	100368.5371	996650.2784	-81328.8358
96.10584589	12348611.93	29916.1701	-418146.5261	-1003483.552	-44469.51528	32298.96068
96.20585606	12345544.59	26887.67715	-424756.2877	195975.0659	-981691.763	-88741.51334
96.30586064	12348232.38	25063.48837	-431836.9461	922823.3509	362405.7053	-164496.7113
96.40586352	12348788.62	28770.20548	-438573.5707	-519102.6299	860473.7051	-10838.01612
96.50586948	12344261.1	29408.77533	-444632.7196	-758185.5904	-659430.5936	17490.07893
96.60587731	12343668.44	25525.73258	-450979.5486	776646.9082	-620243.3068	-148720.6126
96.705883	12346790.42	26388.86743	-457607.2398	449440.0231	891832.1808	-112423.4278
96.80588504	12344559.95	30025.22333	-463506.0418	-964868.391	276967.9708	48142.82386
96.90588824	12340671.11	27803.77559	-469071.6936	-82057.77426	-1000393.406	-49795.12443
97.00589743	12342866.45	25123.6765	-475193.4294	980663.5205	137263.0654	-171633.0697
97.10590638	12344229.18	28554.0948	-481085.3199	-352954.892	940842.637	-15426.49956
97.2059082	12339836.65	29829.75177	-486156.1916	-841790.9011	-547158.4	44785.76107
97.30591257	12338827.34	25895.48121	-491476.9953	713185.8145	-694282.6763	-139059.5542
97.40591603	12342120.04	26476.32728	-497172.6407	496733.5492	866350.1234	-112664.3019
97.50591777	12340044.74	30223.23572	-502073.338	-960847.7395	286890.911	66822.35324
97.60592223	12336199.69	27925.3194	-506600.7784	-47960.30524	-1002917.278	-43089.94826
97.70592256	12338648.69	25363.44768	-511754.8593	968427.7608	209002.5526	-168717.5311
97.80592475	12339794.6	29020.03926	-516600.7004	-453766.089	896650.1924	10713.03528
97.90593347	12335293.54	29795.57798	-520578.2319	-746395.2607	-671088.6569	50340.13811
98.00593526	12335067.85	25798.31895	-524938.3515	833361.3388	-541360.5501	-149791.9691
98.10593934	12338299.38	27227.09559	-529590.4898	284508.0434	960666.2797	-78584.17457
98.20594312	12335411.1	30534.6839	-533295.8554	-1000783.035	16735.29143	90295.33623
98.3059519	12332440.47	27347.67553	-536825.1669	261067.571	-967785.0637	-72358.7871
98.40596106	12335720.66	25906.71317	-541015.3288	837763.2612	535141.1506	-147569.1953
98.50596229	12335564.94	29998.80397	-544595.0035	-754993.7608	660119.7462	65010.32267
98.60597128	12331160.46	29142.35911	-547443.1427	-407437.7982	-918446.7185	21214.7611
98.70597829	12332747.1	25622.51045	-550926.5278	985025.3987	-112666.2394	-164411.9296
98.8059797	12335086.84	28659.82108	-554351.854	-194304.6355	986016.0658	-4245.80066
98.90598146	12331016.66	30429.98133	-556743.1908	-876752.7797	-482761.8806	90804.90098
99.00599222	12330136.22	26381.07337	-559397.6143	723433.8623	-686195.4219	-125615.6439
99.10599751	12333783.99	27196.58021	-562507.1465	415223.8707	911467.6327	-82558.41538
99.2060083	12331452.37	30816.44821	-564629.467	-992294.1119	111903.2709	113269.8267
99.30601695	12328408.95	27783.8726	-566480.0287	209138.7004	-981685.6783	-50539.42178
99.40601885	12331872.31	26178.87775	-569062.8182	850366.0881	517380.4137	-138546.1072
99.50603052	12331930.22	30328.17389	-571005.9375	-764631.4136	646219.4268	87973.03021
99.60603104	12327728.12	29327.46302	-572180.7351	-360280.0657	-937575.3032	33923.81561
99.70603539	12329770.38	25909.14884	-574056.3181	992517.1754	-33295.85046	-154275.8665
99.80604004	12332057.33	29230.7957	-575798.2054	-298066.7378	959351.9204	28286.26481
99.9060502	12327981.46	30537.38824	-576472.0052	-798535.4413	-601760.8756	101118.731
