42.5	896.166
43	895.621
43.5	895.077
44	894.532
44.5	893.987
45	893.442
45.5	892.897
46	892.352
46.5	891.807
47	891.262
47.5	890.717
48	890.172
48.5	889.627
49	889.082
49.5	888.537
50	887.992
50.5	887.447
51	886.902
51.5	886.357
52	885.812
52.5	885.267
53	884.722
53.5	884.177
54	883.632
54.5	883.087
55	882.542
55.5	881.997
56	881.452
56.5	880.907
57	880.363
57.5	879.818
58	879.273
58.5	878.729
59	878.184
59.5	877.639
60	877.095
60.5	876.55
61	876.006
61.5	875.462
62	874.918
62.5	874.373
63	873.829
63.5	873.285
64	872.741
64.5	872.198
65	871.654
65.5	871.11
66	870.567
66.5	870.023
67	869.48
67.5	868.936
68	868.393
68.5	867.85
69	867.307
69.5	866.764
70	866.222
70.5	865.679
71	865.137
71.5	864.594
72	864.052
72.5	863.51
73	862.968
73.5	862.426
74	861.884
74.5	861.343
75	860.802
75.5	860.26
76	859.719
76.5	859.178
77	858.637
77.5	858.097
78	857.556
78.5	857.016
79	856.476
79.5	855.936
80	855.396
80.5	854.857
81	854.317
81.5	853.778
82	853.239
82.5	852.7
83	852.161
83.5	851.623
84	851.085
84.5	850.547
85	850.009
85.5	849.471
86	848.934
86.5	848.397
87	847.86
87.5	847.323
88	846.786
88.5	846.25
89	845.714
89.5	845.178
90	844.642
90.5	844.107
91	843.572
91.5	843.037
92	842.502
92.5	841.968
93	841.434
93.5	840.9
94	840.366
94.5	839.833
95	839.3
95.5	838.767
96	838.234
96.5	837.702
97	837.17
97.5	836.638
98	836.107
98.5	835.576
99	835.045
99.5	834.514
100	833.984
100.5	833.454
101	832.924
101.5	832.395
102	831.866
102.5	831.337
103	830.809
103.5	830.28
104	829.753
104.5	829.225
105	828.698
105.5	828.171
106	827.645
106.5	827.118
107	826.593
107.5	826.067
108	825.542
108.5	825.017
109	824.493
109.5	823.969
110	823.445
110.5	822.921
111	822.398
111.5	821.876
112	821.353
112.5	820.832
113	820.31
113.5	819.789
114	819.268
114.5	818.748
115	818.228
115.5	817.708
116	817.189
116.5	816.67
117	816.151
117.5	815.633
118	815.116
118.5	814.598
119	814.081
119.5	813.565
120	813.049
120.5	812.533
121	812.018
121.5	811.503
122	810.989
122.5	810.475
123	809.962
123.5	809.449
124	808.936
124.5	808.424
125	807.912
125.5	807.401
126	806.89
126.5	806.38
127	805.87
127.5	805.36
128	804.851
128.5	804.343
129	803.835
129.5	803.327
130	802.82
130.5	802.314
131	801.807
131.5	801.302
132	800.797
132.5	800.292
133	799.788
133.5	799.284
134	798.781
134.5	798.278
135	797.776
135.5	797.274
136	796.773
136.5	796.272
137	795.772
137.5	795.273
138	794.773
138.5	794.275
139	793.777
139.5	793.279
140	792.782
140.5	792.286
141	791.79
141.5	791.295
142	790.8
142.5	790.305
143	789.812
143.5	789.319
144	788.826
144.5	788.334
145	787.842
145.5	787.351
146	786.861
146.5	786.371
147	785.882
147.5	785.394
148	784.905
148.5	784.418
149	783.931
149.5	783.445
150	782.959
150.5	782.474
151	781.99
151.5	781.506
152	781.022
152.5	780.54
153	780.058
153.5	779.576
154	779.095
154.5	778.615
155	778.136
155.5	777.657
156	777.178
156.5	776.701
157	776.224
157.5	775.747
158	775.271
158.5	774.796
159	774.322
159.5	773.848
160	773.375
160.5	772.902
161	772.43
161.5	771.959
162	771.489
162.5	771.019
163	770.55
163.5	770.081
164	769.613
164.5	769.146
165	768.68
165.5	768.214
166	767.749
166.5	767.284
167	766.82
167.5	766.357
168	765.895
168.5	765.434
169	764.973
169.5	764.512
170	764.053
170.5	763.594
171	763.136
171.5	762.679
172	762.222
172.5	761.766
173	761.311
173.5	760.857
174	760.403
174.5	759.95
175	759.498
175.5	759.046
176	758.596
176.5	758.146
177	757.697
177.5	757.248
178	756.8
178.5	756.354
179	755.907
179.5	755.462
180	755.017
180.5	754.574
181	754.131
181.5	753.688
182	753.247
182.5	752.806
183	752.366
183.5	751.927
184	751.489
184.5	751.051
185	750.615
185.5	750.179
186	749.744
186.5	749.309
187	748.876
187.5	748.443
188	748.011
188.5	747.58
189	747.15
189.5	746.721
190	746.292
190.5	745.865
191	745.438
191.5	745.012
192	744.586
192.5	744.162
193	743.739
193.5	743.316
194	742.894
194.5	742.473
195	742.053
195.5	741.634
196	741.216
196.5	740.798
197	740.382
197.5	739.966
198	739.551
198.5	739.138
199	738.724
199.5	738.312
200	737.901
200.5	737.491
201	737.081
201.5	736.673
202	736.265
202.5	735.858
203	735.453
203.5	735.048
204	734.644
204.5	734.24
205	733.838
205.5	733.437
206	733.037
206.5	732.637
207	732.239
207.5	731.841
208	731.445
208.5	731.049
209	730.655
209.5	730.261
210	729.868
210.5	729.476
211	729.085
211.5	728.695
212	728.306
212.5	727.918
213	727.531
213.5	727.145
214	726.76
214.5	726.376
215	725.993
215.5	725.611
216	725.23
216.5	724.85
217	724.471
217.5	724.092
218	723.715
218.5	723.339
219	722.964
219.5	722.59
220	722.217
220.5	721.845
221	721.474
221.5	721.104
222	720.734
222.5	720.366
223	719.999
223.5	719.634
224	719.269
224.5	718.905
225	718.542
225.5	718.18
226	717.819
226.5	717.46
227	717.101
227.5	716.743
228	716.387
228.5	716.031
229	715.677
229.5	715.324
230	714.971
230.5	714.62
231	714.27
231.5	713.921
232	713.573
232.5	713.226
233	712.88
233.5	712.536
234	712.192
234.5	711.85
235	711.508
235.5	711.168
236	710.829
236.5	710.491
237	710.154
237.5	709.818
238	709.483
238.5	709.149
239	708.817
239.5	708.486
240	708.155
240.5	707.826
241	707.498
241.5	707.172
242	706.846
242.5	706.521
243	706.198
243.5	705.876
244	705.555
244.5	705.235
245	704.916
245.5	704.598
246	704.282
246.5	703.967
247	703.653
247.5	703.34
248	703.028
248.5	702.718
249	702.408
249.5	702.1
250	701.793
250.5	701.487
251	701.183
251.5	700.879
252	700.577
252.5	700.276
253	699.976
253.5	699.677
254	699.379
254.5	699.083
255	698.787
255.5	698.493
256	698.2
256.5	697.908
257	697.616
257.5	697.326
258	697.037
258.5	696.75
259	696.463
259.5	696.177
260	695.892
260.5	695.608
261	695.325
261.5	695.044
262	694.763
262.5	694.483
263	694.204
263.5	693.926
264	693.649
264.5	693.373
265	693.098
265.5	692.824
266	692.551
266.5	692.278
267	692.007
267.5	691.736
268	691.467
268.5	691.198
269	690.93
269.5	690.663
270	690.397
270.5	690.131
271	689.867
271.5	689.603
272	689.34
272.5	689.078
273	688.816
273.5	688.556
274	688.296
274.5	688.037
275	687.779
275.5	687.521
276	687.264
276.5	687.008
277	686.753
277.5	686.498
278	686.244
278.5	685.991
279	685.739
279.5	685.487
280	685.235
280.5	684.985
281	684.735
281.5	684.486
282	684.237
282.5	683.989
283	683.741
283.5	683.495
284	683.248
284.5	683.003
285	682.758
285.5	682.513
286	682.269
286.5	682.026
287	681.783
287.5	681.541
288	681.299
288.5	681.058
289	680.817
289.5	680.576
290	680.337
290.5	680.097
291	679.858
291.5	679.62
292	679.382
292.5	679.144
293	678.907
293.5	678.671
294	678.434
294.5	678.199
295	677.963
295.5	677.728
296	677.493
296.5	677.259
297	677.025
297.5	676.792
298	676.558
298.5	676.325
299	676.093
299.5	675.861
300	675.629
300.5	675.397
301	675.165
301.5	674.934
302	674.704
302.5	674.473
303	674.243
303.5	674.013
304	673.783
304.5	673.553
305	673.324
305.5	673.094
306	672.865
306.5	672.637
307	672.408
307.5	672.18
308	671.951
308.5	671.723
309	671.495
309.5	671.267
310	671.04
310.5	670.812
311	670.585
311.5	670.357
312	670.13
312.5	669.903
313	669.675
313.5	669.448
314	669.221
314.5	668.994
315	668.767
315.5	668.541
316	668.314
316.5	668.087
317	667.86
317.5	667.633
318	667.406
318.5	667.179
319	666.952
319.5	666.725
320	666.498
320.5	666.271
321	666.044
321.5	665.817
322	665.589
322.5	665.362
323	665.134
323.5	664.907
324	664.679
324.5	664.451
325	664.223
325.5	663.995
326	663.766
326.5	663.538
327	663.309
327.5	663.08
328	662.851
328.5	662.622
329	662.392
329.5	662.163
330	661.933
330.5	661.703
331	661.472
331.5	661.241
332	661.01
332.5	660.779
333	660.548
333.5	660.316
334	660.084
334.5	659.851
335	659.619
335.5	659.385
336	659.152
336.5	658.918
337	658.684
337.5	658.45
338	658.215
338.5	657.98
339	657.744
339.5	657.508
340	657.271
340.5	657.035
341	656.797
341.5	656.56
342	656.321
342.5	656.083
343	655.844
343.5	655.604
344	655.364
344.5	655.124
345	654.882
345.5	654.641
346	654.399
346.5	654.156
347	653.913
347.5	653.67
348	653.425
348.5	653.181
349	652.935
349.5	652.689
350	652.443
350.5	652.196
351	651.948
351.5	651.7
352	651.451
352.5	651.201
353	650.951
353.5	650.7
354	650.448
354.5	650.196
355	649.943
355.5	649.69
356	649.435
356.5	649.18
357	648.925
357.5	648.668
358	648.411
358.5	648.153
359	647.895
359.5	647.635
360	647.375
360.5	647.114
361	646.852
361.5	646.59
362	646.326
362.5	646.062
363	645.797
363.5	645.532
364	645.265
364.5	644.997
365	644.729
365.5	644.46
366	644.19
366.5	643.919
367	643.647
367.5	643.374
368	643.101
368.5	642.826
369	642.55
369.5	642.274
370	641.997
370.5	641.718
371	641.439
371.5	641.159
372	640.877
372.5	640.595
373	640.312
373.5	640.028
374	639.742
374.5	639.456
375	639.169
375.5	638.88
376	638.591
376.5	638.3
377	638.009
377.5	637.716
378	637.422
378.5	637.127
379	636.831
379.5	636.534
380	636.236
380.5	635.937
381	635.636
381.5	635.334
382	635.032
382.5	634.728
383	634.422
383.5	634.116
384	633.809
384.5	633.5
385	633.19
385.5	632.879
386	632.566
386.5	632.253
387	631.938
387.5	631.621
388	631.304
388.5	630.985
389	630.665
389.5	630.344
390	630.021
390.5	629.697
391	629.372
391.5	629.045
392	628.718
392.5	628.388
393	628.058
393.5	627.726
394	627.392
394.5	627.057
395	626.721
395.5	626.384
396	626.045
396.5	625.704
397	625.363
397.5	625.019
398	624.675
398.5	624.328
399	623.981
399.5	623.632
400	623.281
400.5	622.929
401	622.575
401.5	622.22
402	621.864
402.5	621.506
403	621.146
403.5	620.785
404	620.423
404.5	620.059
405	619.694
405.5	619.328
406	618.96
406.5	618.59
407	618.219
407.5	617.847
408	617.474
408.5	617.099
409	616.723
409.5	616.345
410	615.966
410.5	615.586
411	615.204
411.5	614.821
412	614.437
412.5	614.052
413	613.665
413.5	613.277
414	612.887
414.5	612.497
415	612.105
415.5	611.712
416	611.317
416.5	610.922
417	610.525
417.5	610.127
418	609.727
418.5	609.327
419	608.925
419.5	608.522
420	608.118
420.5	607.713
421	607.307
421.5	606.899
422	606.49
422.5	606.08
423	605.669
423.5	605.257
424	604.844
424.5	604.43
425	604.014
425.5	603.598
426	603.18
426.5	602.762
427	602.342
427.5	601.921
428	601.499
428.5	601.076
429	600.652
429.5	600.227
430	599.801
430.5	599.374
431	598.946
431.5	598.517
432	598.087
432.5	597.656
433	597.224
433.5	596.791
434	596.358
434.5	595.923
435	595.487
435.5	595.05
436	594.613
436.5	594.174
437	593.735
437.5	593.294
438	592.853
438.5	592.411
439	591.968
439.5	591.524
440	591.079
440.5	590.634
441	590.187
441.5	589.74
442	589.292
442.5	588.843
443	588.394
443.5	587.943
444	587.492
444.5	587.04
445	586.587
445.5	586.133
446	585.679
446.5	585.224
447	584.768
447.5	584.311
448	583.854
448.5	583.396
449	582.937
449.5	582.477
450	582.017
450.5	581.556
451	581.094
451.5	580.632
452	580.169
452.5	579.706
453	579.241
453.5	578.776
454	578.311
454.5	577.845
455	577.378
455.5	576.911
456	576.443
456.5	575.974
457	575.505
457.5	575.035
458	574.565
458.5	574.094
459	573.622
459.5	573.15
460	572.678
460.5	572.205
461	571.731
461.5	571.257
462	570.782
462.5	570.307
463	569.832
463.5	569.356
464	568.879
464.5	568.402
465	567.924
465.5	567.447
466	566.968
466.5	566.489
467	566.01
467.5	565.53
468	565.05
468.5	564.57
469	564.089
469.5	563.608
470	563.126
470.5	562.644
471	562.162
471.5	561.679
472	561.196
472.5	560.712
473	560.229
473.5	559.745
474	559.26
474.5	558.776
475	558.291
475.5	557.805
476	557.32
476.5	556.834
477	556.348
477.5	555.861
478	555.375
478.5	554.888
479	554.401
479.5	553.914
480	553.426
480.5	552.938
481	552.45
481.5	551.962
482	551.474
482.5	550.985
483	550.497
483.5	550.008
484	549.519
484.5	549.03
485	548.54
485.5	548.051
486	547.561
486.5	547.072
487	546.582
487.5	546.092
488	545.602
488.5	545.112
489	544.622
489.5	544.132
490	543.642
490.5	543.151
491	542.661
491.5	542.171
492	541.68
492.5	541.19
493	540.7
493.5	540.209
494	539.719
494.5	539.228
495	538.738
495.5	538.248
496	537.757
496.5	537.267
497	536.777
497.5	536.287
498	535.797
498.5	535.307
499	534.817
499.5	534.327
500	533.837
500.5	533.348
501	532.858
501.5	532.369
502	531.88
502.5	531.391
503	530.902
503.5	530.413
504	529.924
504.5	529.436
505	528.948
505.5	528.459
506	527.972
506.5	527.484
507	526.996
507.5	526.509
508	526.022
508.5	525.536
509	525.049
509.5	524.563
510	524.077
510.5	523.591
511	523.106
511.5	522.62
512	522.136
512.5	521.651
513	521.167
513.5	520.683
514	520.199
514.5	519.716
515	519.233
515.5	518.75
516	518.268
516.5	517.786
517	517.305
517.5	516.824
518	516.343
518.5	515.863
519	515.383
519.5	514.903
520	514.424
520.5	513.946
521	513.468
521.5	512.99
522	512.513
522.5	512.036
523	511.559
523.5	511.083
524	510.608
524.5	510.133
525	509.659
525.5	509.185
526	508.712
526.5	508.239
527	507.766
527.5	507.295
528	506.823
528.5	506.353
529	505.883
529.5	505.413
530	504.944
530.5	504.476
531	504.008
531.5	503.541
532	503.074
532.5	502.609
533	502.143
533.5	501.679
534	501.215
534.5	500.751
535	500.289
535.5	499.827
536	499.365
536.5	498.905
537	498.445
537.5	497.986
538	497.527
538.5	497.069
539	496.612
539.5	496.156
540	495.7
540.5	495.246
541	494.791
541.5	494.338
542	493.886
542.5	493.434
543	492.983
543.5	492.533
544	492.083
544.5	491.635
545	491.187
545.5	490.74
546	490.294
546.5	489.849
547	489.405
547.5	488.961
548	488.519
548.5	488.077
549	487.636
549.5	487.196
550	486.757
550.5	486.334
551	485.911
551.5	485.49
552	485.07
552.5	484.65
553	484.231
553.5	483.813
554	483.397
554.5	482.981
555	482.565
555.5	482.151
556	481.738
556.5	481.325
557	480.914
557.5	480.503
558	480.093
558.5	479.684
559	479.276
559.5	478.869
560	478.463
560.5	478.057
561	477.653
561.5	477.249
562	476.846
562.5	476.444
563	476.043
563.5	475.643
564	475.243
564.5	474.845
565	474.447
565.5	474.05
566	473.654
566.5	473.259
567	472.864
567.5	472.471
568	472.078
568.5	471.686
569	471.295
569.5	470.905
570	470.515
570.5	470.127
571	469.739
571.5	469.352
572	468.966
572.5	468.581
573	468.196
573.5	467.812
574	467.429
574.5	467.047
575	466.666
575.5	466.286
576	465.906
576.5	465.527
577	465.149
577.5	464.771
578	464.395
578.5	464.019
579	463.644
579.5	463.27
580	462.897
580.5	462.524
581	462.152
581.5	461.781
582	461.411
582.5	461.041
583	460.672
583.5	460.304
584	459.937
584.5	459.571
585	459.205
585.5	458.84
586	458.476
586.5	458.112
587	457.75
587.5	457.388
588	457.026
588.5	456.666
589	456.306
589.5	455.947
590	455.589
590.5	455.231
591	454.874
591.5	454.518
592	454.163
592.5	453.808
593	453.454
593.5	453.101
594	452.749
594.5	452.397
595	452.046
595.5	451.695
596	451.346
596.5	450.997
597	450.649
597.5	450.301
598	449.954
598.5	449.608
599	449.263
599.5	448.918
600	448.574
600.5	448.23
601	447.888
601.5	447.546
602	447.204
602.5	446.864
603	446.524
603.5	446.184
604	445.846
604.5	445.508
605	445.171
605.5	444.834
606	444.498
606.5	444.163
607	443.828
607.5	443.494
608	443.161
608.5	442.828
609	442.496
609.5	442.165
610	441.834
610.5	441.504
611	441.174
611.5	440.845
612	440.517
612.5	440.19
613	439.863
613.5	439.536
614	439.211
614.5	438.886
615	438.561
615.5	438.237
616	437.914
616.5	437.592
617	437.27
617.5	436.948
618	436.628
618.5	436.308
619	435.988
619.5	435.669
620	435.351
620.5	435.033
621	434.716
621.5	434.399
622	434.084
622.5	433.768
623	433.453
623.5	433.139
624	432.826
624.5	432.513
625	432.2
625.5	431.888
626	431.577
626.5	431.266
627	430.956
627.5	430.647
628	430.338
628.5	430.029
629	429.721
629.5	429.414
630	429.107
630.5	428.801
631	428.495
631.5	428.19
632	427.885
632.5	427.581
633	427.278
633.5	426.975
634	426.673
634.5	426.371
635	426.069
635.5	425.769
636	425.468
636.5	425.168
637	424.869
637.5	424.57
638	424.272
638.5	423.975
639	423.677
639.5	423.381
640	423.085
640.5	422.789
641	422.494
641.5	422.199
642	421.905
642.5	421.611
643	421.318
643.5	421.026
644	420.734
644.5	420.442
645	420.151
645.5	419.86
646	419.57
646.5	419.28
647	418.991
647.5	418.702
648	418.414
648.5	418.126
649	417.839
649.5	417.552
650	417.265
650.5	416.98
651	416.694
651.5	416.409
652	416.124
652.5	415.84
653	415.557
653.5	415.274
654	414.991
654.5	414.708
655	414.427
655.5	414.145
656	413.864
656.5	413.584
657	413.303
657.5	413.024
658	412.745
658.5	412.466
659	412.187
659.5	411.909
660	411.632
660.5	411.355
661	411.078
661.5	410.802
662	410.526
662.5	410.25
663	409.975
663.5	409.7
664	409.426
664.5	409.152
665	408.879
665.5	408.606
666	408.333
666.5	408.061
667	407.789
667.5	407.517
668	407.246
668.5	406.975
669	406.705
669.5	406.435
670	406.166
670.5	405.896
671	405.627
671.5	405.359
672	405.091
672.5	404.823
673	404.556
673.5	404.289
674	404.022
674.5	403.756
675	403.49
675.5	403.224
676	402.959
676.5	402.694
677	402.429
677.5	402.165
678	401.901
678.5	401.638
679	401.374
679.5	401.111
680	400.849
680.5	400.587
681	400.325
681.5	400.063
682	399.802
682.5	399.541
683	399.28
683.5	399.02
684	398.76
684.5	398.5
685	398.241
685.5	397.982
686	397.723
686.5	397.465
687	397.207
687.5	396.949
688	396.691
688.5	396.434
689	396.177
689.5	395.92
690	395.664
690.5	395.408
691	395.152
691.5	394.896
692	394.641
692.5	394.386
693	394.131
693.5	393.877
694	393.623
694.5	393.369
695	393.115
695.5	392.862
696	392.609
696.5	392.356
697	392.103
697.5	391.851
698	391.599
698.5	391.347
699	391.095
699.5	390.844
700	390.593
700.5	390.342
701	390.091
701.5	389.841
702	389.591
702.5	389.341
703	389.091
703.5	388.841
704	388.592
704.5	388.343
705	388.094
705.5	387.846
706	387.597
706.5	387.349
707	387.101
707.5	386.853
708	386.606
708.5	386.358
709	386.111
709.5	385.864
710	385.617
710.5	385.371
711	385.124
711.5	384.878
712	384.632
712.5	384.386
713	384.141
713.5	383.895
714	383.65
714.5	383.405
715	383.16
715.5	382.915
716	382.671
716.5	382.426
717	382.182
717.5	381.938
718	381.694
718.5	381.45
719	381.207
719.5	380.963
720	380.72
720.5	380.477
721	380.234
721.5	379.991
722	379.748
722.5	379.506
723	379.263
723.5	379.021
724	378.779
724.5	378.537
725	378.295
725.5	378.053
726	377.811
726.5	377.57
727	377.328
727.5	377.087
728	376.846
728.5	376.605
729	376.364
729.5	376.123
730	375.882
730.5	375.642
731	375.401
731.5	375.161
732	374.921
732.5	374.68
733	374.44
733.5	374.2
734	373.96
734.5	373.72
735	373.481
735.5	373.241
736	373.001
736.5	372.762
737	372.522
737.5	372.283
738	372.044
738.5	371.804
739	371.565
739.5	371.326
740	371.087
740.5	370.848
741	370.609
741.5	370.37
742	370.132
742.5	369.893
743	369.654
743.5	369.415
744	369.177
744.5	368.938
745	368.7
745.5	368.461
746	368.223
746.5	367.984
747	367.746
747.5	367.508
748	367.269
748.5	367.031
749	366.793
749.5	366.554
750	366.316
750.5	366.061
751	365.805
751.5	365.55
752	365.295
752.5	365.04
753	364.784
753.5	364.529
754	364.274
754.5	364.019
755	363.764
755.5	363.508
756	363.253
756.5	362.998
757	362.743
757.5	362.488
758	362.233
758.5	361.978
759	361.723
759.5	361.468
760	361.213
760.5	360.958
761	360.703
761.5	360.448
762	360.193
762.5	359.938
763	359.683
763.5	359.428
764	359.173
764.5	358.918
765	358.663
765.5	358.408
766	358.154
766.5	357.899
767	357.644
767.5	357.389
768	357.134
768.5	356.879
769	356.625
769.5	356.37
770	356.115
770.5	355.86
771	355.606
771.5	355.351
772	355.096
772.5	354.842
773	354.587
773.5	354.332
774	354.078
774.5	353.823
775	353.569
775.5	353.314
776	353.059
776.5	352.805
777	352.55
777.5	352.296
778	352.041
778.5	351.787
779	351.532
779.5	351.278
780	351.023
780.5	350.769
781	350.514
781.5	350.26
782	350.005
782.5	349.751
783	349.497
783.5	349.242
784	348.988
784.5	348.733
785	348.479
785.5	348.225
786	347.97
786.5	347.716
787	347.462
787.5	347.207
788	346.953
788.5	346.699
789	346.445
789.5	346.19
790	345.936
790.5	345.682
791	345.428
791.5	345.173
792	344.919
792.5	344.665
793	344.411
793.5	344.157
794	343.903
794.5	343.648
795	343.394
795.5	343.14
796	342.886
796.5	342.632
797	342.378
797.5	342.124
798	341.87
798.5	341.616
799	341.362
799.5	341.108
800	340.854
800.5	340.6
801	340.346
801.5	340.092
802	339.838
802.5	339.584
803	339.33
803.5	339.076
804	338.822
804.5	338.568
805	338.314
805.5	338.06
806	337.806
806.5	337.552
807	337.298
807.5	337.045
808	336.791
808.5	336.537
809	336.283
809.5	336.029
810	335.775
810.5	335.522
811	335.268
811.5	335.014
812	334.76
812.5	334.506
813	334.253
813.5	333.999
814	333.745
814.5	333.491
815	333.238
815.5	332.984
816	332.73
816.5	332.477
817	332.223
817.5	331.969
818	331.716
818.5	331.462
819	331.208
819.5	330.955
820	330.701
820.5	330.447
821	330.194
821.5	329.94
822	329.686
822.5	329.433
823	329.179
823.5	328.926
824	328.672
824.5	328.418
825	328.165
825.5	327.911
826	327.658
826.5	327.404
827	327.151
827.5	326.897
828	326.644
828.5	326.39
829	326.137
829.5	325.883
830	325.63
830.5	325.376
831	325.123
831.5	324.869
832	324.616
832.5	324.362
833	324.109
833.5	323.856
834	323.602
834.5	323.349
835	323.095
835.5	322.842
836	322.588
836.5	322.335
837	322.082
837.5	321.828
838	321.575
838.5	321.322
839	321.068
839.5	320.815
840	320.561
840.5	320.308
841	320.055
841.5	319.801
842	319.548
842.5	319.295
843	319.042
843.5	318.788
844	318.535
844.5	318.282
845	318.028
845.5	317.775
846	317.522
846.5	317.268
847	317.015
847.5	316.762
848	316.509
848.5	316.255
849	316.002
849.5	315.749
850	315.496
850.5	315.243
851	314.989
851.5	314.736
852	314.483
852.5	314.23
853	313.976
853.5	313.723
854	313.47
854.5	313.217
855	312.964
855.5	312.71
856	312.457
856.5	312.204
857	311.951
857.5	311.698
858	311.445
858.5	311.192
859	310.938
859.5	310.685
860	310.432
860.5	310.179
861	309.926
861.5	309.673
862	309.42
862.5	309.166
863	308.913
863.5	308.66
864	308.407
864.5	308.154
865	307.901
865.5	307.648
866	307.395
866.5	307.142
867	306.889
867.5	306.635
868	306.382
868.5	306.129
869	305.876
869.5	305.623
870	305.37
870.5	305.117
871	304.864
871.5	304.611
872	304.358
872.5	304.105
873	303.852
873.5	303.599
874	303.346
874.5	303.093
875	302.84
875.5	302.587
876	302.334
876.5	302.081
877	301.827
877.5	301.574
878	301.321
878.5	301.068
879	300.815
879.5	300.562
880	300.309
880.5	300.056
881	299.803
881.5	299.55
882	299.297
882.5	299.044
883	298.791
883.5	298.538
884	298.285
884.5	298.032
885	297.779
885.5	297.526
886	297.273
886.5	297.02
887	296.767
887.5	296.514
888	296.261
888.5	296.008
889	295.755
889.5	295.502
890	295.249
890.5	294.996
891	294.744
891.5	294.491
892	294.238
892.5	293.985
893	293.732
893.5	293.479
894	293.226
894.5	292.973
895	292.72
895.5	292.467
896	292.214
896.5	291.961
897	291.708
897.5	291.455
898	291.202
898.5	290.949
899	290.696
899.5	290.443
900	290.19
900.5	289.937
901	289.684
901.5	289.431
902	289.178
902.5	288.925
903	288.672
903.5	288.419
904	288.166
904.5	287.913
905	287.66
905.5	287.407
906	287.154
906.5	286.901
907	286.648
907.5	286.395
908	286.142
908.5	285.889
909	285.636
909.5	285.384
910	285.131
910.5	284.878
911	284.625
911.5	284.372
912	284.119
912.5	283.866
913	283.613
913.5	283.36
914	283.107
914.5	282.854
915	282.601
915.5	282.348
916	282.095
916.5	281.842
917	281.589
917.5	281.336
918	281.083
918.5	280.83
919	280.577
919.5	280.324
920	280.071
920.5	279.818
921	279.565
921.5	279.312
922	279.059
922.5	278.806
923	278.553
923.5	278.299
924	278.046
924.5	277.793
925	277.54
925.5	277.287
926	277.034
926.5	276.781
927	276.528
927.5	276.275
928	276.022
928.5	275.769
929	275.516
929.5	275.263
930	275.01
930.5	274.757
931	274.504
931.5	274.251
932	273.998
932.5	273.745
933	273.491
933.5	273.238
934	272.985
934.5	272.732
935	272.479
935.5	272.226
936	271.973
936.5	271.72
937	271.467
937.5	271.214
938	270.96
938.5	270.707
939	270.454
939.5	270.201
940	269.948
940.5	269.695
941	269.442
941.5	269.188
942	268.935
