0.01	0.9999	0.01	0	-0.0200005	0.9999	0	-0.25	-1.25022e-07	0	-0.250037
0.02	0.9996	0.019998	0	-0.040003	0.9996	0	-0.25	-2.50106e-07	0	-0.25015
0.03	0.9991	0.029992	0	-0.0600095	0.999099	0	-0.25	-3.75316e-07	0	-0.250338
0.04	0.9984	0.03998	0	-0.080022	0.998398	0	-0.25	-5.00714e-07	0	-0.250601
0.05	0.9975	0.04996	0	-0.100042	0.997496	0	-0.25	-6.26364e-07	0	-0.250939
0.06	0.996399	0.0599299	0	-0.120073	0.996392	0	-0.25	-7.5233e-07	0	-0.251353
0.07	0.995098	0.0698878	0	-0.140116	0.995086	0	-0.25	-8.78678e-07	0	-0.251843
0.08	0.993597	0.0798316	0	-0.160172	0.993575	0	-0.25	-1.00547e-06	0	-0.252409
0.09	0.991895	0.0897593	0	-0.180245	0.991861	0	-0.25	-1.13278e-06	0	-0.253052
0.1	0.989992	0.0996688	0	-0.200335	0.98994	0	-0.25	-1.26068e-06	0	-0.253772
0.11	0.987888	0.109558	0	-0.220446	0.987813	0	-0.25	-1.38923e-06	0	-0.25457
0.12	0.985583	0.119425	0	-0.240578	0.985477	0	-0.25	-1.5185e-06	0	-0.255446
0.13	0.983076	0.129268	0	-0.260735	0.98293	0	-0.25	-1.64858e-06	0	-0.2564
0.14	0.980368	0.139084	0	-0.280918	0.980172	0	-0.25	-1.77953e-06	0	-0.257435
0.15	0.977458	0.148871	0	-0.301128	0.977199	0	-0.25	-1.91145e-06	0	-0.25855
0.16	0.974346	0.158628	0	-0.321369	0.97401	0	-0.25	-2.0444e-06	0	-0.259746
0.17	0.971031	0.168351	0	-0.341642	0.970602	0	-0.25	-2.17848e-06	0	-0.261024
0.18	0.967513	0.17804	0	-0.361949	0.966973	0	-0.25	-2.31377e-06	0	-0.262385
0.19	0.963792	0.187691	0	-0.382292	0.96312	0	-0.25	-2.45037e-06	0	-0.263831
0.2	0.959867	0.197302	0	-0.402674	0.959041	0	-0.25	-2.58837e-06	0	-0.265361
0.21	0.955738	0.206872	0	-0.423095	0.954732	0	-0.25	-2.72788e-06	0	-0.266978
0.22	0.951405	0.216397	0	-0.443559	0.95019	0	-0.25	-2.869e-06	0	-0.268683
0.23	0.946867	0.225875	0	-0.464067	0.945411	0	-0.25	-3.01184e-06	0	-0.270477
0.24	0.942124	0.235305	0	-0.484621	0.940393	0	-0.25	-3.15652e-06	0	-0.272361
0.25	0.937175	0.244683	0	-0.505223	0.93513	0	-0.25	-3.30316e-06	0	-0.274338
0.26	0.932019	0.254008	0	-0.525875	0.92962	0	-0.25	-3.45189e-06	0	-0.276408
0.27	0.926657	0.263276	0	-0.54658	0.923857	0	-0.250001	-3.60285e-06	0	-0.278574
0.28	0.921088	0.272485	0	-0.567338	0.917838	0	-0.250001	-3.75618e-06	0	-0.280837
0.29	0.91531	0.281632	0	-0.588153	0.911557	0	-0.250001	-3.91204e-06	0	-0.283199
0.3	0.909325	0.290716	0	-0.609026	0.905009	0	-0.250001	-4.07058e-06	0	-0.285663
0.31	0.90313	0.299733	0	-0.629959	0.898189	0	-0.250001	-4.23199e-06	0	-0.28823
0.32	0.896725	0.30868	0	-0.650953	0.891091	0	-0.250001	-4.39645e-06	0	-0.290903
0.33	0.890111	0.317554	0	-0.672012	0.88371	0	-0.250001	-4.56414e-06	0	-0.293685
0.34	0.883285	0.326354	0	-0.693136	0.876039	0	-0.250001	-4.73529e-06	0	-0.296578
0.35	0.876248	0.335075	0	-0.714328	0.868072	0	-0.250001	-4.9101e-06	0	-0.299584
0.36	0.868999	0.343715	0	-0.735589	0.859802	0	-0.250001	-5.08883e-06	0	-0.302707
0.37	0.861536	0.352271	0	-0.756922	0.851222	0	-0.250001	-5.27172e-06	0	-0.30595
0.38	0.85386	0.36074	0	-0.778327	0.842324	0	-0.250001	-5.45905e-06	0	-0.309316
0.39	0.84597	0.369118	0	-0.799807	0.8331	0	-0.250001	-5.6511e-06	0	-0.312809
0.4	0.837864	0.377402	0	-0.821363	0.823542	0	-0.250001	-5.8482e-06	0	-0.316431
0.41	0.829542	0.385588	0	-0.842997	0.813642	0	-0.250001	-6.05067e-06	0	-0.320188
0.42	0.821004	0.393675	0	-0.86471	0.803389	0	-0.250001	-6.25889e-06	0	-0.324083
0.43	0.812248	0.401656	0	-0.886504	0.792775	0	-0.250002	-6.47323e-06	0	-0.328119
0.44	0.803274	0.40953	0	-0.908379	0.78179	0	-0.250002	-6.69413e-06	0	-0.332303
0.45	0.794081	0.417292	0	-0.930339	0.770422	0	-0.250002	-6.92203e-06	0	-0.336638
0.46	0.784667	0.424938	0	-0.952382	0.758661	0	-0.250002	-7.15743e-06	0	-0.34113
0.47	0.775033	0.432465	0	-0.974512	0.746494	0	-0.250002	-7.40085e-06	0	-0.345784
0.48	0.765177	0.439868	0	-0.996727	0.73391	0	-0.250002	-7.65287e-06	0	-0.350606
0.49	0.755098	0.447143	0	-1.01903	0.720896	0	-0.250002	-7.9141e-06	0	-0.355601
0.5	0.744796	0.454286	0	-1.04142	0.707438	0	-0.250002	-8.18524e-06	0	-0.360776
0.51	0.73427	0.461292	0	-1.0639	0.693522	0	-0.250002	-8.467e-06	0	-0.366138
0.52	0.723518	0.468157	0	-1.08646	0.679132	0	-0.250003	-8.76018e-06	0	-0.371693
0.53	0.712541	0.474875	0	-1.10912	0.664254	0	-0.250003	-9.06566e-06	0	-0.37745
0.54	0.701336	0.481442	0	-1.13186	0.648869	0	-0.250003	-9.38437e-06	0	-0.383416
0.55	0.689904	0.487852	0	-1.15469	0.632962	0	-0.250003	-9.71735e-06	0	-0.3896
0.56	0.678242	0.494101	0	-1.1776	0.616513	0	-0.250003	-1.00657e-05	0	-0.39601
0.57	0.666351	0.500183	0	-1.2006	0.599503	0	-0.250003	-1.04307e-05	0	-0.402656
0.58	0.65423	0.506091	0	-1.22368	0.581912	0	-0.250004	-1.08136e-05	0	-0.409548
0.59	0.641878	0.511821	0	-1.24685	0.563718	0	-0.250004	-1.1216e-05	0	-0.416697
0.6	0.629293	0.517365	0	-1.27009	0.544899	0	-0.250004	-1.16394e-05	0	-0.424113
0.61	0.616476	0.522719	0	-1.2934	0.525431	0	-0.250004	-1.20857e-05	0	-0.43181
0.62	0.603425	0.527874	0	-1.31679	0.505288	0	-0.250005	-1.25567e-05	0	-0.439799
0.63	0.59014	0.532825	0	-1.34024	0.484443	0	-0.250005	-1.30546e-05	0	-0.448095
0.64	0.576621	0.537563	0	-1.36375	0.46287	0	-0.250005	-1.35817e-05	0	-0.456711
0.65	0.562865	0.542082	0	-1.38731	0.440538	0	-0.250005	-1.41407e-05	0	-0.465663
0.66	0.548874	0.546374	0	-1.41092	0.417417	0	-0.250006	-1.47345e-05	0	-0.474968
0.67	0.534647	0.55043	0	-1.43457	0.393472	0	-0.250006	-1.53661e-05	0	-0.484642
0.68	0.520183	0.554243	0	-1.45825	0.36867	0	-0.250006	-1.6039e-05	0	-0.494704
0.69	0.505482	0.557804	0	-1.48194	0.342973	0	-0.250006	-1.67573e-05	0	-0.505175
0.7	0.490544	0.561103	0	-1.50564	0.316343	0	-0.250007	-1.7525e-05	0	-0.516074
0.71	0.475369	0.564131	0	-1.52933	0.288738	0	-0.250007	-1.8347e-05	0	-0.527425
0.72	0.459957	0.566877	0	-1.553	0.260115	0	-0.250007	-1.92285e-05	0	-0.539251
0.73	0.444309	0.569333	0	-1.57662	0.230428	0	-0.250008	-2.01753e-05	0	-0.551578
0.74	0.428425	0.571486	0	-1.60017	0.199628	0	-0.250008	-2.1194e-05	0	-0.564434
0.75	0.412306	0.573325	0	-1.62364	0.167664	0	-0.250009	-2.22918e-05	0	-0.577847
0.76	0.395952	0.574839	0	-1.64699	0.134481	0	-0.250009	-2.34766e-05	0	-0.591849
0.77	0.379366	0.576015	0	-1.67019	0.100023	0	-0.250009	-2.47574e-05	0	-0.606473
0.78	0.362549	0.57684	0	-1.69322	0.0642275	0	-0.25001	-2.61441e-05	0	-0.621754
0.79	0.345502	0.5773	0	-1.71603	0.0270311	0	-0.25001	-2.76478e-05	0	-0.637732
0.8	0.328228	0.57738	0	-1.73857	-0.0116342	0	-0.250011	-2.92807e-05	0	-0.654446
0.81	0.31073	0.577067	0	-1.76082	-0.0518397	0	-0.250011	-3.10566e-05	0	-0.67194
0.82	0.293012	0.576343	0	-1.78269	-0.093661	0	-0.250011	-3.29906e-05	0	-0.69026
0.83	0.275077	0.575194	0	-1.80415	-0.137177	0	-0.250012	-3.50996e-05	0	-0.709456
0.84	0.256929	0.5736	0	-1.82511	-0.182472	0	-0.250012	-3.74024e-05	0	-0.729582
0.85	0.238574	0.571544	0	-1.8455	-0.229634	0	-0.250012	-3.99197e-05	0	-0.750692
0.86	0.220019	0.569007	0	-1.86523	-0.278752	0	-0.250013	-4.26744e-05	0	-0.772848
0.87	0.20127	0.565969	0	-1.88421	-0.329925	0	-0.250013	-4.56919e-05	0	-0.796114
0.88	0.182335	0.562409	0	-1.90232	-0.383251	0	-0.250013	-4.89997e-05	0	-0.820556
0.89	0.163223	0.558304	0	-1.91943	-0.438833	0	-0.250013	-5.26281e-05	0	-0.846246
0.9	0.143946	0.553632	0	-1.93542	-0.496777	0	-0.250013	-5.66098e-05	0	-0.87326
0.91	0.124515	0.548369	0	-1.95011	-0.557193	0	-0.250012	-6.098e-05	0	-0.901677
0.92	0.104944	0.542488	0	-1.96333	-0.62019	0	-0.250011	-6.57757e-05	0	-0.931579
0.93	0.0852483	0.535965	0	-1.97489	-0.685879	0	-0.25001	-7.10358e-05	0	-0.963052
0.94	0.0654461	0.528771	0	-1.98455	-0.754369	0	-0.250009	-7.67999e-05	0	-0.996183
0.95	0.0455574	0.520877	0	-1.99206	-0.825767	0	-0.250007	-8.31069e-05	0	-1.03106
0.96	0.0256049	0.512255	0	-1.99715	-0.900173	0	-0.250004	-8.99935e-05	0	-1.06778
0.97	0.00561446	0.502874	0	-1.99949	-0.977676	0	-0.250001	-9.74908e-05	0	-1.10643
0.98	-0.0143848	0.492702	0	-1.99873	-1.05835	0	-0.249997	-0.000105621	0	-1.14708
0.99	-0.0343601	0.481707	0	-1.99447	-1.14226	0	-0.249992	-0.000114393	0	-1.18982
1	-0.0542743	0.469857	0	-1.98629	-1.22944	0	-0.249985	-0.000123794	0	-1.23472
1.01	-0.0740859	0.457118	0	-1.9737	-1.31987	0	-0.249977	-0.000133779	0	-1.28182
1.02	-0.0937484	0.443459	0	-1.95618	-1.41353	0	-0.249966	-0.000144265	0	-1.33116
1.03	-0.113209	0.428848	0	-1.93313	-1.5103	0	-0.249954	-0.00015511	0	-1.38272
1.04	-0.132411	0.413253	0	-1.90396	-1.61002	0	-0.249939	-0.000166098	0	-1.43648
1.05	-0.151289	0.396647	0	-1.86798	-1.71244	0	-0.249921	-0.000176917	0	-1.49235
1.06	-0.169771	0.379004	0	-1.8245	-1.8172	0	-0.249899	-0.000187138	0	-1.55016
1.07	-0.187779	0.360303	0	-1.7728	-1.92383	0	-0.249874	-0.000196188	0	-1.60971
1.08	-0.205227	0.340528	0	-1.71215	-2.03173	0	-0.249844	-0.000203325	0	-1.67066
1.09	-0.222022	0.319669	0	-1.64184	-2.14013	0	-0.24981	-0.000207629	0	-1.73261
1.1	-0.238063	0.297725	0	-1.5612	-2.2481	0	-0.249771	-0.000207991	0	-1.795
1.11	-0.253246	0.274707	0	-1.46967	-2.35452	0	-0.249727	-0.000203129	0	-1.85717
1.12	-0.267457	0.250635	0	-1.36681	-2.45808	0	-0.249679	-0.00019164	0	-1.9183
1.13	-0.280582	0.225545	0	-1.25236	-2.55732	0	-0.249628	-0.000172079	0	-1.97746
1.14	-0.292504	0.199488	0	-1.12631	-2.65061	0	-0.249575	-0.00014309	0	-2.03358
1.15	-0.303108	0.172533	0	-0.988958	-2.73623	0	-0.249521	-0.000103571	0	-2.0855
1.16	-0.312283	0.144764	0	-0.840936	-2.81239	0	-0.249469	-5.28734e-05	0	-2.13203
1.17	-0.319927	0.116285	0	-0.683252	-2.87737	0	-0.249422	9.00815e-06	0	-2.17196
1.18	-0.325948	0.0872163	0	-0.517293	-2.92956	0	-0.249381	8.12806e-05	0	-2.20417
1.19	-0.330273	0.0576937	0	-0.344808	-2.96757	0	-0.249351	0.000162285	0	-2.22768
1.2	-0.332844	0.0278649	0	-0.16785	-2.99036	0	-0.249332	0.000249548	0	-2.24176
1.21	-0.33363	-0.00211339	0	0.011309	-2.99726	0	-0.249326	0.000339967	0	-2.24592
1.22	-0.332618	-0.0320803	0	0.190285	-2.9881	0	-0.249334	0.000430107	0	-2.24005
1.23	-0.329824	-0.0618754	0	0.366703	-2.96313	0	-0.249355	0.000516564	0	-2.22432
1.24	-0.325284	-0.0913429	0	0.53832	-2.92307	0	-0.249387	0.00059632	0	-2.19927
1.25	-0.319057	-0.120337	0	0.703127	-2.86904	0	-0.249428	0.000667025	0	-2.16567
1.26	-0.311222	-0.148724	0	0.859429	-2.80245	0	-0.249477	0.00072716	0	-2.12453
1.27	-0.301869	-0.176386	0	1.0059	-2.72494	0	-0.249529	0.00077607	0	-2.077
1.28	-0.291104	-0.203222	0	1.14159	-2.63825	0	-0.249583	0.000813876	0	-2.02427
1.29	-0.279037	-0.229151	0	1.26592	-2.54415	0	-0.249636	0.000841312	0	-1.96755
1.3	-0.265785	-0.254105	0	1.37866	-2.44437	0	-0.249686	0.000859531	0	-1.90799
1.31	-0.251464	-0.278038	0	1.47984	-2.34048	0	-0.249734	0.000869913	0	-1.84662
1.32	-0.236188	-0.300915	0	1.56976	-2.23396	0	-0.249776	0.000873902	0	-1.78436
1.33	-0.220069	-0.322717	0	1.64888	-2.12605	0	-0.249815	0.000872884	0	-1.722
1.34	-0.203211	-0.343436	0	1.71779	-2.01786	0	-0.249848	0.000868112	0	-1.66019
1.35	-0.185713	-0.363074	0	1.77714	-1.91028	0	-0.249877	0.000860666	0	-1.59944
1.36	-0.167668	-0.381642	0	1.82767	-1.80406	0	-0.249902	0.000851435	0	-1.54017
1.37	-0.14916	-0.399156	0	1.8701	-1.69978	0	-0.249923	0.000841132	0	-1.48268
1.38	-0.130266	-0.415638	0	1.90514	-1.5979	0	-0.24994	0.000830304	0	-1.42716
1.39	-0.111057	-0.431114	0	1.93349	-1.49874	0	-0.249955	0.00081936	0	-1.37377
1.4	-0.0915959	-0.445612	0	1.95581	-1.40255	0	-0.249967	0.000808595	0	-1.32258
1.41	-0.0719405	-0.459165	0	1.9727	-1.30948	0	-0.249977	0.000798213	0	-1.27363
1.42	-0.0521419	-0.471802	0	1.98474	-1.21963	0	-0.249985	0.000788343	0	-1.22691
1.43	-0.0322457	-0.483557	0	1.99245	-1.13304	0	-0.249991	0.000779065	0	-1.18238
1.44	-0.0122928	-0.494463	0	1.9963	-1.04969	0	-0.249996	0.000770416	0	-1.14
1.45	0.00768035	-0.504551	0	1.99672	-0.969561	0	-0.250001	0.000762405	0	-1.0997
1.46	0.0276416	-0.513854	0	1.99409	-0.892585	0	-0.250004	0.000755022	0	-1.06139
1.47	0.0475622	-0.522403	0	1.98877	-0.818685	0	-0.250006	0.000748244	0	-1.02499
1.48	0.0674169	-0.530228	0	1.98106	-0.747769	0	-0.250008	0.000742037	0	-0.990412
1.49	0.0871834	-0.537358	0	1.97124	-0.679737	0	-0.250009	0.000736365	0	-0.95757
1.5	0.106842	-0.543822	0	1.95956	-0.614484	0	-0.25001	0.00073119	0	-0.926371
1.51	0.126375	-0.549648	0	1.94624	-0.551899	0	-0.250011	0.000726471	0	-0.896728
1.52	0.145767	-0.55486	0	1.93147	-0.491873	0	-0.250012	0.000722171	0	-0.868556
1.53	0.165004	-0.559485	0	1.91544	-0.434296	0	-0.250012	0.000718252	0	-0.841773
1.54	0.184075	-0.563546	0	1.89829	-0.37906	0	-0.250012	0.000714681	0	-0.816301
1.55	0.20297	-0.567066	0	1.88017	-0.326061	0	-0.250012	0.000711425	0	-0.792065
1.56	0.221679	-0.570068	0	1.86119	-0.275195	0	-0.250012	0.000708453	0	-0.768993
1.57	0.240194	-0.57257	0	1.84147	-0.226363	0	-0.250011	0.00070574	0	-0.74702
1.58	0.258508	-0.574595	0	1.8211	-0.179472	0	-0.250011	0.00070326	0	-0.726082
1.59	0.276616	-0.57616	0	1.80017	-0.134431	0	-0.250011	0.000700991	0	-0.706119
1.6	0.294511	-0.577283	0	1.77875	-0.0911521	0	-0.25001	0.000698912	0	-0.687075
1.61	0.312191	-0.577983	0	1.75692	-0.0495535	0	-0.25001	0.000697005	0	-0.668899
1.62	0.32965	-0.578275	0	1.73473	-0.00955661	0	-0.25001	0.000695254	0	-0.651542
1.63	0.346885	-0.578174	0	1.71224	0.0289133	0	-0.250009	0.000693643	0	-0.634956
1.64	0.363895	-0.577696	0	1.68949	0.0659268	0	-0.250009	0.000692159	0	-0.6191
1.65	0.380675	-0.576855	0	1.66652	0.101551	0	-0.250008	0.00069079	0	-0.603933
1.66	0.397225	-0.575665	0	1.64338	0.13585	0	-0.250008	0.000689525	0	-0.589418
1.67	0.413543	-0.574138	0	1.6201	0.168883	0	-0.250008	0.000688354	0	-0.575519
1.68	0.429627	-0.572288	0	1.5967	0.200707	0	-0.250007	0.00068727	0	-0.562203
1.69	0.445477	-0.570124	0	1.57321	0.231376	0	-0.250007	0.000686263	0	-0.549439
1.7	0.461091	-0.56766	0	1.54966	0.260941	0	-0.250006	0.000685326	0	-0.5372
1.71	0.47647	-0.564906	0	1.52607	0.28945	0	-0.250006	0.000684455	0	-0.525456
1.72	0.491613	-0.561871	0	1.50245	0.316949	0	-0.250006	0.000683641	0	-0.514184
1.73	0.506519	-0.558567	0	1.47882	0.34348	0	-0.250005	0.000682881	0	-0.503359
1.74	0.521189	-0.555001	0	1.4552	0.369085	0	-0.250005	0.00068217	0	-0.49296
1.75	0.535623	-0.551185	0	1.43159	0.393801	0	-0.250005	0.000681504	0	-0.482965
1.76	0.549821	-0.547125	0	1.40801	0.417666	0	-0.250005	0.000680878	0	-0.473355
1.77	0.563783	-0.542832	0	1.38447	0.440714	0	-0.250004	0.00068029	0	-0.464112
1.78	0.57751	-0.538311	0	1.36097	0.462977	0	-0.250004	0.000679736	0	-0.455218
1.79	0.591003	-0.533572	0	1.33753	0.484486	0	-0.250004	0.000679213	0	-0.446658
1.8	0.604261	-0.528621	0	1.31414	0.505271	0	-0.250004	0.000678719	0	-0.438416
1.81	0.617286	-0.523467	0	1.29082	0.525359	0	-0.250003	0.000678252	0	-0.430477
1.82	0.630077	-0.518114	0	1.26757	0.544778	0	-0.250003	0.000677809	0	-0.422829
1.83	0.642637	-0.512571	0	1.2444	0.56355	0	-0.250003	0.000677389	0	-0.415459
1.84	0.654965	-0.506843	0	1.2213	0.581702	0	-0.250003	0.00067699	0	-0.408355
1.85	0.667063	-0.500937	0	1.19828	0.599253	0	-0.250003	0.000676609	0	-0.401506
1.86	0.678931	-0.494858	0	1.17534	0.616227	0	-0.250002	0.000676247	0	-0.3949
1.87	0.69057	-0.488612	0	1.15248	0.632643	0	-0.250002	0.000675901	0	-0.38853
1.88	0.70198	-0.482205	0	1.12971	0.648521	0	-0.250002	0.00067557	0	-0.382384
1.89	0.713164	-0.475642	0	1.10702	0.663878	0	-0.250002	0.000675253	0	-0.376454
1.9	0.724121	-0.468928	0	1.08442	0.678733	0	-0.250002	0.000674949	0	-0.370732
1.91	0.734852	-0.462067	0	1.06191	0.6931	0	-0.250002	0.000674658	0	-0.36521
1.92	0.745359	-0.455066	0	1.03948	0.706997	0	-0.250001	0.000674377	0	-0.35988
1.93	0.755642	-0.447927	0	1.01714	0.720438	0	-0.250001	0.000674108	0	-0.354736
1.94	0.765702	-0.440657	0	0.994891	0.733438	0	-0.250001	0.000673848	0	-0.349771
1.95	0.77554	-0.433259	0	0.972723	0.746008	0	-0.250001	0.000673597	0	-0.344979
1.96	0.785156	-0.425737	0	0.950641	0.758164	0	-0.250001	0.000673355	0	-0.340353
1.97	0.794553	-0.418095	0	0.928643	0.769916	0	-0.250001	0.00067312	0	-0.335888
1.98	0.803729	-0.410338	0	0.906728	0.781276	0	-0.250001	0.000672893	0	-0.331579
1.99	0.812687	-0.40247	0	0.884896	0.792256	0	-0.250001	0.000672673	0	-0.327421
2	0.821427	-0.394493	0	0.863144	0.802865	0	-0.250001	0.00067246	0	-0.323408
2.01	0.82995	-0.386413	0	0.841472	0.813115	0	-0.25	0.000672252	0	-0.319538
2.02	0.838257	-0.378231	0	0.819878	0.823014	0	-0.25	0.000672051	0	-0.315804
2.03	0.846348	-0.369952	0	0.79836	0.832572	0	-0.25	0.000671854	0	-0.312204
2.04	0.854224	-0.36158	0	0.776918	0.841796	0	-0.25	0.000671663	0	-0.308734
2.05	0.861886	-0.353116	0	0.755548	0.850697	0	-0.25	0.000671476	0	-0.305389
2.06	0.869335	-0.344566	0	0.734251	0.85928	0	-0.25	0.000671294	0	-0.302167
2.07	0.876571	-0.335931	0	0.713024	0.867555	0	-0.25	0.000671116	0	-0.299063
2.08	0.883595	-0.327215	0	0.691865	0.875527	0	-0.25	0.000670941	0	-0.296077
2.09	0.890408	-0.31842	0	0.670772	0.883205	0	-0.25	0.00067077	0	-0.293203
2.1	0.897011	-0.30955	0	0.649744	0.890593	0	-0.25	0.000670603	0	-0.29044
2.11	0.903403	-0.300608	0	0.628779	0.897699	0	-0.25	0.000670439	0	-0.287785
2.12	0.909586	-0.291597	0	0.607875	0.904528	0	-0.25	0.000670278	0	-0.285235
2.13	0.915561	-0.282518	0	0.58703	0.911085	0	-0.25	0.00067012	0	-0.282789
2.14	0.921327	-0.273375	0	0.566241	0.917377	0	-0.25	0.000669964	0	-0.280444
2.15	0.926885	-0.26417	0	0.545508	0.923408	0	-0.25	0.000669811	0	-0.278197
2.16	0.932237	-0.254907	0	0.524828	0.929182	0	-0.25	0.000669661	0	-0.276048
2.17	0.937382	-0.245587	0	0.504199	0.934705	0	-0.25	0.000669512	0	-0.273994
2.18	0.942321	-0.236213	0	0.483619	0.93998	0	-0.249999	0.000669366	0	-0.272033
2.19	0.947054	-0.226787	0	0.463086	0.945012	0	-0.249999	0.000669221	0	-0.270165
2.2	0.951583	-0.217312	0	0.442599	0.949805	0	-0.249999	0.000669079	0	-0.268386
2.21	0.955906	-0.207791	0	0.422155	0.954361	0	-0.249999	0.000668938	0	-0.266696
2.22	0.960026	-0.198225	0	0.401752	0.958686	0	-0.249999	0.000668798	0	-0.265094
2.23	0.963941	-0.188617	0	0.381388	0.96278	0	-0.249999	0.000668661	0	-0.263578
2.24	0.967653	-0.178969	0	0.361061	0.966649	0	-0.249999	0.000668524	0	-0.262147
2.25	0.971163	-0.169284	0	0.34077	0.970294	0	-0.249999	0.000668389	0	-0.2608
2.26	0.974469	-0.159564	0	0.320511	0.973718	0	-0.249999	0.000668255	0	-0.259536
2.27	0.977573	-0.14981	0	0.300284	0.976924	0	-0.249999	0.000668122	0	-0.258354
2.28	0.980475	-0.140025	0	0.280086	0.979914	0	-0.249999	0.000667991	0	-0.257253
2.29	0.983175	-0.130212	0	0.259916	0.98269	0	-0.249999	0.00066786	0	-0.256232
2.3	0.985673	-0.120371	0	0.23977	0.985254	0	-0.249999	0.00066773	0	-0.255291
2.31	0.98797	-0.110506	0	0.219647	0.987609	0	-0.249999	0.000667601	0	-0.254428
2.32	0.990066	-0.100619	0	0.199546	0.989754	0	-0.249999	0.000667472	0	-0.253644
2.33	0.991961	-0.0907114	0	0.179464	0.991693	0	-0.249999	0.000667344	0	-0.252937
2.34	0.993655	-0.0807853	0	0.159399	0.993426	0	-0.249999	0.000667217	0	-0.252307
2.35	0.995149	-0.0708429	0	0.139349	0.994955	0	-0.249999	0.00066709	0	-0.251754
2.36	0.996442	-0.0608862	0	0.119312	0.99628	0	-0.249999	0.000666964	0	-0.251277
2.37	0.997535	-0.0509173	0	0.0992861	0.997403	0	-0.249999	0.000666838	0	-0.250876
2.38	0.998428	-0.0409381	0	0.0792695	0.998324	0	-0.249999	0.000666712	0	-0.25055
2.39	0.99912	-0.0309508	0	0.05926	0.999045	0	-0.249999	0.000666587	0	-0.2503
2.4	0.999613	-0.0209572	0	0.0392556	0.999564	0	-0.249999	0.000666462	0	-0.250126
2.41	0.999906	-0.0109595	0	0.0192544	0.999883	0	-0.249999	0.000666337	0	-0.250026
2.42	0.999998	-0.00095957	0	-0.000745703	1	0	-0.249999	0.000666212	0	-0.250001
2.43	0.999891	0.00904055	0	-0.0207467	0.999922	0	-0.249999	0.000666087	0	-0.250051
2.44	0.999583	0.0190389	0	-0.0407505	0.999641	0	-0.249999	0.000665962	0	-0.250177
2.45	0.999076	0.0290334	0	-0.0607593	0.99916	0	-0.249999	0.000665836	0	-0.250377
2.46	0.998368	0.0390221	0	-0.0807749	0.998478	0	-0.249999	0.000665711	0	-0.250653
2.47	0.99746	0.0490029	0	-0.100799	0.997594	0	-0.249999	0.000665585	0	-0.251004
2.48	0.996352	0.0589739	0	-0.120835	0.996509	0	-0.249999	0.000665459	0	-0.251431
2.49	0.995043	0.0689331	0	-0.140883	0.995221	0	-0.249999	0.000665333	0	-0.251934
2.5	0.993534	0.0788784	0	-0.160946	0.99373	0	-0.249999	0.000665206	0	-0.252513
2.51	0.991825	0.0888077	0	-0.181026	0.992034	0	-0.249999	0.000665079	0	-0.253169
2.52	0.989914	0.098719	0	-0.201125	0.990132	0	-0.249999	0.000664951	0	-0.253902
2.53	0.987802	0.10861	0	-0.221245	0.988022	0	-0.249999	0.000664822	0	-0.254713
2.54	0.985489	0.118479	0	-0.241388	0.985704	0	-0.249999	0.000664693	0	-0.255603
2.55	0.982974	0.128324	0	-0.261556	0.983175	0	-0.249999	0.000664563	0	-0.256571
2.56	0.980258	0.138143	0	-0.28175	0.980434	0	-0.249999	0.000664431	0	-0.257619
2.57	0.977339	0.147933	0	-0.301974	0.977478	0	-0.249999	0.000664299	0	-0.258748
2.58	0.974218	0.157693	0	-0.322229	0.974306	0	-0.249999	0.000664166	0	-0.259958
2.59	0.970895	0.167419	0	-0.342516	0.970915	0	-0.249999	0.000664032	0	-0.26125
2.6	0.967368	0.177111	0	-0.362839	0.967302	0	-0.249999	0.000663897	0	-0.262626
2.61	0.963638	0.186765	0	-0.383199	0.963465	0	-0.249999	0.00066376	0	-0.264086
2.62	0.959704	0.19638	0	-0.403598	0.959401	0	-0.249999	0.000663622	0	-0.265631
2.63	0.955566	0.205953	0	-0.424038	0.955107	0	-0.249999	0.000663482	0	-0.267263
2.64	0.951223	0.215482	0	-0.444521	0.95058	0	-0.249999	0.000663341	0	-0.268983
2.65	0.946675	0.224965	0	-0.46505	0.945815	0	-0.249999	0.000663198	0	-0.270792
2.66	0.941922	0.234399	0	-0.485625	0.94081	0	-0.25	0.000663053	0	-0.272692
2.67	0.936963	0.243781	0	-0.50625	0.935561	0	-0.25	0.000662906	0	-0.274684
2.68	0.931797	0.25311	0	-0.526925	0.930063	0	-0.25	0.000662757	0	-0.27677
2.69	0.926424	0.262382	0	-0.547654	0.924312	0	-0.25	0.000662606	0	-0.278953
2.7	0.920844	0.271596	0	-0.568439	0.918303	0	-0.25	0.000662452	0	-0.281232
2.71	0.915056	0.280748	0	-0.58928	0.912033	0	-0.25	0.000662296	0	-0.283612
2.72	0.909059	0.289837	0	-0.61018	0.905494	0	-0.25	0.000662137	0	-0.286093
2.73	0.902852	0.298858	0	-0.631142	0.898683	0	-0.25	0.000661975	0	-0.288678
2.74	0.896436	0.30781	0	-0.652166	0.891594	0	-0.25	0.00066181	0	-0.29137
2.75	0.889809	0.31669	0	-0.673256	0.88422	0	-0.25	0.000661642	0	-0.29417
2.76	0.882971	0.325495	0	-0.694412	0.876555	0	-0.25	0.000661471	0	-0.297082
2.77	0.875921	0.334221	0	-0.715637	0.868594	0	-0.25	0.000661295	0	-0.300109
2.78	0.868658	0.342867	0	-0.736932	0.860328	0	-0.25	0.000661116	0	-0.303252
2.79	0.861182	0.351428	0	-0.7583	0.851751	0	-0.25	0.000660933	0	-0.306516
2.8	0.853492	0.359902	0	-0.779741	0.842855	0	-0.25	0.000660745	0	-0.309903
2.81	0.845587	0.368285	0	-0.801259	0.833632	0	-0.25	0.000660552	0	-0.313417
2.82	0.837467	0.376574	0	-0.822853	0.824074	0	-0.25	0.000660354	0	-0.317063
2.83	0.82913	0.384766	0	-0.844527	0.814172	0	-0.250001	0.000660151	0	-0.320842
2.84	0.820576	0.392858	0	-0.866281	0.803916	0	-0.250001	0.000659942	0	-0.324761
2.85	0.811804	0.400845	0	-0.888117	0.793298	0	-0.250001	0.000659727	0	-0.328822
2.86	0.802814	0.408724	0	-0.910037	0.782306	0	-0.250001	0.000659505	0	-0.333031
2.87	0.793604	0.416491	0	-0.932041	0.770931	0	-0.250001	0.000659276	0	-0.337393
2.88	0.784173	0.424142	0	-0.95413	0.75916	0	-0.250001	0.00065904	0	-0.341912
2.89	0.774521	0.431674	0	-0.976307	0.746983	0	-0.250001	0.000658795	0	-0.346594
2.9	0.764647	0.439082	0	-0.998571	0.734386	0	-0.250001	0.000658542	0	-0.351445
2.91	0.75455	0.446362	0	-1.02092	0.721356	0	-0.250001	0.000658279	0	-0.35647
2.92	0.744228	0.453509	0	-1.04336	0.707881	0	-0.250002	0.000658007	0	-0.361677
2.93	0.733682	0.460519	0	-1.06589	0.693945	0	-0.250002	0.000657724	0	-0.367071
2.94	0.722911	0.467388	0	-1.08851	0.679533	0	-0.250002	0.000657429	0	-0.372661
2.95	0.711912	0.47411	0	-1.11122	0.66463	0	-0.250002	0.000657122	0	-0.378453
2.96	0.700686	0.480681	0	-1.13402	0.649219	0	-0.250002	0.000656801	0	-0.384455
2.97	0.689232	0.487094	0	-1.15691	0.633281	0	-0.250002	0.000656466	0	-0.390677
2.98	0.677548	0.493346	0	-1.17988	0.616799	0	-0.250002	0.000656115	0	-0.397126
2.99	0.665634	0.49943	0	-1.20294	0.599753	0	-0.250003	0.000655748	0	-0.403814
3	0.653489	0.505341	0	-1.22608	0.582122	0	-0.250003	0.000655362	0	-0.410749
3.01	0.641112	0.511073	0	-1.24931	0.563885	0	-0.250003	0.000654957	0	-0.417942
3.02	0.628503	0.516619	0	-1.27261	0.545019	0	-0.250003	0.00065453	0	-0.425406
3.03	0.61566	0.521973	0	-1.29599	0.5255	0	-0.250003	0.00065408	0	-0.433151
3.04	0.602583	0.527129	0	-1.31944	0.505301	0	-0.250004	0.000653606	0	-0.441192
3.05	0.589272	0.532079	0	-1.34295	0.484397	0	-0.250004	0.000653104	0	-0.449541
3.06	0.575724	0.536817	0	-1.36653	0.46276	0	-0.250004	0.000652572	0	-0.458213
3.07	0.561941	0.541334	0	-1.39017	0.440358	0	-0.250004	0.000652008	0	-0.467224
3.08	0.547921	0.545624	0	-1.41385	0.417162	0	-0.250005	0.000651409	0	-0.476591
3.09	0.533664	0.549678	0	-1.43756	0.393137	0	-0.250005	0.000650771	0	-0.48633
3.1	0.51917	0.553487	0	-1.46131	0.368248	0	-0.250005	0.000650091	0	-0.49646
3.11	0.504438	0.557043	0	-1.48508	0.342458	0	-0.250006	0.000649366	0	-0.507002
3.12	0.489468	0.560336	0	-1.50885	0.315727	0	-0.250006	0.00064859	0	-0.517977
3.13	0.474261	0.563357	0	-1.53261	0.288015	0	-0.250006	0.000647759	0	-0.529407
3.14	0.458816	0.566096	0	-1.55634	0.259277	0	-0.250007	0.000646868	0	-0.541317
3.15	0.443134	0.568543	0	-1.58003	0.229467	0	-0.250007	0.00064591	0	-0.553732
3.16	0.427215	0.570686	0	-1.60365	0.198535	0	-0.250007	0.00064488	0	-0.566681
3.17	0.411061	0.572513	0	-1.62719	0.16643	0	-0.250008	0.000643769	0	-0.580192
3.18	0.394672	0.574014	0	-1.6506	0.133096	0	-0.250008	0.000642569	0	-0.594298
3.19	0.378049	0.575175	0	-1.67387	0.098476	0	-0.250009	0.000641272	0	-0.609031
3.2	0.361194	0.575984	0	-1.69696	0.0625078	0	-0.250009	0.000639868	0	-0.624429
3.21	0.34411	0.576426	0	-1.71983	0.0251266	0	-0.25001	0.000638344	0	-0.640529
3.22	0.326797	0.576486	0	-1.74243	-0.013736	0	-0.25001	0.000636689	0	-0.657373
3.23	0.309261	0.576151	0	-1.76472	-0.0541524	0	-0.25001	0.000634888	0	-0.675004
3.24	0.291503	0.575403	0	-1.78665	-0.0961988	0	-0.250011	0.000632926	0	-0.69347
3.25	0.273528	0.574227	0	-1.80814	-0.139955	0	-0.250011	0.000630787	0	-0.712821
3.26	0.25534	0.572604	0	-1.82913	-0.185506	0	-0.250011	0.00062845	0	-0.73311
3.27	0.236945	0.570517	0	-1.84954	-0.232941	0	-0.250012	0.000625895	0	-0.754395
3.28	0.218349	0.567945	0	-1.86928	-0.28235	0	-0.250012	0.000623097	0	-0.776736
3.29	0.19956	0.56487	0	-1.88826	-0.333833	0	-0.250012	0.000620033	0	-0.800197
3.3	0.180584	0.561269	0	-1.90635	-0.387488	0	-0.250012	0.000616673	0	-0.824846
3.31	0.161433	0.55712	0	-1.92343	-0.44342	0	-0.250012	0.000612986	0	-0.850757
3.32	0.142116	0.5524	0	-1.93936	-0.501735	0	-0.250012	0.00060894	0	-0.878004
3.33	0.122645	0.547085	0	-1.95398	-0.562545	0	-0.250011	0.000604499	0	-0.906668
3.34	0.103036	0.541149	0	-1.9671	-0.625958	0	-0.250011	0.000599624	0	-0.936832
3.35	0.0833034	0.534566	0	-1.97853	-0.692087	0	-0.250009	0.000594278	0	-0.968582
3.36	0.0634655	0.527308	0	-1.98802	-0.761041	0	-0.250008	0.00058842	0	-1.00201
3.37	0.0435429	0.519345	0	-1.99534	-0.832926	0	-0.250006	0.000582011	0	-1.03719
3.38	0.0235588	0.510649	0	-2.00018	-0.907841	0	-0.250003	0.000575016	0	-1.07423
3.39	0.00353939	0.501188	0	-2.00222	-0.985876	0	-0.25	0.000567402	0	-1.11322
3.4	-0.0164856	0.490932	0	-2.00111	-1.0671	0	-0.249995	0.000559151	0	-1.15422
3.41	-0.0364828	0.479846	0	-1.99645	-1.15158	0	-0.24999	0.000550255	0	-1.19733
3.42	-0.0564145	0.4679	0	-1.98778	-1.23934	0	-0.249983	0.000540733	0	-1.2426
3.43	-0.0762385	0.45506	0	-1.97463	-1.33036	0	-0.249974	0.000530632	0	-1.29008
3.44	-0.0959072	0.441293	0	-1.95646	-1.42461	0	-0.249964	0.000520045	0	-1.33979
3.45	-0.115368	0.426568	0	-1.93267	-1.52196	0	-0.249951	0.000509124	0	-1.39174
3.46	-0.134561	0.410854	0	-1.90265	-1.62224	0	-0.249936	0.000498098	0	-1.44586
3.47	-0.153421	0.394123	0	-1.86572	-1.72518	0	-0.249917	0.000487297	0	-1.50207
3.48	-0.171875	0.37635	0	-1.82117	-1.83042	0	-0.249895	0.000477172	0	-1.5602
3.49	-0.189844	0.357514	0	-1.76828	-1.93746	0	-0.249869	0.000468322	0	-1.62001
3.5	-0.207241	0.337601	0	-1.70632	-2.04567	0	-0.249838	0.000461516	0	-1.68117
3.51	-0.22397	0.316601	0	-1.63458	-2.15426	0	-0.249803	0.000457707	0	-1.74323
3.52	-0.239932	0.294516	0	-1.55241	-2.26226	0	-0.249763	0.000458036	0	-1.80564
3.53	-0.255019	0.271356	0	-1.45926	-2.36854	0	-0.249719	0.000463808	0	-1.86769
3.54	-0.269117	0.247145	0	-1.3547	-2.47175	0	-0.24967	0.000476442	0	-1.92856
3.55	-0.282113	0.221921	0	-1.23853	-2.57041	0	-0.249619	0.000497382	0	-1.98727
3.56	-0.293888	0.195737	0	-1.11077	-2.66285	0	-0.249565	0.000527956	0	-2.04276
3.57	-0.304328	0.168664	0	-0.971772	-2.74735	0	-0.249511	0.000569207	0	-2.09385
3.58	-0.313323	0.14079	0	-0.82222	-2.82213	0	-0.24946	0.000621695	0	-2.13934
3.59	-0.320773	0.112221	0	-0.663184	-2.88546	0	-0.249413	0.000685305	0	-2.17803
3.6	-0.326587	0.0830806	0	-0.496113	-2.93576	0	-0.249374	0.000759104	0	-2.20882
3.61	-0.330695	0.0535059	0	-0.322808	-2.97171	0	-0.249345	0.000841294	0	-2.23077
3.62	-0.333043	0.0236465	0	-0.145363	-2.99229	0	-0.249328	0.000929284	0	-2.24317
3.63	-0.333602	-0.00633993	0	0.0339225	-2.99694	0	-0.249325	0.00101989	0	-2.24563
3.64	-0.332365	-0.0362922	0	0.212659	-2.98552	0	-0.249335	0.00110966	0	-2.23805
3.65	-0.329349	-0.0660503	0	0.388485	-2.95838	0	-0.249357	0.00119524	0	-2.22069
3.66	-0.324595	-0.0954599	0	0.559188	-2.91631	0	-0.249391	0.00127368	0	-2.19412
3.67	-0.318165	-0.124377	0	0.722804	-2.86046	0	-0.249434	0.00134278	0	-2.15916
3.68	-0.310139	-0.152669	0	0.877695	-2.79231	0	-0.249483	0.00140116	0	-2.11685
3.69	-0.300611	-0.180223	0	1.02259	-2.71349	0	-0.249535	0.00144829	0	-2.06834
3.7	-0.289687	-0.206939	0	1.15661	-2.62577	0	-0.249589	0.0014844	0	-2.01485
3.71	-0.277479	-0.232738	0	1.27923	-2.53091	0	-0.249641	0.00151032	0	-1.95757
3.72	-0.264103	-0.257557	0	1.39025	-2.43061	0	-0.249692	0.00152723	0	-1.89762
3.73	-0.249674	-0.28135	0	1.48977	-2.32645	0	-0.249738	0.00153655	0	-1.83604
3.74	-0.234307	-0.304086	0	1.57809	-2.21983	0	-0.24978	0.0015397	0	-1.77371
3.75	-0.218112	-0.325747	0	1.65571	-2.11201	0	-0.249818	0.00153806	0	-1.7114
3.76	-0.201193	-0.346326	0	1.72323	-2.00405	0	-0.24985	0.00153284	0	-1.64974
3.77	-0.183648	-0.365828	0	1.78132	-1.89681	0	-0.249879	0.00152511	0	-1.58922
3.78	-0.165567	-0.384263	0	1.8307	-1.79101	0	-0.249903	0.00151572	0	-1.53024
3.79	-0.147034	-0.401648	0	1.87209	-1.68722	0	-0.249923	0.00150534	0	-1.47306
3.8	-0.128125	-0.418007	0	1.90621	-1.58587	0	-0.24994	0.00149451	0	-1.4179
3.81	-0.108909	-0.433366	0	1.93375	-1.48728	0	-0.249954	0.00148362	0	-1.36489
3.82	-0.0894499	-0.447753	0	1.95535	-1.39167	0	-0.249966	0.00147294	0	-1.31408
3.83	-0.0698024	-0.461199	0	1.97163	-1.29919	0	-0.249975	0.00146266	0	-1.26551
3.84	-0.0500173	-0.473737	0	1.98313	-1.20993	0	-0.249983	0.00145291	0	-1.21916
3.85	-0.0301397	-0.485398	0	1.99038	-1.1239	0	-0.249989	0.00144375	0	-1.17501
3.86	-0.0102097	-0.496215	0	1.99384	-1.04112	0	-0.249994	0.00143523	0	-1.13299
3.87	0.00973701	-0.50622	0	1.99392	-0.961531	0	-0.249998	0.00142734	0	-1.09302
3.88	0.0296687	-0.515445	0	1.99101	-0.885077	0	-0.250001	0.00142007	0	-1.05505
3.89	0.0495573	-0.523921	0	1.98546	-0.811677	0	-0.250004	0.00141339	0	-1.01897
3.9	0.0693779	-0.531679	0	1.97756	-0.741239	0	-0.250005	0.00140729	0	-0.984691
3.91	0.0891085	-0.538746	0	1.96758	-0.673662	0	-0.250007	0.0014017	0	-0.952135
3.92	0.10873	-0.545152	0	1.95578	-0.608839	0	-0.250008	0.00139661	0	-0.921208
3.93	0.128224	-0.550923	0	1.94237	-0.546663	0	-0.250008	0.00139197	0	-0.891822
3.94	0.147577	-0.556085	0	1.92753	-0.487023	0	-0.250009	0.00138774	0	-0.863893
3.95	0.166775	-0.560663	0	1.91145	-0.429809	0	-0.250009	0.00138388	0	-0.837339
3.96	0.185806	-0.564681	0	1.89427	-0.374917	0	-0.250009	0.00138037	0	-0.812083
3.97	0.20466	-0.568162	0	1.87614	-0.322239	0	-0.250009	0.00137716	0	-0.78805
3.98	0.223329	-0.571126	0	1.85716	-0.271676	0	-0.250009	0.00137423	0	-0.76517
3.99	0.241804	-0.573595	0	1.83745	-0.22313	0	-0.250009	0.00137156	0	-0.743378
4	0.260078	-0.575589	0	1.81711	-0.176506	0	-0.250008	0.00136912	0	-0.72261
4.01	0.278146	-0.577125	0	1.79621	-0.131715	0	-0.250008	0.00136688	0	-0.702808
4.02	0.296002	-0.578223	0	1.77483	-0.0886718	0	-0.250008	0.00136483	0	-0.683916
4.03	0.313642	-0.578899	0	1.75304	-0.0472936	0	-0.250007	0.00136295	0	-0.665883
4.04	0.331063	-0.579169	0	1.7309	-0.00750308	0	-0.250007	0.00136123	0	-0.64866
4.05	0.34826	-0.579049	0	1.70846	0.0307735	0	-0.250006	0.00135964	0	-0.632202
4.06	0.365232	-0.578554	0	1.68577	0.0676061	0	-0.250006	0.00135817	0	-0.616466
4.07	0.381976	-0.577697	0	1.66287	0.103061	0	-0.250006	0.00135682	0	-0.601413
4.08	0.398489	-0.576492	0	1.63979	0.137201	0	-0.250005	0.00135557	0	-0.587005
4.09	0.414771	-0.574953	0	1.61657	0.170086	0	-0.250005	0.00135441	0	-0.573208
4.1	0.430821	-0.573091	0	1.59324	0.201772	0	-0.250004	0.00135334	0	-0.559988
4.11	0.446636	-0.570917	0	1.56983	0.232312	0	-0.250004	0.00135235	0	-0.547316
4.12	0.462217	-0.568444	0	1.54635	0.261756	0	-0.250004	0.00135142	0	-0.535163
4.13	0.477563	-0.565682	0	1.52282	0.290153	0	-0.250003	0.00135056	0	-0.523501
4.14	0.492674	-0.562641	0	1.49927	0.317546	0	-0.250003	0.00134975	0	-0.512307
4.15	0.507549	-0.559331	0	1.47572	0.34398	0	-0.250003	0.001349	0	-0.501556
4.16	0.522188	-0.555762	0	1.45216	0.369493	0	-0.250002	0.0013483	0	-0.491227
4.17	0.536592	-0.551941	0	1.42862	0.394124	0	-0.250002	0.00134764	0	-0.4813
4.18	0.55076	-0.547879	0	1.40511	0.41791	0	-0.250002	0.00134702	0	-0.471754
4.19	0.564694	-0.543583	0	1.38164	0.440884	0	-0.250002	0.00134644	0	-0.462571
4.2	0.578393	-0.539062	0	1.35821	0.463079	0	-0.250001	0.00134589	0	-0.453735
4.21	0.591858	-0.534322	0	1.33483	0.484525	0	-0.250001	0.00134537	0	-0.44523
4.22	0.60509	-0.529371	0	1.31151	0.505252	0	-0.250001	0.00134488	0	-0.437041
4.23	0.618089	-0.524217	0	1.28826	0.525286	0	-0.250001	0.00134441	0	-0.429153
4.24	0.630855	-0.518865	0	1.26507	0.544655	0	-0.25	0.00134398	0	-0.421553
4.25	0.64339	-0.513324	0	1.24196	0.563381	0	-0.25	0.00134356	0	-0.414229
4.26	0.655694	-0.507598	0	1.21892	0.58149	0	-0.25	0.00134316	0	-0.407169
4.27	0.667768	-0.501694	0	1.19596	0.599003	0	-0.25	0.00134278	0	-0.400362
4.28	0.679613	-0.495618	0	1.17308	0.615942	0	-0.25	0.00134242	0	-0.393798
4.29	0.69123	-0.489375	0	1.15028	0.632325	0	-0.249999	0.00134208	0	-0.387466
4.3	0.702619	-0.482971	0	1.12756	0.648174	0	-0.249999	0.00134175	0	-0.381357
4.31	0.713781	-0.476411	0	1.10493	0.663504	0	-0.249999	0.00134144	0	-0.375464
4.32	0.724718	-0.469701	0	1.08239	0.678335	0	-0.249999	0.00134113	0	-0.369776
4.33	0.735429	-0.462845	0	1.05993	0.692681	0	-0.249999	0.00134084	0	-0.364288
4.34	0.745916	-0.455847	0	1.03755	0.706559	0	-0.249999	0.00134057	0	-0.35899
4.35	0.75618	-0.448714	0	1.01527	0.719983	0	-0.249999	0.0013403	0	-0.353877
4.36	0.766221	-0.441448	0	0.993061	0.732967	0	-0.249998	0.00134004	0	-0.348942
4.37	0.776041	-0.434054	0	0.970942	0.745526	0	-0.249998	0.00133979	0	-0.344178
4.38	0.78564	-0.426537	0	0.948906	0.75767	0	-0.249998	0.00133955	0	-0.33958
4.39	0.795019	-0.418901	0	0.926954	0.769413	0	-0.249998	0.00133931	0	-0.335142
4.4	0.804179	-0.411149	0	0.905083	0.780766	0	-0.249998	0.00133909	0	-0.330859
4.41	0.813121	-0.403286	0	0.883294	0.79174	0	-0.249998	0.00133887	0	-0.326726
4.42	0.821845	-0.395314	0	0.861584	0.802345	0	-0.249998	0.00133866	0	-0.322739
4.43	0.830353	-0.387239	0	0.839952	0.812592	0	-0.249998	0.00133845	0	-0.318892
4.44	0.838644	-0.379062	0	0.818398	0.82249	0	-0.249998	0.00133825	0	-0.315181
4.45	0.846721	-0.370789	0	0.796918	0.832047	0	-0.249998	0.00133805	0	-0.311603
4.46	0.854583	-0.362421	0	0.775513	0.841273	0	-0.249998	0.00133786	0	-0.308154
4.47	0.862231	-0.353963	0	0.75418	0.850176	0	-0.249997	0.00133768	0	-0.304831
4.48	0.869666	-0.345418	0	0.732918	0.858763	0	-0.249997	0.00133749	0	-0.301629
4.49	0.876889	-0.336788	0	0.711724	0.867042	0	-0.249997	0.00133732	0	-0.298546
4.5	0.883901	-0.328077	0	0.690598	0.87502	0	-0.249997	0.00133714	0	-0.295579
4.51	0.890701	-0.319288	0	0.669537	0.882704	0	-0.249997	0.00133697	0	-0.292724
4.52	0.897291	-0.310423	0	0.648539	0.890099	0	-0.249997	0.00133681	0	-0.28998
4.53	0.903672	-0.301486	0	0.627603	0.897213	0	-0.249997	0.00133664	0	-0.287343
4.54	0.909844	-0.292479	0	0.606727	0.904051	0	-0.249997	0.00133648	0	-0.284811
4.55	0.915807	-0.283405	0	0.585909	0.910619	0	-0.249997	0.00133632	0	-0.282382
4.56	0.921562	-0.274266	0	0.565147	0.916921	0	-0.249997	0.00133617	0	-0.280054
4.57	0.92711	-0.265066	0	0.544439	0.922963	0	-0.249997	0.00133602	0	-0.277824
4.58	0.932451	-0.255807	0	0.523783	0.928749	0	-0.249997	0.00133586	0	-0.275691
4.59	0.937585	-0.246491	0	0.503177	0.934284	0	-0.249997	0.00133572	0	-0.273653
4.6	0.942514	-0.237121	0	0.48262	0.939573	0	-0.249997	0.00133557	0	-0.271708
4.61	0.947238	-0.2277	0	0.462108	0.944618	0	-0.249997	0.00133543	0	-0.269855
4.62	0.951756	-0.218229	0	0.441641	0.949425	0	-0.249997	0.00133528	0	-0.268092
4.63	0.95607	-0.208711	0	0.421216	0.953996	0	-0.249997	0.00133514	0	-0.266417
4.64	0.960181	-0.199149	0	0.400832	0.958335	0	-0.249997	0.001335	0	-0.26483
4.65	0.964087	-0.189545	0	0.380485	0.962445	0	-0.249997	0.00133487	0	-0.263328
4.66	0.96779	-0.1799	0	0.360175	0.96633	0	-0.249997	0.00133473	0	-0.261912
4.67	0.971291	-0.170218	0	0.339899	0.969991	0	-0.249997	0.00133459	0	-0.260579
4.68	0.974588	-0.1605	0	0.319655	0.973432	0	-0.249997	0.00133446	0	-0.259329
4.69	0.977684	-0.150749	0	0.299442	0.976655	0	-0.249997	0.00133433	0	-0.258161
4.7	0.980577	-0.140967	0	0.279256	0.979662	0	-0.249997	0.0013342	0	-0.257073
4.71	0.983269	-0.131156	0	0.259097	0.982455	0	-0.249997	0.00133407	0	-0.256066
4.72	0.985759	-0.121318	0	0.238963	0.985037	0	-0.249997	0.00133394	0	-0.255138
4.73	0.988048	-0.111455	0	0.21885	0.987409	0	-0.249997	0.00133381	0	-0.254289
4.74	0.990136	-0.10157	0	0.198758	0.989573	0	-0.249997	0.00133368	0	-0.253518
4.75	0.992023	-0.0916639	0	0.178684	0.99153	0	-0.249996	0.00133355	0	-0.252824
4.76	0.99371	-0.0817394	0	0.158626	0.993282	0	-0.249996	0.00133342	0	-0.252207
4.77	0.995196	-0.0717983	0	0.138583	0.994829	0	-0.249996	0.0013333	0	-0.251667
4.78	0.996481	-0.0618428	0	0.118551	0.996174	0	-0.249996	0.00133317	0	-0.251203
4.79	0.997567	-0.0518748	0	0.0985302	0.997315	0	-0.249996	0.00133304	0	-0.250815
4.8	0.998452	-0.0418965	0	0.0785174	0.998256	0	-0.249996	0.00133292	0	-0.250502
4.81	0.999137	-0.0319097	0	0.0585108	0.998995	0	-0.249996	0.00133279	0	-0.250265
4.82	0.999622	-0.0219166	0	0.0385085	0.999534	0	-0.249996	0.00133267	0	-0.250103
4.83	0.999907	-0.011919	0	0.0185084	0.999872	0	-0.249996	0.00133254	0	-0.250016
4.84	0.999992	-0.00191912	0	-0.00149141	1.00001	0	-0.249996	0.00133242	0	-0.250004
4.85	0.999877	0.00808118	0	-0.021493	0.999949	0	-0.249996	0.00133229	0	-0.250067
4.86	0.999562	0.0180799	0	-0.0414983	0.999687	0	-0.249996	0.00133217	0	-0.250206
4.87	0.999047	0.0280749	0	-0.0615094	0.999225	0	-0.249996	0.00133204	0	-0.250419
4.88	0.998332	0.0380644	0	-0.0815282	0.998562	0	-0.249996	0.00133192	0	-0.250707
4.89	0.997417	0.0480462	0	-0.101557	0.997698	0	-0.249996	0.00133179	0	-0.251071
4.9	0.996301	0.0580183	0	-0.121597	0.996632	0	-0.249996	0.00133167	0	-0.251511
4.91	0.994985	0.0679788	0	-0.141651	0.995363	0	-0.249996	0.00133154	0	-0.252027
4.92	0.993468	0.0779256	0	-0.161721	0.99389	0	-0.249996	0.00133141	0	-0.252619
4.93	0.991751	0.0878566	0	-0.181809	0.992212	0	-0.249997	0.00133129	0	-0.253289
4.94	0.989832	0.0977698	0	-0.201916	0.990328	0	-0.249997	0.00133116	0	-0.254035
4.95	0.987712	0.107663	0	-0.222046	0.988237	0	-0.249997	0.00133103	0	-0.254859
4.96	0.985391	0.117535	0	-0.242199	0.985937	0	-0.249997	0.0013309	0	-0.255762
4.97	0.982868	0.127382	0	-0.262378	0.983426	0	-0.249997	0.00133077	0	-0.256744
4.98	0.980143	0.137203	0	-0.282584	0.980702	0	-0.249997	0.00133064	0	-0.257806
4.99	0.977217	0.146996	0	-0.302821	0.977763	0	-0.249997	0.00133051	0	-0.258949
5	0.974087	0.156758	0	-0.32309	0.974608	0	-0.249997	0.00133037	0	-0.260173
5.01	0.970755	0.166488	0	-0.343393	0.971233	0	-0.249997	0.00133024	0	-0.261479
5.02	0.967219	0.176183	0	-0.363731	0.967637	0	-0.249997	0.0013301	0	-0.262869
5.03	0.96348	0.185841	0	-0.384108	0.963816	0	-0.249997	0.00132997	0	-0.264343
5.04	0.959537	0.195459	0	-0.404524	0.959767	0	-0.249997	0.00132983	0	-0.265903
5.05	0.95539	0.205036	0	-0.424983	0.955488	0	-0.249997	0.00132969	0	-0.26755
5.06	0.951037	0.214569	0	-0.445486	0.950975	0	-0.249997	0.00132955	0	-0.269285
5.07	0.94648	0.224056	0	-0.466035	0.946224	0	-0.249997	0.0013294	0	-0.271109
5.08	0.941717	0.233494	0	-0.486632	0.941233	0	-0.249997	0.00132926	0	-0.273025
5.09	0.936747	0.24288	0	-0.507279	0.935996	0	-0.249997	0.00132911	0	-0.275033
5.1	0.931571	0.252213	0	-0.527979	0.93051	0	-0.249997	0.00132896	0	-0.277136
5.11	0.926188	0.261491	0	-0.548732	0.924771	0	-0.249997	0.00132881	0	-0.279334
5.12	0.920596	0.270709	0	-0.569542	0.918774	0	-0.249997	0.00132866	0	-0.281631
5.13	0.914797	0.279866	0	-0.59041	0.912513	0	-0.249997	0.0013285	0	-0.284028
5.14	0.908788	0.288959	0	-0.611338	0.905985	0	-0.249997	0.00132834	0	-0.286527
5.15	0.90257	0.297986	0	-0.632329	0.899182	0	-0.249997	0.00132818	0	-0.28913
5.16	0.896142	0.306943	0	-0.653383	0.892101	0	-0.249997	0.00132801	0	-0.29184
5.17	0.889502	0.315828	0	-0.674503	0.884734	0	-0.249997	0.00132784	0	-0.294659
5.18	0.882652	0.324637	0	-0.695692	0.877076	0	-0.249997	0.00132767	0	-0.29759
5.19	0.875589	0.333369	0	-0.71695	0.869119	0	-0.249997	0.0013275	0	-0.300636
5.2	0.868313	0.34202	0	-0.738279	0.860858	0	-0.249997	0.00132732	0	-0.3038
5.21	0.860823	0.350586	0	-0.759682	0.852284	0	-0.249998	0.00132713	0	-0.307084
5.22	0.853119	0.359066	0	-0.78116	0.84339	0	-0.249998	0.00132694	0	-0.310493
5.23	0.8452	0.367454	0	-0.802715	0.834168	0	-0.249998	0.00132675	0	-0.31403
5.24	0.837065	0.375749	0	-0.824349	0.82461	0	-0.249998	0.00132655	0	-0.317697
5.25	0.828713	0.383946	0	-0.846063	0.814706	0	-0.249998	0.00132635	0	-0.321501
5.26	0.820143	0.392043	0	-0.867858	0.804447	0	-0.249998	0.00132614	0	-0.325443
5.27	0.811356	0.400035	0	-0.889737	0.793824	0	-0.249998	0.00132592	0	-0.32953
5.28	0.802349	0.40792	0	-0.9117	0.782826	0	-0.249998	0.0013257	0	-0.333764
5.29	0.793122	0.415692	0	-0.933749	0.771443	0	-0.249998	0.00132547	0	-0.338152
5.3	0.783674	0.423348	0	-0.955885	0.759663	0	-0.249998	0.00132523	0	-0.342699
5.31	0.774004	0.430885	0	-0.978109	0.747474	0	-0.249999	0.00132499	0	-0.347409
5.32	0.764112	0.438298	0	-1.00042	0.734863	0	-0.249999	0.00132473	0	-0.352289
5.33	0.753996	0.445582	0	-1.02282	0.721818	0	-0.249999	0.00132447	0	-0.357345
5.34	0.743655	0.452734	0	-1.04532	0.708325	0	-0.249999	0.00132419	0	-0.362583
5.35	0.733089	0.459749	0	-1.0679	0.69437	0	-0.249999	0.00132391	0	-0.368011
5.36	0.722297	0.466622	0	-1.09057	0.679936	0	-0.249999	0.00132361	0	-0.373634
5.37	0.711278	0.473348	0	-1.11334	0.665008	0	-0.249999	0.0013233	0	-0.379461
5.38	0.70003	0.479922	0	-1.13619	0.649569	0	-0.249999	0.00132298	0	-0.3855
5.39	0.688554	0.486339	0	-1.15913	0.633601	0	-0.25	0.00132264	0	-0.39176
5.4	0.676848	0.492594	0	-1.18217	0.617085	0	-0.25	0.00132229	0	-0.39825
5.41	0.664911	0.498681	0	-1.20528	0.600003	0	-0.25	0.00132192	0	-0.404978
5.42	0.652742	0.504594	0	-1.22849	0.582332	0	-0.25	0.00132153	0	-0.411957
5.43	0.640341	0.510327	0	-1.25178	0.564051	0	-0.25	0.00132112	0	-0.419196
5.44	0.627707	0.515875	0	-1.27514	0.545137	0	-0.250001	0.00132069	0	-0.426706
5.45	0.614838	0.52123	0	-1.29859	0.525566	0	-0.250001	0.00132024	0	-0.434501
5.46	0.601735	0.526386	0	-1.3221	0.505312	0	-0.250001	0.00131976	0	-0.442593
5.47	0.588396	0.531336	0	-1.34569	0.484348	0	-0.250001	0.00131926	0	-0.450997
5.48	0.574821	0.536073	0	-1.36933	0.462645	0	-0.250002	0.00131872	0	-0.459726
5.49	0.561009	0.540589	0	-1.39303	0.440174	0	-0.250002	0.00131815	0	-0.468796
5.5	0.54696	0.544877	0	-1.41678	0.416901	0	-0.250002	0.00131755	0	-0.478225
5.51	0.532674	0.548927	0	-1.44057	0.392795	0	-0.250002	0.0013169	0	-0.488029
5.52	0.518149	0.552733	0	-1.46439	0.367818	0	-0.250003	0.00131622	0	-0.498228
5.53	0.503386	0.556284	0	-1.48822	0.341934	0	-0.250003	0.00131548	0	-0.508843
5.54	0.488385	0.559571	0	-1.51207	0.315103	0	-0.250003	0.0013147	0	-0.519893
5.55	0.473145	0.562586	0	-1.5359	0.287282	0	-0.250004	0.00131386	0	-0.531404
5.56	0.457667	0.565317	0	-1.5597	0.258428	0	-0.250004	0.00131296	0	-0.543398
5.57	0.441951	0.567754	0	-1.58346	0.228493	0	-0.250005	0.00131199	0	-0.555902
5.58	0.425997	0.569887	0	-1.60715	0.197428	0	-0.250005	0.00131095	0	-0.568944
5.59	0.409808	0.571703	0	-1.63076	0.16518	0	-0.250005	0.00130982	0	-0.582555
5.6	0.393382	0.57319	0	-1.65424	0.131694	0	-0.250006	0.00130861	0	-0.596765
5.61	0.376723	0.574337	0	-1.67757	0.0969104	0	-0.250006	0.00130729	0	-0.611609
5.62	0.359831	0.575129	0	-1.70072	0.0607674	0	-0.250007	0.00130587	0	-0.627124
5.63	0.342708	0.575552	0	-1.72365	0.0231995	0	-0.250007	0.00130433	0	-0.643347
5.64	0.325358	0.575593	0	-1.74631	-0.0158626	0	-0.250007	0.00130265	0	-0.660322
5.65	0.307782	0.575235	0	-1.76865	-0.056492	0	-0.250008	0.00130082	0	-0.678093
5.66	0.289985	0.574463	0	-1.79061	-0.0987659	0	-0.250008	0.00129883	0	-0.696706
5.67	0.27197	0.573259	0	-1.81214	-0.142765	0	-0.250009	0.00129666	0	-0.716213
5.68	0.253742	0.571607	0	-1.83316	-0.188575	0	-0.250009	0.00129429	0	-0.736668
5.69	0.235307	0.569488	0	-1.85359	-0.236285	0	-0.250009	0.0012917	0	-0.758128
5.7	0.21667	0.566882	0	-1.87335	-0.285989	0	-0.250009	0.00128886	0	-0.780655
5.71	0.19784	0.563768	0	-1.89232	-0.337784	0	-0.25001	0.00128574	0	-0.804314
5.72	0.178824	0.560126	0	-1.91039	-0.391772	0	-0.25001	0.00128233	0	-0.829174
5.73	0.159632	0.555933	0	-1.92744	-0.448058	0	-0.250009	0.00127859	0	-0.855307
5.74	0.140275	0.551165	0	-1.94331	-0.506749	0	-0.250009	0.00127447	0	-0.88279
5.75	0.120766	0.545798	0	-1.95785	-0.567956	0	-0.250009	0.00126996	0	-0.911704
5.76	0.101118	0.539806	0	-1.97087	-0.63179	0	-0.250008	0.00126501	0	-0.942132
5.77	0.0813484	0.533162	0	-1.98216	-0.698363	0	-0.250007	0.00125957	0	-0.974161
5.78	0.061475	0.525838	0	-1.99149	-0.767785	0	-0.250005	0.00125362	0	-1.00788
5.79	0.0415187	0.517806	0	-1.99859	-0.840161	0	-0.250003	0.00124711	0	-1.04338
5.8	0.0215032	0.509035	0	-2.00318	-0.91559	0	-0.25	0.00124	0	-1.08074
5.81	0.00145516	0.499494	0	-2.00492	-0.99416	0	-0.249997	0.00123227	0	-1.12006
5.82	-0.0185952	0.489152	0	-2.00345	-1.07594	0	-0.249992	0.0012239	0	-1.16142
5.83	-0.0386139	0.477976	0	-1.99836	-1.16099	0	-0.249986	0.00121488	0	-1.20489
5.84	-0.0585625	0.465932	0	-1.98921	-1.24933	0	-0.249979	0.00120523	0	-1.25054
5.85	-0.078398	0.452989	0	-1.97548	-1.34095	0	-0.249971	0.00119502	0	-1.2984
5.86	-0.0980722	0.439113	0	-1.95665	-1.43578	0	-0.24996	0.00118433	0	-1.34849
5.87	-0.117531	0.424273	0	-1.93211	-1.53371	0	-0.249947	0.00117334	0	-1.40081
5.88	-0.136714	0.408439	0	-1.90122	-1.63455	0	-0.249931	0.00116228	0	-1.4553
5.89	-0.155555	0.391582	0	-1.86332	-1.73802	0	-0.249911	0.00115151	0	-1.51186
5.9	-0.173981	0.373679	0	-1.81768	-1.84372	0	-0.249889	0.00114149	0	-1.57029
5.91	-0.191909	0.354708	0	-1.76358	-1.95115	0	-0.249862	0.00113286	0	-1.63036
5.92	-0.209252	0.334656	0	-1.70029	-2.05966	0	-0.249831	0.00112641	0	-1.6917
5.93	-0.225915	0.313515	0	-1.62711	-2.16842	0	-0.249795	0.00112313	0	-1.75387
5.94	-0.241794	0.291287	0	-1.54339	-2.27644	0	-0.249754	0.00112418	0	-1.81627
5.95	-0.256783	0.267986	0	-1.4486	-2.38254	0	-0.249709	0.0011309	0	-1.87818
5.96	-0.270766	0.243636	0	-1.34235	-2.48537	0	-0.24966	0.00114472	0	-1.93875
5.97	-0.28363	0.218278	0	-1.22445	-2.5834	0	-0.249607	0.00116707	0	-1.997
5.98	-0.295255	0.191968	0	-1.09498	-2.67497	0	-0.249554	0.00119926	0	-2.05182
5.99	-0.305529	0.164779	0	-0.954345	-2.75831	0	-0.2495	0.00124226	0	-2.10204
6	-0.314342	0.136802	0	-0.803284	-2.83166	0	-0.249449	0.00129654	0	-2.14645
6.01	-0.321595	0.108146	0	-0.642929	-2.8933	0	-0.249403	0.00136186	0	-2.18387
6.02	-0.327201	0.0789362	0	-0.474786	-2.94169	0	-0.249366	0.00143714	0	-2.21321
6.03	-0.331091	0.0493123	0	-0.30071	-2.97553	0	-0.249338	0.00152045	0	-2.23357
6.04	-0.333215	0.0194255	0	-0.122833	-2.9939	0	-0.249323	0.00160908	0	-2.2443
6.05	-0.333547	-0.0105657	0	0.0565229	-2.99628	0	-0.249322	0.00169979	0	-2.24505
6.06	-0.332085	-0.0405002	0	0.234964	-2.98262	0	-0.249334	0.00178911	0	-2.23577
6.07	-0.328848	-0.0702182	0	0.410146	-2.95334	0	-0.249358	0.00187372	0	-2.21679
6.08	-0.323882	-0.099567	0	0.579889	-2.90928	0	-0.249393	0.0019508	0	-2.18872
6.09	-0.31725	-0.128404	0	0.742277	-2.85166	0	-0.249437	0.00201826	0	-2.15243
6.1	-0.309036	-0.1566	0	0.89573	-2.78197	0	-0.249487	0.00207487	0	-2.10898
6.11	-0.299336	-0.184043	0	1.03904	-2.70189	0	-0.249539	0.00212022	0	-2.05954
6.12	-0.288255	-0.210638	0	1.17138	-2.61318	0	-0.249593	0.00215467	0	-2.00532
6.13	-0.275908	-0.236307	0	1.29228	-2.5176	0	-0.249645	0.0021791	0	-1.9475
6.14	-0.26241	-0.26099	0	1.40159	-2.41682	0	-0.249695	0.00219475	0	-1.88721
6.15	-0.247876	-0.284643	0	1.49945	-2.31241	0	-0.249741	0.00220303	0	-1.82544
6.16	-0.232421	-0.307238	0	1.5862	-2.20574	0	-0.249782	0.00220538	0	-1.76306
6.17	-0.216152	-0.328758	0	1.66234	-2.09802	0	-0.249818	0.00220315	0	-1.70083
6.18	-0.199174	-0.349199	0	1.72848	-1.9903	0	-0.24985	0.00219752	0	-1.63933
6.19	-0.181583	-0.368564	0	1.78532	-1.88341	0	-0.249878	0.00218952	0	-1.57905
6.2	-0.163468	-0.386867	0	1.83357	-1.77805	0	-0.249901	0.00217998	0	-1.52035
6.21	-0.144911	-0.404125	0	1.87395	-1.67476	0	-0.249921	0.00216955	0	-1.46351
6.22	-0.125989	-0.420362	0	1.90717	-1.57395	0	-0.249938	0.00215873	0	-1.40871
6.23	-0.106768	-0.435604	0	1.93391	-1.47592	0	-0.249952	0.00214789	0	-1.35606
6.24	-0.0873104	-0.44988	0	1.95482	-1.38089	0	-0.249963	0.0021373	0	-1.30564
6.25	-0.0676715	-0.463222	0	1.97049	-1.289	0	-0.249972	0.00212713	0	-1.25745
6.26	-0.0479007	-0.47566	0	1.98147	-1.20031	0	-0.24998	0.00211749	0	-1.21148
6.27	-0.0280422	-0.487228	0	1.98826	-1.11486	0	-0.249986	0.00210846	0	-1.16769
6.28	-0.00813548	-0.497957	0	1.99133	-1.03263	0	-0.24999	0.00210005	0	-1.12603
6.29	0.0117844	-0.507881	0	1.99109	-0.953583	0	-0.249994	0.00209228	0	-1.08641
6.3	0.0316864	-0.517029	0	1.98791	-0.877647	0	-0.249997	0.00208512	0	-1.04876
6.31	0.0515427	-0.525434	0	1.98213	-0.804744	0	-0.249999	0.00207855	0	-1.013
6.32	0.071329	-0.533124	0	1.97405	-0.734779	0	-0.250001	0.00207254	0	-0.979021
6.33	0.0910236	-0.540129	0	1.96392	-0.667652	0	-0.250002	0.00206705	0	-0.946749
6.34	0.110607	-0.546477	0	1.952	-0.603256	0	-0.250003	0.00206204	0	-0.91609
6.35	0.130064	-0.552194	0	1.9385	-0.541484	0	-0.250004	0.00205747	0	-0.886958
6.36	0.149377	-0.557307	0	1.9236	-0.482225	0	-0.250004	0.00205331	0	-0.85927
6.37	0.168536	-0.561839	0	1.90747	-0.425372	0	-0.250004	0.00204951	0	-0.832942
6.38	0.187527	-0.565814	0	1.89026	-0.370818	0	-0.250005	0.00204605	0	-0.8079
6.39	0.206341	-0.569255	0	1.87212	-0.31846	0	-0.250004	0.00204289	0	-0.784069
6.4	0.224969	-0.572183	0	1.85314	-0.268197	0	-0.250004	0.00204001	0	-0.761379
6.41	0.243404	-0.574619	0	1.83344	-0.219932	0	-0.250004	0.00203738	0	-0.739766
6.42	0.261638	-0.576582	0	1.81312	-0.173573	0	-0.250004	0.00203497	0	-0.719166
6.43	0.279666	-0.578091	0	1.79225	-0.129031	0	-0.250003	0.00203277	0	-0.699523
6.44	0.297483	-0.579163	0	1.77092	-0.0862196	0	-0.250003	0.00203075	0	-0.680781
6.45	0.315085	-0.579815	0	1.74917	-0.0450595	0	-0.250003	0.0020289	0	-0.66289
6.46	0.332467	-0.580064	0	1.72709	-0.00547325	0	-0.250002	0.00202719	0	-0.6458
6.47	0.349626	-0.579924	0	1.7047	0.032612	0	-0.250002	0.00202562	0	-0.629469
6.48	0.366561	-0.579412	0	1.68207	0.0692655	0	-0.250001	0.00202418	0	-0.613852
6.49	0.383268	-0.578539	0	1.65923	0.104553	0	-0.250001	0.00202284	0	-0.598911
6.5	0.399745	-0.57732	0	1.63622	0.138536	0	-0.250001	0.00202161	0	-0.58461
6.51	0.415992	-0.575768	0	1.61306	0.171275	0	-0.25	0.00202047	0	-0.570913
6.52	0.432006	-0.573895	0	1.5898	0.202823	0	-0.25	0.00201941	0	-0.557789
6.53	0.447788	-0.571712	0	1.56645	0.233235	0	-0.25	0.00201842	0	-0.545207
6.54	0.463336	-0.56923	0	1.54304	0.26256	0	-0.249999	0.00201751	0	-0.53314
6.55	0.478649	-0.566461	0	1.51959	0.290845	0	-0.249999	0.00201665	0	-0.52156
6.56	0.493727	-0.563413	0	1.49611	0.318135	0	-0.249998	0.00201586	0	-0.510443
6.57	0.508571	-0.560098	0	1.47262	0.344471	0	-0.249998	0.00201511	0	-0.499766
6.58	0.52318	-0.556524	0	1.44914	0.369894	0	-0.249998	0.00201442	0	-0.489507
6.59	0.537554	-0.5527	0	1.42567	0.394442	0	-0.249998	0.00201376	0	-0.479645
6.6	0.551693	-0.548635	0	1.40223	0.418149	0	-0.249997	0.00201315	0	-0.470162
6.61	0.565598	-0.544337	0	1.37882	0.441051	0	-0.249997	0.00201257	0	-0.46104
6.62	0.579269	-0.539814	0	1.35546	0.463178	0	-0.249997	0.00201203	0	-0.452262
6.63	0.592707	-0.535074	0	1.33215	0.484562	0	-0.249997	0.00201151	0	-0.443812
6.64	0.605912	-0.530123	0	1.30889	0.50523	0	-0.249996	0.00201103	0	-0.435675
6.65	0.618885	-0.524969	0	1.2857	0.525211	0	-0.249996	0.00201057	0	-0.427837
6.66	0.631626	-0.519619	0	1.26258	0.54453	0	-0.249996	0.00201013	0	-0.420285
6.67	0.644137	-0.514078	0	1.23953	0.563211	0	-0.249996	0.00200972	0	-0.413007
6.68	0.656417	-0.508354	0	1.21655	0.581278	0	-0.249995	0.00200932	0	-0.405991
6.69	0.668468	-0.502453	0	1.19365	0.598753	0	-0.249995	0.00200895	0	-0.399226
6.7	0.68029	-0.496379	0	1.17083	0.615656	0	-0.249995	0.00200859	0	-0.392702
6.71	0.691884	-0.49014	0	1.14809	0.632008	0	-0.249995	0.00200825	0	-0.386409
6.72	0.703252	-0.483739	0	1.12543	0.647827	0	-0.249995	0.00200792	0	-0.380337
6.73	0.714393	-0.477183	0	1.10285	0.663132	0	-0.249995	0.00200761	0	-0.374479
6.74	0.725309	-0.470477	0	1.08036	0.677938	0	-0.249994	0.00200731	0	-0.368827
6.75	0.736	-0.463624	0	1.05796	0.692263	0	-0.249994	0.00200702	0	-0.363371
6.76	0.746468	-0.456631	0	1.03563	0.706122	0	-0.249994	0.00200674	0	-0.358106
6.77	0.756713	-0.449502	0	1.01339	0.71953	0	-0.249994	0.00200648	0	-0.353023
6.78	0.766736	-0.442241	0	0.991239	0.7325	0	-0.249994	0.00200622	0	-0.348118
6.79	0.776538	-0.434852	0	0.969167	0.745045	0	-0.249994	0.00200597	0	-0.343383
6.8	0.786119	-0.42734	0	0.947178	0.757179	0	-0.249994	0.00200573	0	-0.338812
6.81	0.795481	-0.419708	0	0.925271	0.768913	0	-0.249994	0.0020055	0	-0.334401
6.82	0.804625	-0.411962	0	0.903444	0.780259	0	-0.249994	0.00200527	0	-0.330144
6.83	0.81355	-0.404103	0	0.881698	0.791227	0	-0.249993	0.00200505	0	-0.326036
6.84	0.822259	-0.396137	0	0.860029	0.801829	0	-0.249993	0.00200484	0	-0.322073
6.85	0.830751	-0.388067	0	0.838438	0.812073	0	-0.249993	0.00200464	0	-0.318249
6.86	0.839027	-0.379896	0	0.816923	0.821969	0	-0.249993	0.00200444	0	-0.314562
6.87	0.847089	-0.371627	0	0.795482	0.831527	0	-0.249993	0.00200424	0	-0.311006
6.88	0.854937	-0.363265	0	0.774113	0.840754	0	-0.249993	0.00200405	0	-0.307579
6.89	0.862571	-0.354812	0	0.752816	0.849659	0	-0.249993	0.00200387	0	-0.304276
6.9	0.869993	-0.346272	0	0.731588	0.85825	0	-0.249993	0.00200368	0	-0.301095
6.91	0.877203	-0.337647	0	0.710428	0.866533	0	-0.249993	0.00200351	0	-0.298032
6.92	0.884202	-0.328941	0	0.689335	0.874517	0	-0.249993	0.00200333	0	-0.295084
6.93	0.89099	-0.320157	0	0.668305	0.882207	0	-0.249993	0.00200316	0	-0.292248
6.94	0.897568	-0.311297	0	0.647338	0.88961	0	-0.249993	0.002003	0	-0.289522
6.95	0.903937	-0.302365	0	0.626431	0.896733	0	-0.249993	0.00200283	0	-0.286904
6.96	0.910097	-0.293362	0	0.605583	0.90358	0	-0.249993	0.00200267	0	-0.284389
6.97	0.916048	-0.284293	0	0.584792	0.910157	0	-0.249993	0.00200252	0	-0.281978
6.98	0.921792	-0.275159	0	0.564056	0.91647	0	-0.249993	0.00200236	0	-0.279667
6.99	0.927329	-0.265964	0	0.543373	0.922523	0	-0.249992	0.00200221	0	-0.277454
7	0.93266	-0.256709	0	0.522742	0.928321	0	-0.249992	0.00200206	0	-0.275337
7.01	0.937784	-0.247397	0	0.502159	0.933869	0	-0.249992	0.00200191	0	-0.273315
7.02	0.942703	-0.238031	0	0.481623	0.93917	0	-0.249992	0.00200177	0	-0.271386
7.03	0.947417	-0.228614	0	0.461133	0.944229	0	-0.249992	0.00200162	0	-0.269548
7.04	0.951926	-0.219147	0	0.440686	0.94905	0	-0.249992	0.00200148	0	-0.2678
7.05	0.95623	-0.209633	0	0.42028	0.953636	0	-0.249992	0.00200134	0	-0.26614
7.06	0.960331	-0.200074	0	0.399914	0.95799	0	-0.249992	0.0020012	0	-0.264567
7.07	0.964229	-0.190473	0	0.379584	0.962116	0	-0.249992	0.00200106	0	-0.263081
7.08	0.967923	-0.180832	0	0.35929	0.966016	0	-0.249992	0.00200093	0	-0.261678
7.09	0.971415	-0.171153	0	0.33903	0.969693	0	-0.249992	0.00200079	0	-0.26036
7.1	0.974704	-0.161438	0	0.318801	0.973151	0	-0.249992	0.00200066	0	-0.259124
7.11	0.977791	-0.15169	0	0.298601	0.97639	0	-0.249992	0.00200053	0	-0.257969
7.12	0.980676	-0.14191	0	0.278428	0.979415	0	-0.249992	0.00200039	0	-0.256896
7.13	0.983359	-0.132101	0	0.258281	0.982226	0	-0.249992	0.00200026	0	-0.255902
7.14	0.985841	-0.122266	0	0.238157	0.984826	0	-0.249992	0.00200013	0	-0.254988
7.15	0.988122	-0.112405	0	0.218054	0.987216	0	-0.249992	0.002	0	-0.254152
7.16	0.990202	-0.102521	0	0.197971	0.989398	0	-0.249992	0.00199988	0	-0.253394
7.17	0.992082	-0.0926169	0	0.177905	0.991373	0	-0.249992	0.00199975	0	-0.252713
7.18	0.99376	-0.0826938	0	0.157854	0.993143	0	-0.249992	0.00199962	0	-0.25211
7.19	0.995239	-0.072754	0	0.137817	0.994709	0	-0.249992	0.00199949	0	-0.251583
7.2	0.996517	-0.0627996	0	0.117791	0.996072	0	-0.249992	0.00199937	0	-0.251132
7.21	0.997595	-0.0528326	0	0.0977748	0.997233	0	-0.249992	0.00199924	0	-0.250756
7.22	0.998472	-0.042855	0	0.0777657	0.998192	0	-0.249992	0.00199912	0	-0.250457
7.23	0.99915	-0.0328688	0	0.0577619	0.998951	0	-0.249992	0.00199899	0	-0.250232
7.24	0.999628	-0.022876	0	0.0377615	0.999508	0	-0.249992	0.00199887	0	-0.250083
7.25	0.999905	-0.0128786	0	0.0177625	0.999866	0	-0.249992	0.00199874	0	-0.250009
7.26	0.999983	-0.00287863	0	-0.00223712	1.00002	0	-0.249992	0.00199862	0	-0.25001
7.27	0.99986	0.00712189	0	-0.0222394	0.999981	0	-0.249992	0.00199849	0	-0.250086
7.28	0.999538	0.017121	0	-0.0422462	0.999739	0	-0.249992	0.00199837	0	-0.250237
7.29	0.999015	0.0271167	0	-0.0622597	0.999296	0	-0.249992	0.00199824	0	-0.250463
7.3	0.998293	0.0371069	0	-0.0822819	0.998652	0	-0.249992	0.00199812	0	-0.250764
7.31	0.99737	0.0470897	0	-0.102315	0.997806	0	-0.249992	0.00199799	0	-0.251141
7.32	0.996246	0.057063	0	-0.12236	0.996759	0	-0.249992	0.00199786	0	-0.251594
7.33	0.994923	0.0670249	0	-0.14242	0.995509	0	-0.249992	0.00199774	0	-0.252123
7.34	0.993398	0.0769732	0	-0.162497	0.994055	0	-0.249992	0.00199761	0	-0.252728
7.35	0.991673	0.086906	0	-0.182592	0.992396	0	-0.249992	0.00199748	0	-0.25341
7.36	0.989746	0.0968211	0	-0.202708	0.99053	0	-0.249992	0.00199735	0	-0.25417
7.37	0.987619	0.106717	0	-0.222847	0.988457	0	-0.249992	0.00199723	0	-0.255008
7.38	0.985289	0.11659	0	-0.243011	0.986175	0	-0.249992	0.0019971	0	-0.255924
7.39	0.982758	0.12644	0	-0.263201	0.983681	0	-0.249992	0.00199697	0	-0.25692
7.4	0.980025	0.136264	0	-0.28342	0.980975	0	-0.249992	0.00199683	0	-0.257995
7.41	0.97709	0.14606	0	-0.30367	0.978053	0	-0.249992	0.0019967	0	-0.259152
7.42	0.973952	0.155825	0	-0.323953	0.974915	0	-0.249992	0.00199657	0	-0.260389
7.43	0.970611	0.165558	0	-0.34427	0.971557	0	-0.249992	0.00199643	0	-0.26171
7.44	0.967066	0.175256	0	-0.364625	0.967976	0	-0.249992	0.0019963	0	-0.263114
7.45	0.963318	0.184917	0	-0.385018	0.964171	0	-0.249992	0.00199616	0	-0.264603
7.46	0.959366	0.194539	0	-0.405453	0.960138	0	-0.249992	0.00199602	0	-0.266178
7.47	0.955209	0.20412	0	-0.425931	0.955873	0	-0.249992	0.00199588	0	-0.267839
7.48	0.950848	0.213657	0	-0.446453	0.951375	0	-0.249992	0.00199574	0	-0.269589
7.49	0.94628	0.223148	0	-0.467023	0.946638	0	-0.249992	0.0019956	0	-0.271429
7.5	0.941507	0.23259	0	-0.487642	0.94166	0	-0.249992	0.00199545	0	-0.273361
7.51	0.936527	0.241981	0	-0.508312	0.936436	0	-0.249992	0.0019953	0	-0.275385
7.52	0.931341	0.251318	0	-0.529035	0.930963	0	-0.249993	0.00199516	0	-0.277504
7.53	0.925947	0.2606	0	-0.549813	0.925235	0	-0.249993	0.001995	0	-0.279719
7.54	0.920345	0.269823	0	-0.570649	0.919249	0	-0.249993	0.00199485	0	-0.282033
7.55	0.914534	0.278985	0	-0.591544	0.912999	0	-0.249993	0.00199469	0	-0.284447
7.56	0.908514	0.288083	0	-0.6125	0.90648	0	-0.249993	0.00199453	0	-0.286963
7.57	0.902284	0.297115	0	-0.633519	0.899686	0	-0.249993	0.00199437	0	-0.289584
7.58	0.895843	0.306077	0	-0.654603	0.892613	0	-0.249993	0.0019942	0	-0.292313
7.59	0.889192	0.314967	0	-0.675755	0.885253	0	-0.249993	0.00199404	0	-0.295151
7.6	0.882328	0.323782	0	-0.696975	0.877601	0	-0.249993	0.00199386	0	-0.298102
7.61	0.875252	0.332519	0	-0.718267	0.86965	0	-0.249993	0.00199369	0	-0.301167
7.62	0.867963	0.341175	0	-0.739631	0.861392	0	-0.249993	0.00199351	0	-0.304351
7.63	0.86046	0.349747	0	-0.761069	0.852822	0	-0.249993	0.00199332	0	-0.307657
7.64	0.852741	0.358231	0	-0.782584	0.84393	0	-0.249993	0.00199313	0	-0.311087
7.65	0.844808	0.366625	0	-0.804177	0.834708	0	-0.249993	0.00199294	0	-0.314646
7.66	0.836658	0.374926	0	-0.82585	0.825149	0	-0.249993	0.00199274	0	-0.318336
7.67	0.828291	0.383128	0	-0.847604	0.815244	0	-0.249993	0.00199254	0	-0.322163
7.68	0.819706	0.39123	0	-0.869441	0.804982	0	-0.249994	0.00199232	0	-0.32613
7.69	0.810902	0.399228	0	-0.891363	0.794354	0	-0.249994	0.00199211	0	-0.330241
7.7	0.801879	0.407117	0	-0.91337	0.78335	0	-0.249994	0.00199188	0	-0.334502
7.71	0.792635	0.414895	0	-0.935464	0.771958	0	-0.249994	0.00199165	0	-0.338916
7.72	0.783169	0.422557	0	-0.957646	0.760168	0	-0.249994	0.00199141	0	-0.34349
7.73	0.773482	0.430098	0	-0.979918	0.747967	0	-0.249994	0.00199117	0	-0.348229
7.74	0.763571	0.437516	0	-1.00228	0.735343	0	-0.249994	0.00199091	0	-0.353139
7.75	0.753436	0.444805	0	-1.02473	0.722283	0	-0.249994	0.00199065	0	-0.358226
7.76	0.743076	0.451962	0	-1.04728	0.708772	0	-0.249994	0.00199037	0	-0.363495
7.77	0.732491	0.458981	0	-1.06991	0.694796	0	-0.249995	0.00199009	0	-0.368955
7.78	0.721678	0.465858	0	-1.09264	0.68034	0	-0.249995	0.00198979	0	-0.374613
7.79	0.710638	0.472587	0	-1.11546	0.665386	0	-0.249995	0.00198948	0	-0.380476
7.8	0.699369	0.479165	0	-1.13837	0.649919	0	-0.249995	0.00198915	0	-0.386552
7.81	0.68787	0.485586	0	-1.16137	0.633921	0	-0.249995	0.00198881	0	-0.39285
7.82	0.676142	0.491844	0	-1.18446	0.617372	0	-0.249995	0.00198846	0	-0.39938
7.83	0.664181	0.497933	0	-1.20764	0.600252	0	-0.249996	0.00198808	0	-0.406151
7.84	0.651989	0.503849	0	-1.23091	0.582541	0	-0.249996	0.00198769	0	-0.413173
7.85	0.639563	0.509584	0	-1.25426	0.564216	0	-0.249996	0.00198728	0	-0.420457
7.86	0.626904	0.515133	0	-1.27769	0.545254	0	-0.249996	0.00198685	0	-0.428015
7.87	0.614009	0.520489	0	-1.30119	0.525631	0	-0.249997	0.00198639	0	-0.43586
7.88	0.60088	0.525646	0	-1.32478	0.505321	0	-0.249997	0.00198591	0	-0.444004
7.89	0.587514	0.530596	0	-1.34843	0.484295	0	-0.249997	0.0019854	0	-0.452462
7.9	0.573911	0.535332	0	-1.37214	0.462527	0	-0.249997	0.00198486	0	-0.461248
7.91	0.560071	0.539846	0	-1.39591	0.439984	0	-0.249998	0.00198428	0	-0.470378
7.92	0.545993	0.544131	0	-1.41973	0.416635	0	-0.249998	0.00198367	0	-0.47987
7.93	0.531676	0.548179	0	-1.44359	0.392446	0	-0.249998	0.00198302	0	-0.48974
7.94	0.517121	0.55198	0	-1.46748	0.367381	0	-0.249998	0.00198233	0	-0.500008
7.95	0.502327	0.555526	0	-1.49139	0.341402	0	-0.249999	0.00198159	0	-0.510696
7.96	0.487293	0.558808	0	-1.5153	0.314469	0	-0.249999	0.0019808	0	-0.521823
7.97	0.472021	0.561816	0	-1.5392	0.286539	0	-0.249999	0.00197995	0	-0.533414
7.98	0.456509	0.564539	0	-1.56308	0.257568	0	-0.25	0.00197904	0	-0.545493
7.99	0.440759	0.566967	0	-1.58691	0.227507	0	-0.25	0.00197806	0	-0.558087
8	0.424771	0.569089	0	-1.61067	0.196307	0	-0.250001	0.001977	0	-0.571224
8.01	0.408546	0.570893	0	-1.63434	0.163915	0	-0.250001	0.00197586	0	-0.584935
8.02	0.392085	0.572367	0	-1.65789	0.130274	0	-0.250001	0.00197464	0	-0.59925
8.03	0.375388	0.573499	0	-1.68129	0.0953257	0	-0.250002	0.00197331	0	-0.614206
8.04	0.358459	0.574274	0	-1.7045	0.0590062	0	-0.250002	0.00197186	0	-0.629839
8.05	0.341298	0.574679	0	-1.72748	0.0212496	0	-0.250003	0.0019703	0	-0.646188
8.06	0.323909	0.574699	0	-1.75019	-0.0180141	0	-0.250003	0.0019686	0	-0.663295
8.07	0.306294	0.574319	0	-1.77258	-0.0588589	0	-0.250004	0.00196675	0	-0.681206
8.08	0.288457	0.573522	0	-1.79459	-0.101363	0	-0.250004	0.00196473	0	-0.699968
8.09	0.270403	0.572291	0	-1.81616	-0.145607	0	-0.250004	0.00196253	0	-0.719633
8.1	0.252134	0.57061	0	-1.83721	-0.191679	0	-0.250005	0.00196012	0	-0.740255
8.11	0.233658	0.568458	0	-1.85766	-0.239668	0	-0.250005	0.00195748	0	-0.761893
8.12	0.214981	0.565816	0	-1.87742	-0.289669	0	-0.250005	0.0019546	0	-0.784608
8.13	0.19611	0.562664	0	-1.89638	-0.34178	0	-0.250005	0.00195144	0	-0.808466
8.14	0.177053	0.558981	0	-1.91443	-0.396105	0	-0.250005	0.00194797	0	-0.833538
8.15	0.157821	0.554742	0	-1.93144	-0.452748	0	-0.250005	0.00194416	0	-0.859896
8.16	0.138425	0.549926	0	-1.94726	-0.511818	0	-0.250005	0.00193999	0	-0.887617
8.17	0.118876	0.544506	0	-1.96172	-0.573427	0	-0.250004	0.0019354	0	-0.916783
8.18	0.0991903	0.538457	0	-1.97463	-0.637686	0	-0.250003	0.00193036	0	-0.947478
8.19	0.0793836	0.531752	0	-1.98578	-0.704708	0	-0.250002	0.00192484	0	-0.979789
8.2	0.0594747	0.524363	0	-1.99493	-0.774602	0	-0.250001	0.00191879	0	-1.0138
8.21	0.0394849	0.51626	0	-2.00182	-0.847474	0	-0.249998	0.00191217	0	-1.04961
8.22	0.0194382	0.507414	0	-2.00615	-0.923421	0	-0.249996	0.00190495	0	-1.08731
8.23	-0.000638182	0.497792	0	-2.00759	-1.00253	0	-0.249992	0.00189711	0	-1.12697
8.24	-0.0207135	0.487363	0	-2.00575	-1.08487	0	-0.249987	0.00188861	0	-1.16868
8.25	-0.0407532	0.476094	0	-2.00023	-1.1705	0	-0.249981	0.00187946	0	-1.21252
8.26	-0.0607181	0.463953	0	-1.99057	-1.25943	0	-0.249974	0.0018697	0	-1.25854
8.27	-0.0805646	0.450906	0	-1.97626	-1.35163	0	-0.249965	0.00185937	0	-1.30678
8.28	-0.100243	0.43692	0	-1.95675	-1.44706	0	-0.249954	0.00184859	0	-1.35726
8.29	-0.119699	0.421965	0	-1.93143	-1.54557	0	-0.24994	0.00183753	0	-1.40996
8.3	-0.138872	0.406009	0	-1.89967	-1.64696	0	-0.249924	0.00182645	0	-1.46481
8.31	-0.157693	0.389025	0	-1.86077	-1.75094	0	-0.249904	0.00181572	0	-1.52169
8.32	-0.176087	0.37099	0	-1.81403	-1.85711	0	-0.24988	0.00180583	0	-1.58043
8.33	-0.193973	0.351883	0	-1.7587	-1.96492	0	-0.249853	0.00179743	0	-1.64074
8.34	-0.211261	0.331692	0	-1.69406	-2.0737	0	-0.249821	0.00179136	0	-1.70226
8.35	-0.227855	0.310409	0	-1.61942	-2.18261	0	-0.249784	0.00178863	0	-1.76451
8.36	-0.24365	0.288039	0	-1.53413	-2.29062	0	-0.249743	0.00179044	0	-1.82688
8.37	-0.258537	0.264597	0	-1.43769	-2.39653	0	-0.249697	0.00179814	0	-1.88863
8.38	-0.272404	0.240109	0	-1.32973	-2.49894	0	-0.249647	0.00181319	0	-1.94888
8.39	-0.285132	0.214618	0	-1.2101	-2.59631	0	-0.249594	0.00183699	0	-2.00662
8.4	-0.296606	0.188183	0	-1.07894	-2.68694	0	-0.24954	0.00187082	0	-2.06074
8.41	-0.306711	0.160879	0	-0.936678	-2.76909	0	-0.249487	0.00191559	0	-2.11006
8.42	-0.315339	0.132801	0	-0.784133	-2.84096	0	-0.249436	0.00197165	0	-2.15336
8.43	-0.322393	0.10406	0	-0.622492	-2.90088	0	-0.249392	0.00203865	0	-2.18947
8.44	-0.327789	0.0747835	0	-0.453321	-2.94732	0	-0.249355	0.00211536	0	-2.21734
8.45	-0.33146	0.0451135	0	-0.278523	-2.97905	0	-0.24933	0.00219972	0	-2.2361
8.46	-0.33336	0.0152025	0	-0.100269	-2.99519	0	-0.249317	0.00228892	0	-2.24514
8.47	-0.333465	-0.0147903	0	0.0791013	-2.99531	0	-0.249317	0.00237964	0	-2.24417
8.48	-0.331778	-0.0447036	0	0.257193	-2.97941	0	-0.249331	0.00246841	0	-2.23321
8.49	-0.328321	-0.0743786	0	0.431679	-2.948	0	-0.249357	0.00255199	0	-2.21263
8.5	-0.323144	-0.103664	0	0.600418	-2.90198	0	-0.249394	0.00262766	0	-2.18309
8.51	-0.316313	-0.132418	0	0.761543	-2.84262	0	-0.249439	0.00269345	0	-2.1455
8.52	-0.307913	-0.160516	0	0.913531	-2.77144	0	-0.249489	0.00274828	0	-2.10094
8.53	-0.298042	-0.187847	0	1.05523	-2.69015	0	-0.249542	0.00279187	0	-2.0506
8.54	-0.286808	-0.214319	0	1.18588	-2.60049	0	-0.249595	0.00282468	0	-1.99568
8.55	-0.274325	-0.239857	0	1.30507	-2.50422	0	-0.249647	0.00284765	0	-1.93737
8.56	-0.260707	-0.264403	0	1.41269	-2.40301	0	-0.249696	0.00286207	0	-1.87676
8.57	-0.246071	-0.287917	0	1.5089	-2.29837	0	-0.249741	0.00286937	0	-1.81482
8.58	-0.230529	-0.310371	0	1.59408	-2.19167	0	-0.249782	0.00287095	0	-1.75242
8.59	-0.214189	-0.33175	0	1.66876	-2.08408	0	-0.249817	0.00286815	0	-1.69027
8.6	-0.197154	-0.352053	0	1.73355	-1.97662	0	-0.249849	0.00286214	0	-1.62895
8.61	-0.179518	-0.371283	0	1.78916	-1.87009	0	-0.249876	0.00285389	0	-1.56892
8.62	-0.161371	-0.389454	0	1.83629	-1.76518	0	-0.249898	0.00284422	0	-1.51052
8.63	-0.142792	-0.406586	0	1.87568	-1.66238	0	-0.249918	0.00283374	0	-1.45402
8.64	-0.123857	-0.422702	0	1.90801	-1.56212	0	-0.249934	0.00282294	0	-1.39958
8.65	-0.104632	-0.437829	0	1.93398	-1.46466	0	-0.249947	0.00281216	0	-1.34731
8.66	-0.0851776	-0.451995	0	1.9542	-1.37021	0	-0.249958	0.00280166	0	-1.29726
8.67	-0.0655481	-0.465233	0	1.96927	-1.2789	0	-0.249967	0.0027916	0	-1.24945
8.68	-0.0457922	-0.477573	0	1.97974	-1.19079	0	-0.249974	0.00278208	0	-1.20386
8.69	-0.0259533	-0.489049	0	1.9861	-1.10591	0	-0.24998	0.00277317	0	-1.16044
8.7	-0.00607022	-0.499691	0	1.98879	-1.02423	0	-0.249985	0.00276488	0	-1.11913
8.71	0.0138226	-0.509533	0	1.98824	-0.945717	0	-0.249988	0.00275723	0	-1.07985
8.72	0.0336945	-0.518606	0	1.98479	-0.870295	0	-0.249991	0.00275018	0	-1.04253
8.73	0.0535184	-0.526939	0	1.97879	-0.797883	0	-0.249993	0.00274371	0	-1.00708
8.74	0.0732703	-0.534563	0	1.97052	-0.728388	0	-0.249995	0.0027378	0	-0.973399
8.75	0.0929288	-0.541507	0	1.96025	-0.661707	0	-0.249996	0.00273239	0	-0.941409
8.76	0.112475	-0.547798	0	1.94822	-0.597734	0	-0.249997	0.00272746	0	-0.911017
8.77	0.131893	-0.553462	0	1.93463	-0.536361	0	-0.249998	0.00272297	0	-0.882137
8.78	0.151168	-0.558525	0	1.91966	-0.47748	0	-0.249998	0.00271887	0	-0.854686
8.79	0.170287	-0.563011	0	1.90349	-0.420984	0	-0.249998	0.00271514	0	-0.828583
8.8	0.189238	-0.566944	0	1.88626	-0.366765	0	-0.249998	0.00271173	0	-0.803752
8.81	0.208012	-0.570347	0	1.8681	-0.314723	0	-0.249998	0.00270862	0	-0.780121
8.82	0.2266	-0.573239	0	1.84913	-0.264757	0	-0.249998	0.00270578	0	-0.757619
8.83	0.244994	-0.575642	0	1.82945	-0.216771	0	-0.249998	0.00270319	0	-0.736183
8.84	0.263189	-0.577574	0	1.80915	-0.170673	0	-0.249997	0.00270082	0	-0.71575
8.85	0.281177	-0.579055	0	1.78832	-0.126376	0	-0.249997	0.00269865	0	-0.696265
8.86	0.298955	-0.580102	0	1.76702	-0.0837953	0	-0.249997	0.00269666	0	-0.677671
8.87	0.316518	-0.580731	0	1.74532	-0.0428509	0	-0.249996	0.00269483	0	-0.65992
8.88	0.333862	-0.580959	0	1.72328	-0.00346681	0	-0.249996	0.00269315	0	-0.642963
8.89	0.350983	-0.5808	0	1.70096	0.0344291	0	-0.249995	0.0026916	0	-0.626756
8.9	0.367881	-0.58027	0	1.67838	0.0709054	0	-0.249995	0.00269017	0	-0.611257
8.91	0.384551	-0.579382	0	1.6556	0.106027	0	-0.249995	0.00268885	0	-0.596428
8.92	0.400993	-0.57815	0	1.63266	0.139855	0	-0.249994	0.00268764	0	-0.582233
8.93	0.417204	-0.576585	0	1.60957	0.172449	0	-0.249994	0.00268651	0	-0.568636
8.94	0.433184	-0.574701	0	1.58637	0.203862	0	-0.249994	0.00268546	0	-0.555606
8.95	0.448932	-0.572508	0	1.56309	0.234147	0	-0.249993	0.00268449	0	-0.543114
8.96	0.464446	-0.570018	0	1.53975	0.263354	0	-0.249993	0.00268358	0	-0.531131
8.97	0.479727	-0.567241	0	1.51637	0.291528	0	-0.249993	0.00268274	0	-0.519632
8.98	0.494773	-0.564187	0	1.49296	0.318715	0	-0.249992	0.00268195	0	-0.508592
8.99	0.509586	-0.560867	0	1.46954	0.344955	0	-0.249992	0.00268121	0	-0.497987
9	0.524164	-0.557288	0	1.44612	0.370289	0	-0.249992	0.00268052	0	-0.487797
9.01	0.538508	-0.553461	0	1.42272	0.394753	0	-0.249991	0.00267988	0	-0.478002
9.02	0.552619	-0.549393	0	1.39935	0.418383	0	-0.249991	0.00267927	0	-0.468582
9.03	0.566495	-0.545093	0	1.37601	0.441212	0	-0.249991	0.00267869	0	-0.45952
9.04	0.580139	-0.540569	0	1.35272	0.463273	0	-0.24999	0.00267815	0	-0.450798
9.05	0.59355	-0.535828	0	1.32947	0.484595	0	-0.24999	0.00267765	0	-0.442402
9.06	0.606728	-0.530877	0	1.30629	0.505206	0	-0.24999	0.00267716	0	-0.434317
9.07	0.619676	-0.525724	0	1.28316	0.525134	0	-0.24999	0.00267671	0	-0.426529
9.08	0.632392	-0.520374	0	1.2601	0.544404	0	-0.24999	0.00267627	0	-0.419025
9.09	0.644878	-0.514835	0	1.23711	0.56304	0	-0.249989	0.00267586	0	-0.411792
9.1	0.657134	-0.509113	0	1.21419	0.581066	0	-0.249989	0.00267547	0	-0.40482
9.11	0.669161	-0.503214	0	1.19135	0.598503	0	-0.249989	0.0026751	0	-0.398097
9.12	0.680961	-0.497143	0	1.16859	0.615371	0	-0.249989	0.00267474	0	-0.391612
9.13	0.692533	-0.490907	0	1.14591	0.631691	0	-0.249989	0.0026744	0	-0.385358
9.14	0.703879	-0.48451	0	1.1233	0.647482	0	-0.249989	0.00267408	0	-0.379324
9.15	0.714999	-0.477957	0	1.10078	0.66276	0	-0.249988	0.00267377	0	-0.373501
9.16	0.725895	-0.471254	0	1.07834	0.677543	0	-0.249988	0.00267347	0	-0.367883
9.17	0.736566	-0.464406	0	1.05599	0.691848	0	-0.249988	0.00267318	0	-0.36246
9.18	0.747014	-0.457417	0	1.03372	0.705688	0	-0.249988	0.00267291	0	-0.357226
9.19	0.757241	-0.450292	0	1.01153	0.719079	0	-0.249988	0.00267264	0	-0.352174
9.2	0.767245	-0.443036	0	0.989423	0.732035	0	-0.249988	0.00267239	0	-0.347298
9.21	0.777029	-0.435652	0	0.967399	0.744568	0	-0.249988	0.00267214	0	-0.342592
9.22	0.786593	-0.428144	0	0.945456	0.756691	0	-0.249988	0.0026719	0	-0.338049
9.23	0.795938	-0.420518	0	0.923594	0.768417	0	-0.249987	0.00267167	0	-0.333664
9.24	0.805065	-0.412776	0	0.901812	0.779755	0	-0.249987	0.00267144	0	-0.329433
9.25	0.813974	-0.404923	0	0.880107	0.790718	0	-0.249987	0.00267123	0	-0.32535
9.26	0.822667	-0.396962	0	0.85848	0.801316	0	-0.249987	0.00267102	0	-0.321411
9.27	0.831144	-0.388897	0	0.83693	0.811557	0	-0.249987	0.00267081	0	-0.317611
9.28	0.839406	-0.380731	0	0.815453	0.821453	0	-0.249987	0.00267061	0	-0.313946
9.29	0.847453	-0.372467	0	0.79405	0.83101	0	-0.249987	0.00267042	0	-0.310413
9.3	0.855287	-0.36411	0	0.772718	0.840239	0	-0.249987	0.00267023	0	-0.307007
9.31	0.862907	-0.355663	0	0.751457	0.849147	0	-0.249987	0.00267004	0	-0.303725
9.32	0.870316	-0.347127	0	0.730264	0.857741	0	-0.249987	0.00266986	0	-0.300564
9.33	0.877513	-0.338508	0	0.709137	0.866029	0	-0.249987	0.00266968	0	-0.297521
9.34	0.884499	-0.329807	0	0.688075	0.874018	0	-0.249987	0.00266951	0	-0.294592
9.35	0.891274	-0.321028	0	0.667077	0.881715	0	-0.249987	0.00266934	0	-0.291776
9.36	0.89784	-0.312173	0	0.64614	0.889126	0	-0.249986	0.00266918	0	-0.289068
9.37	0.904197	-0.303245	0	0.625263	0.896256	0	-0.249986	0.00266901	0	-0.286467
9.38	0.910345	-0.294247	0	0.604443	0.903112	0	-0.249986	0.00266885	0	-0.283971
9.39	0.916286	-0.285183	0	0.583679	0.9097	0	-0.249986	0.0026687	0	-0.281577
9.4	0.922019	-0.276053	0	0.562969	0.916023	0	-0.249986	0.00266854	0	-0.279282
9.41	0.927545	-0.266862	0	0.542311	0.922087	0	-0.249986	0.00266839	0	-0.277086
9.42	0.932865	-0.257612	0	0.521703	0.927898	0	-0.249986	0.00266824	0	-0.274985
9.43	0.937979	-0.248304	0	0.501143	0.933458	0	-0.249986	0.00266809	0	-0.272979
9.44	0.942888	-0.238943	0	0.480629	0.938772	0	-0.249986	0.00266795	0	-0.271066
9.45	0.947592	-0.229529	0	0.46016	0.943845	0	-0.249986	0.0026678	0	-0.269243
9.46	0.952091	-0.220066	0	0.439733	0.94868	0	-0.249986	0.00266766	0	-0.267511
9.47	0.956386	-0.210555	0	0.419346	0.95328	0	-0.249986	0.00266752	0	-0.265866
9.48	0.960478	-0.201	0	0.398998	0.95765	0	-0.249986	0.00266738	0	-0.264308
9.49	0.964366	-0.191402	0	0.378686	0.961791	0	-0.249986	0.00266724	0	-0.262836
9.5	0.968052	-0.181764	0	0.358408	0.965707	0	-0.249986	0.00266711	0	-0.261448
9.51	0.971535	-0.172088	0	0.338163	0.969401	0	-0.249986	0.00266697	0	-0.260143
9.52	0.974815	-0.162376	0	0.317948	0.972875	0	-0.249986	0.00266684	0	-0.258921
9.53	0.977894	-0.152631	0	0.297761	0.976131	0	-0.249986	0.00266671	0	-0.257781
9.54	0.98077	-0.142854	0	0.277601	0.979173	0	-0.249986	0.00266658	0	-0.256721
9.55	0.983446	-0.133047	0	0.257465	0.982001	0	-0.249986	0.00266645	0	-0.255741
9.56	0.98592	-0.123214	0	0.237352	0.984619	0	-0.249986	0.00266632	0	-0.25484
9.57	0.988193	-0.113355	0	0.217259	0.987027	0	-0.249986	0.00266619	0	-0.254017
9.58	0.990265	-0.103473	0	0.197185	0.989227	0	-0.249986	0.00266606	0	-0.253272
9.59	0.992136	-0.0935703	0	0.177127	0.991221	0	-0.249986	0.00266593	0	-0.252605
9.6	0.993807	-0.0836486	0	0.157083	0.99301	0	-0.249986	0.0026658	0	-0.252014
9.61	0.995278	-0.0737101	0	0.137052	0.994594	0	-0.249986	0.00266568	0	-0.2515
9.62	0.996548	-0.0637567	0	0.117032	0.995976	0	-0.249986	0.00266555	0	-0.251062
9.63	0.997619	-0.0537906	0	0.0970198	0.997156	0	-0.249986	0.00266543	0	-0.2507
9.64	0.998489	-0.0438136	0	0.0770143	0.998134	0	-0.249986	0.0026653	0	-0.250413
9.65	0.999159	-0.0338279	0	0.0570133	0.998912	0	-0.249986	0.00266517	0	-0.250202
9.66	0.999629	-0.0238354	0	0.0370147	0.999489	0	-0.249986	0.00266505	0	-0.250065
9.67	0.999899	-0.0138381	0	0.0170167	0.999865	0	-0.249986	0.00266492	0	-0.250004
9.68	0.999969	-0.00383809	0	-0.00298284	1.00004	0	-0.249986	0.0026648	0	-0.250017
9.69	0.99984	0.00616271	0	-0.0229859	1.00002	0	-0.249986	0.00266467	0	-0.250106
9.7	0.99951	0.0161623	0	-0.0429944	0.999795	0	-0.249986	0.00266455	0	-0.25027
9.71	0.99898	0.0261586	0	-0.0630104	0.999371	0	-0.249986	0.00266442	0	-0.250509
9.72	0.998249	0.0361497	0	-0.083036	0.998747	0	-0.249986	0.0026643	0	-0.250823
9.73	0.997319	0.0461336	0	-0.103073	0.99792	0	-0.249986	0.00266417	0	-0.251213
9.74	0.996188	0.0561081	0	-0.123124	0.996892	0	-0.249986	0.00266405	0	-0.251679
9.75	0.994856	0.0660714	0	-0.14319	0.99566	0	-0.249986	0.00266392	0	-0.252221
9.76	0.993324	0.0760213	0	-0.163273	0.994225	0	-0.249986	0.00266379	0	-0.252839
9.77	0.991591	0.0859559	0	-0.183377	0.992584	0	-0.249986	0.00266367	0	-0.253535
9.78	0.989657	0.095873	0	-0.203501	0.990737	0	-0.249986	0.00266354	0	-0.254308
9.79	0.987521	0.105771	0	-0.22365	0.988682	0	-0.249986	0.00266341	0	-0.255159
9.8	0.985184	0.115647	0	-0.243824	0.986418	0	-0.249986	0.00266328	0	-0.256088
9.81	0.982644	0.125499	0	-0.264026	0.983942	0	-0.249986	0.00266315	0	-0.257097
9.82	0.979903	0.135326	0	-0.284257	0.981253	0	-0.249986	0.00266302	0	-0.258187
9.83	0.976959	0.145124	0	-0.30452	0.978349	0	-0.249986	0.00266288	0	-0.259357
9.84	0.973813	0.154892	0	-0.324817	0.975227	0	-0.249986	0.00266275	0	-0.260609
9.85	0.970463	0.164629	0	-0.34515	0.971885	0	-0.249986	0.00266262	0	-0.261944
9.86	0.96691	0.17433	0	-0.365521	0.968321	0	-0.249986	0.00266248	0	-0.263362
9.87	0.963153	0.183995	0	-0.385931	0.964531	0	-0.249986	0.00266234	0	-0.264865
9.88	0.959191	0.193621	0	-0.406384	0.960513	0	-0.249986	0.0026622	0	-0.266455
9.89	0.955025	0.203205	0	-0.42688	0.956264	0	-0.249986	0.00266206	0	-0.268131
9.9	0.950654	0.212746	0	-0.447423	0.95178	0	-0.249986	0.00266192	0	-0.269897
9.91	0.946076	0.222241	0	-0.468013	0.947057	0	-0.249986	0.00266178	0	-0.271752
9.92	0.941293	0.231687	0	-0.488654	0.942092	0	-0.249986	0.00266163	0	-0.273699
9.93	0.936303	0.241083	0	-0.509347	0.936881	0	-0.249986	0.00266149	0	-0.27574
9.94	0.931106	0.250425	0	-0.530094	0.93142	0	-0.249986	0.00266134	0	-0.277875
9.95	0.925702	0.259711	0	-0.550897	0.925704	0	-0.249986	0.00266118	0	-0.280107
9.96	0.920088	0.268939	0	-0.571759	0.919729	0	-0.249986	0.00266103	0	-0.282437
9.97	0.914266	0.278106	0	-0.592681	0.913489	0	-0.249986	0.00266087	0	-0.284868
9.98	0.908235	0.287209	0	-0.613665	0.906979	0	-0.249987	0.00266071	0	-0.287403
9.99	0.901993	0.296245	0	-0.634713	0.900195	0	-0.249987	0.00266055	0	-0.290042
10	0.89554	0.305213	0	-0.655828	0.893129	0	-0.249987	0.00266038	0	-0.292789
