0.01	0.9999	0.01	9.88131e-324	-0.019996	1	9.7825e-322	-0.24995	-7.49656e-07	0	-0.250062
0.02	0.9996	0.02	4.94066e-323	-0.0399681	1	6.80822e-321	-0.2498	-5.98895e-06	2.47033e-323	-0.25025
0.03	0.999101	0.03	1.18576e-322	-0.0598925	1	6.80822e-321	-0.24955	-2.01663e-05	2.47033e-323	-0.25056
0.04	0.998403	0.04	1.87745e-322	-0.0797462	1	6.81317e-321	-0.249201	-4.7649e-05	2.47033e-323	-0.250994
0.05	0.997506	0.05	2.86558e-322	-0.0995066	1	1.26431e-320	-0.248753	-9.26849e-05	8.39912e-323	-0.251547
0.06	0.996413	0.06	4.15015e-322	-0.119152	1	1.26431e-320	-0.248205	-0.000159368	7.90505e-323	-0.252218
0.07	0.995124	0.07	5.43472e-322	-0.138663	1	1.26481e-320	-0.24756	-0.000251605	7.90505e-323	-0.253004
0.08	0.99364	0.08	7.01573e-322	-0.15802	1	1.84781e-320	-0.246817	-0.000373094	1.82804e-322	-0.2539
0.09	0.991964	0.09	8.84378e-322	-0.177205	1	1.84781e-320	-0.245977	-0.000527296	1.82804e-322	-0.254905
0.1	0.990097	0.1	1.06718e-321	-0.196202	1	1.8483e-320	-0.24504	-0.000717419	1.72923e-322	-0.256012
0.11	0.98804	0.11	1.27963e-321	-0.214997	1	2.4313e-320	-0.244007	-0.00094641	3.11261e-322	-0.257219
0.12	0.985797	0.12	1.52172e-321	-0.233576	1	2.4313e-320	-0.24288	-0.00121694	3.06321e-322	-0.25852
0.13	0.98337	0.13	1.76381e-321	-0.25193	1	2.43179e-320	-0.241657	-0.00153141	3.0138e-322	-0.25991
0.14	0.98076	0.14	2.03555e-321	-0.270047	1	3.01479e-320	-0.240341	-0.00189193	4.64422e-322	-0.261386
0.15	0.97797	0.15	2.33693e-321	-0.287919	1	3.01479e-320	-0.238931	-0.00230036	4.39718e-322	-0.262941
0.16	0.975002	0.16	2.63831e-321	-0.305541	1	3.01528e-320	-0.237428	-0.00275827	4.29837e-322	-0.264573
0.17	0.97186	0.17	2.96933e-321	-0.322906	1	3.59828e-320	-0.235833	-0.00326698	6.07701e-322	-0.266274
0.18	0.968545	0.18	3.33e-321	-0.34001	1	3.59828e-320	-0.234146	-0.00382757	5.78057e-322	-0.268042
0.19	0.96506	0.19	3.69067e-321	-0.356851	1	3.59877e-320	-0.232367	-0.00444087	5.53354e-322	-0.269871
0.2	0.961409	0.2	4.08098e-321	-0.373427	1	4.18177e-320	-0.230497	-0.00510747	7.46039e-322	-0.271756
0.21	0.957593	0.21	4.50094e-321	-0.389738	1	4.18177e-320	-0.228535	-0.00582778	7.06514e-322	-0.273694
0.22	0.953615	0.22	4.92089e-321	-0.405782	1	4.18227e-320	-0.226481	-0.00660197	6.66989e-322	-0.275681
0.23	0.949478	0.23	5.37049e-321	-0.421563	1	4.76526e-320	-0.224336	-0.00743003	8.59674e-322	-0.277711
0.24	0.945184	0.24	5.8448e-321	-0.43708	1	4.76526e-320	-0.2221	-0.00831178	8.10268e-322	-0.279781
0.25	0.940737	0.25	6.3191e-321	-0.452337	1	4.76576e-320	-0.219772	-0.00924685	7.46039e-322	-0.281888
0.26	0.936139	0.26	6.82305e-321	-0.467335	1	5.34875e-320	-0.217353	-0.0102347	9.43665e-322	-0.284027
0.27	0.931391	0.27	7.35664e-321	-0.48208	1	5.34875e-320	-0.214841	-0.0112747	8.69556e-322	-0.286195
0.28	0.926498	0.28	7.89023e-321	-0.496574	1	5.34925e-320	-0.212236	-0.012366	7.95446e-322	-0.288389
0.29	0.921461	0.29	8.45346e-321	-0.510821	1	5.93225e-320	-0.209538	-0.0135076	9.73309e-322	-0.290604
0.3	0.916282	0.3	9.04634e-321	-0.524825	1	5.93225e-320	-0.206747	-0.0146984	8.74496e-322	-0.292839
0.31	0.910965	0.31	9.63922e-321	-0.538592	1	5.93274e-320	-0.203861	-0.0159372	7.80624e-322	-0.295089
0.32	0.905511	0.32	1.02617e-320	-0.552125	1	6.51574e-320	-0.200881	-0.0172227	9.38725e-322	-0.297352
0.33	0.899923	0.33	1.09139e-320	-0.56543	1	6.51574e-320	-0.197805	-0.0185533	8.20149e-322	-0.299625
0.34	0.894203	0.34	1.15661e-320	-0.578511	1	6.51623e-320	-0.194632	-0.0199276	7.01573e-322	-0.301905
0.35	0.888354	0.35	1.22479e-320	-0.591373	1	7.09923e-320	-0.191363	-0.0213438	8.3003e-322	-0.304189
0.36	0.882376	0.36	1.29593e-320	-0.604021	1	7.09923e-320	-0.187996	-0.0228001	6.91692e-322	-0.306474
0.37	0.876274	0.37	1.36708e-320	-0.616461	1	7.09972e-320	-0.18453	-0.0242945	5.53354e-322	-0.308758
0.38	0.870048	0.38	1.44119e-320	-0.628696	1	7.68272e-320	-0.180965	-0.0258252	6.47226e-322	-0.311037
0.39	0.863701	0.39	1.51826e-320	-0.640733	1	7.68272e-320	-0.1773	-0.0273899	4.84184e-322	-0.313311
0.4	0.857234	0.4	1.59534e-320	-0.652575	1	7.68321e-320	-0.173534	-0.0289864	3.21143e-322	-0.315575
0.41	0.85065	0.41	1.67488e-320	-0.664228	1	8.26621e-320	-0.169666	-0.0306125	3.70549e-322	-0.317827
0.42	0.84395	0.42	1.75739e-320	-0.675696	1	8.26621e-320	-0.165696	-0.0322656	1.82804e-322	-0.320066
0.43	0.837136	0.43	1.8399e-320	-0.686984	1	8.26671e-320	-0.161623	-0.0339433	-9.88131e-324	-0.322287
0.44	0.830211	0.44	1.92537e-320	-0.698096	1	8.8497e-320	-0.157446	-0.0356429	4.94066e-324	-0.32449
0.45	0.823175	0.45	2.01381e-320	-0.709037	1	8.8497e-320	-0.153164	-0.0373618	-2.07508e-322	-0.326671
0.46	0.816031	0.46	2.10225e-320	-0.719811	1	8.8502e-320	-0.148777	-0.0390971	-4.29837e-322	-0.328828
0.47	0.808779	0.47	2.19365e-320	-0.730423	1	9.4332e-320	-0.144285	-0.040846	-4.69362e-322	-0.330959
0.48	0.801423	0.48	2.28802e-320	-0.740876	1	9.4332e-320	-0.139687	-0.0426054	-7.06514e-322	-0.333061
0.49	0.793962	0.49	2.38238e-320	-0.751175	1	9.43369e-320	-0.134983	-0.0443723	-9.43665e-322	-0.335132
0.5	0.7864	0.5	2.47972e-320	-0.761323	1	1.00167e-319	-0.130171	-0.0461436	-1.04248e-321	-0.33717
0.51	0.778736	0.51	2.58001e-320	-0.771324	1	1.00167e-319	-0.125254	-0.047916	-1.30433e-321	-0.339172
0.52	0.770974	0.52	2.68031e-320	-0.781182	1	1.00172e-319	-0.120229	-0.0496862	-1.55631e-321	-0.341136
0.53	0.763113	0.53	2.78357e-320	-0.790901	1	1.06002e-319	-0.115097	-0.051451	-1.71441e-321	-0.34306
0.54	0.755156	0.54	2.88979e-320	-0.800484	1	1.06002e-319	-0.109859	-0.0532068	-2.00097e-321	-0.344942
0.55	0.747104	0.55	2.99601e-320	-0.809934	1	1.06007e-319	-0.104514	-0.0549502	-2.28258e-321	-0.346779
0.56	0.738958	0.56	3.10471e-320	-0.819255	1	1.11837e-319	-0.0990632	-0.0566777	-2.49997e-321	-0.348569
0.57	0.730719	0.57	3.21637e-320	-0.828451	1	1.11837e-319	-0.0935069	-0.0583857	-2.80135e-321	-0.35031
0.58	0.722389	0.58	3.32803e-320	-0.837523	1	1.11842e-319	-0.0878458	-0.0600706	-3.10767e-321	-0.352
0.59	0.713969	0.59	3.44265e-320	-0.846475	1	1.17672e-319	-0.0820807	-0.0617288	-3.39423e-321	-0.353637
0.6	0.70546	0.6	3.56024e-320	-0.85531	1	1.17672e-319	-0.0762125	-0.0633566	-3.70549e-321	-0.35522
0.61	0.696863	0.61	3.67782e-320	-0.864031	1	1.17677e-319	-0.0702424	-0.0649504	-4.02664e-321	-0.356745
0.62	0.68818	0.62	3.79838e-320	-0.87264	1	1.23507e-319	-0.0641715	-0.0665065	-4.37248e-321	-0.358212
0.63	0.679411	0.63	3.92189e-320	-0.881141	1	1.23507e-319	-0.0580014	-0.0680212	-4.71339e-321	-0.359618
0.64	0.670558	0.64	4.04541e-320	-0.889536	1	1.23511e-319	-0.0517336	-0.0694909	-5.04935e-321	-0.360962
0.65	0.661621	0.65	4.17189e-320	-0.897827	1	1.29341e-319	-0.0453698	-0.070912	-5.46437e-321	-0.362243
0.66	0.652601	0.66	4.30134e-320	-0.906016	1	1.29341e-319	-0.0389119	-0.0722809	-5.81021e-321	-0.363458
0.67	0.643501	0.67	4.43078e-320	-0.914107	1	1.29346e-319	-0.032362	-0.0735941	-6.161e-321	-0.364606
0.68	0.63432	0.68	4.56319e-320	-0.922101	1	1.35176e-319	-0.0257223	-0.0748481	-6.64024e-321	-0.365687
0.69	0.625059	0.69	4.69856e-320	-0.930001	1	1.35176e-319	-0.0189951	-0.0760394	-7.00091e-321	-0.366698
0.7	0.61572	0.7	4.83394e-320	-0.937808	1	1.35181e-319	-0.0121829	-0.0771648	-7.3517e-321	-0.367639
0.71	0.606303	0.71	4.97228e-320	-0.945525	1	1.41011e-319	-0.00528832	-0.0782209	-7.90505e-321	-0.368509
0.72	0.59681	0.72	5.11309e-320	-0.953154	1	1.41011e-319	0.00168577	-0.0792047	-8.27066e-321	-0.369306
0.73	0.58724	0.73	5.25389e-320	-0.960697	1	1.41016e-319	0.00873649	-0.080113	-8.62639e-321	-0.37003
0.74	0.577596	0.74	5.39767e-320	-0.968156	1	1.46846e-319	0.0158608	-0.0809429	-9.23903e-321	-0.370681
0.75	0.567877	0.75	5.5444e-320	-0.975532	1	1.46846e-319	0.0230555	-0.0816916	-9.61452e-321	-0.371257
0.76	0.558086	0.76	5.69114e-320	-0.982827	1	1.46851e-319	0.0303174	-0.0823564	-9.97519e-321	-0.371758
0.77	0.548221	0.77	5.84084e-320	-0.990044	1	1.52681e-319	0.037643	-0.0829348	-1.06619e-320	-0.372185
0.78	0.538285	0.78	5.99351e-320	-0.997183	1	1.52681e-319	0.0450288	-0.0834242	-1.10275e-320	-0.372536
0.79	0.528278	0.79	6.14618e-320	-1.00425	1	1.52686e-319	0.0524714	-0.0838225	-1.13833e-320	-0.372813
0.8	0.5182	0.8	6.30181e-320	-1.01124	1	1.58516e-319	0.059967	-0.0841276	-1.21293e-320	-0.373014
0.81	0.508053	0.81	6.4604e-320	-1.01815	1	1.58516e-319	0.0675119	-0.0843374	-1.249e-320	-0.37314
0.82	0.497837	0.82	6.619e-320	-1.025	1	1.58521e-319	0.0751024	-0.0844503	-1.28358e-320	-0.373191
0.83	0.487554	0.83	6.78056e-320	-1.03177	1	1.64351e-319	0.0827347	-0.0844645	-1.36609e-320	-0.373169
0.84	0.477202	0.84	6.94508e-320	-1.03848	1	1.64351e-319	0.0904048	-0.0843787	-1.40117e-320	-0.373073
0.85	0.466784	0.85	7.1096e-320	-1.04512	1	1.64356e-319	0.098109	-0.0841915	-1.43526e-320	-0.372904
0.86	0.4563	0.86	7.27709e-320	-1.0517	1	1.70186e-319	0.105843	-0.0839018	-1.5232e-320	-0.372663
0.87	0.44575	0.87	7.44705e-320	-1.05821	1	1.70186e-319	0.113604	-0.0835088	-1.5568e-320	-0.372351
0.88	0.435136	0.88	7.61701e-320	-1.06466	1	1.70191e-319	0.121387	-0.0830116	-1.58941e-320	-0.371968
0.89	0.424457	0.89	7.78993e-320	-1.07105	1	1.76021e-319	0.129188	-0.0824097	-1.68476e-320	-0.371517
0.9	0.413715	0.9	7.96582e-320	-1.07737	1	1.76021e-319	0.137004	-0.0817026	-1.71737e-320	-0.370997
0.91	0.40291	0.91	8.14171e-320	-1.08364	1	1.76026e-319	0.144831	-0.0808901	-1.7485e-320	-0.370411
0.92	0.392043	0.92	8.32056e-320	-1.08985	1	1.81856e-319	0.152665	-0.0799721	-1.84978e-320	-0.36976
0.93	0.381113	0.93	8.50238e-320	-1.096	1	1.81856e-319	0.160502	-0.0789487	-1.87992e-320	-0.369045
0.94	0.370123	0.94	8.68419e-320	-1.1021	1	1.81861e-319	0.168339	-0.07782	-1.90907e-320	-0.368268
0.95	0.359071	0.95	8.86897e-320	-1.10814	1	1.87691e-319	0.176172	-0.0765866	-2.01678e-320	-0.36743
0.96	0.34796	0.96	9.05672e-320	-1.11413	1	1.87691e-319	0.183998	-0.0752488	-2.04543e-320	-0.366533
0.97	0.336789	0.97	9.24446e-320	-1.12006	1	1.87696e-319	0.191814	-0.0738073	-2.07261e-320	-0.365579
0.98	0.325559	0.98	9.43517e-320	-1.12594	1	1.93526e-319	0.199615	-0.072263	-2.18673e-320	-0.364569
0.99	0.31427	0.99	9.62885e-320	-1.13178	1	1.93526e-319	0.207399	-0.0706167	-2.21292e-320	-0.363505
1	0.302924	1	9.82252e-320	-1.13756	1	1.9353e-319	0.215163	-0.0688695	-2.23812e-320	-0.36239
1.01	0.291519	1.01	1.00192e-319	-1.14329	1	1.9936e-319	0.222904	-0.0670225	-2.35966e-320	-0.361224
1.02	0.280058	1.02	1.02188e-319	-1.14897	1	1.9936e-319	0.230618	-0.065077	-2.38337e-320	-0.36001
1.03	0.26854	1.03	1.04184e-319	-1.15461	1	1.99365e-319	0.238304	-0.0630343	-2.40511e-320	-0.358749
1.04	0.256966	1.04	1.06204e-319	-1.1602	1	2.05195e-319	0.245958	-0.0608958	-2.53357e-320	-0.357444
1.05	0.245336	1.05	1.08255e-319	-1.16574	1	2.05195e-319	0.253578	-0.0586631	-2.55481e-320	-0.356096
1.06	0.233651	1.06	1.10305e-319	-1.17124	1	2.052e-319	0.261161	-0.0563377	-2.57408e-320	-0.354707
1.07	0.221912	1.07	1.12385e-319	-1.17669	1	2.1103e-319	0.268706	-0.0539214	-2.70946e-320	-0.35328
1.08	0.210118	1.08	1.14495e-319	-1.1821	1	2.1103e-319	0.27621	-0.0514158	-2.72774e-320	-0.351816
1.09	0.19827	1.09	1.16604e-319	-1.18747	1	2.11035e-319	0.283671	-0.0488227	-2.74552e-320	-0.350316
1.1	0.186369	1.1	1.18744e-319	-1.19279	1	2.16865e-319	0.291087	-0.046144	-2.88781e-320	-0.348784
1.11	0.174414	1.11	1.20913e-319	-1.19807	1	2.16865e-319	0.298456	-0.0433814	-2.90362e-320	-0.34722
1.12	0.162407	1.12	1.23082e-319	-1.20332	1	2.1687e-319	0.305777	-0.040537	-2.91795e-320	-0.345626
1.13	0.150348	1.13	1.2528e-319	-1.20852	1	2.227e-319	0.313049	-0.0376126	-3.06815e-320	-0.344004
1.14	0.138237	1.14	1.27508e-319	-1.21368	1	2.227e-319	0.320269	-0.0346101	-3.08099e-320	-0.342357
1.15	0.126075	1.15	1.29737e-319	-1.2188	1	2.22705e-319	0.327436	-0.0315316	-3.09285e-320	-0.340685
1.16	0.113861	1.16	1.31995e-319	-1.22389	1	2.28535e-319	0.334549	-0.028379	-3.25046e-320	-0.33899
1.17	0.101597	1.17	1.34282e-319	-1.22893	1	2.28535e-319	0.341608	-0.0251543	-3.26133e-320	-0.337275
1.18	0.0892825	1.18	1.3657e-319	-1.23395	1	2.2854e-319	0.348611	-0.0218594	-3.26973e-320	-0.33554
1.19	0.0769182	1.19	1.38882e-319	-1.23892	1	2.3437e-319	0.355557	-0.0184964	-3.43524e-320	-0.333787
1.2	0.0645042	1.2	1.41224e-319	-1.24386	1	2.3437e-319	0.362445	-0.0150672	-3.44364e-320	-0.332018
1.21	0.0520411	1.21	1.43566e-319	-1.24876	1	2.34375e-319	0.369275	-0.0115738	-3.45006e-320	-0.330234
1.22	0.0395292	1.22	1.45937e-319	-1.25363	1	2.40205e-319	0.376046	-0.00801815	-3.62397e-320	-0.328437
1.23	0.0269688	1.23	1.48338e-319	-1.25846	1	2.40205e-319	0.382758	-0.00440211	-3.62941e-320	-0.326628
1.24	0.0143601	1.24	1.50739e-319	-1.26326	1	2.4021e-319	0.38941	-0.000727623	-3.63286e-320	-0.324808
1.25	0.00170372	1.25	1.5317e-319	-1.26802	1	2.4604e-319	0.396001	0.00300343	-3.81616e-320	-0.322978
1.26	-0.0110002	1.26	1.55631e-319	-1.27276	1	2.4604e-319	0.402533	0.0067892	-3.81913e-320	-0.321141
1.27	-0.0237513	1.27	1.58091e-319	-1.27746	1	2.46045e-319	0.409004	0.0106279	-3.81913e-320	-0.319297
1.28	-0.0365492	1.28	1.60581e-319	-1.28212	1	2.51875e-319	0.415413	0.0145176	-4.01132e-320	-0.317447
1.29	-0.0493936	1.29	1.63101e-319	-1.28676	1	2.51875e-319	0.421763	0.0184567	-4.01132e-320	-0.315592
1.3	-0.0622843	1.3	1.65621e-319	-1.29137	1	2.5188e-319	0.428051	0.0224434	-4.00984e-320	-0.313734
1.31	-0.0752209	1.31	1.6817e-319	-1.29594	1	2.5771e-319	0.434279	0.026476	-4.21092e-320	-0.311873
1.32	-0.088203	1.32	1.70749e-319	-1.30049	1	2.5771e-319	0.440446	0.0305529	-4.20845e-320	-0.310011
1.33	-0.10123	1.33	1.73328e-319	-1.305	1	2.57715e-319	0.446552	0.0346724	-4.20499e-320	-0.308148
1.34	-0.114303	1.34	1.75937e-319	-1.30949	1	2.63544e-319	0.452598	0.0388329	-4.41546e-320	-0.306285
1.35	-0.12742	1.35	1.7857e-319	-1.31394	1	2.63544e-319	0.458585	0.043033	-4.41052e-320	-0.304424
1.36	-0.140582	1.36	1.81204e-319	-1.31837	1	2.63549e-319	0.464512	0.0472711	-4.4046e-320	-0.302565
1.37	-0.153787	1.37	1.83867e-319	-1.32277	1	2.69379e-319	0.470379	0.0515458	-4.62544e-320	-0.300708
1.38	-0.167037	1.38	1.86559e-319	-1.32714	1	2.69379e-319	0.476188	0.0558556	-4.61853e-320	-0.298855
1.39	-0.18033	1.39	1.89252e-319	-1.33149	1	2.69384e-319	0.481938	0.0601991	-4.61013e-320	-0.297006
1.4	-0.193667	1.4	1.91974e-319	-1.33581	1	2.75214e-319	0.48763	0.0645751	-4.84036e-320	-0.295162
1.41	-0.207046	1.41	1.94726e-319	-1.3401	1	2.75214e-319	0.493265	0.0689822	-4.83147e-320	-0.293323
1.42	-0.220469	1.42	1.97478e-319	-1.34436	1	2.75219e-319	0.498843	0.0734191	-4.8206e-320	-0.291491
1.43	-0.233934	1.43	2.0026e-319	-1.3486	1	2.81049e-319	0.504364	0.0778846	-5.0622e-320	-0.289665
1.44	-0.247441	1.44	2.03071e-319	-1.35282	1	2.81049e-319	0.50983	0.0823776	-5.05034e-320	-0.287846
1.45	-0.26099	1.45	2.05882e-319	-1.35701	1	2.81054e-319	0.51524	0.0868968	-5.03848e-320	-0.286035
1.46	-0.274581	1.46	2.08723e-319	-1.36117	1	2.86884e-319	0.520596	0.0914413	-5.29045e-320	-0.284232
1.47	-0.288213	1.47	2.11593e-319	-1.36531	1	2.86884e-319	0.525897	0.0960098	-5.27712e-320	-0.282438
1.48	-0.301887	1.48	2.14464e-319	-1.36942	1	2.86889e-319	0.531145	0.100601	-5.26328e-320	-0.280653
1.49	-0.315601	1.49	2.17364e-319	-1.37351	1	2.92719e-319	0.53634	0.105215	-5.52612e-320	-0.278876
1.5	-0.329357	1.5	2.20289e-319	-1.37758	1	2.92719e-319	0.541483	0.10985	-5.5113e-320	-0.27711
1.51	-0.343153	1.51	2.23214e-319	-1.38162	1	2.92724e-319	0.546575	0.114505	-5.495e-320	-0.275354
1.52	-0.356989	1.52	2.26168e-319	-1.38564	1	2.98554e-319	0.551616	0.119179	-5.7692e-320	-0.273608
1.53	-0.370866	1.53	2.29153e-319	-1.38964	1	2.98554e-319	0.556607	0.123872	-5.75191e-320	-0.271873
1.54	-0.384782	1.54	2.32137e-319	-1.39361	1	2.98559e-319	0.561548	0.128582	-5.73462e-320	-0.270148
1.55	-0.398738	1.55	2.35151e-319	-1.39756	1	3.04389e-319	0.56644	0.133309	-6.02019e-320	-0.268435
1.56	-0.412733	1.56	2.38194e-319	-1.40149	1	3.04389e-319	0.571285	0.138052	-6.00191e-320	-0.266733
1.57	-0.426768	1.57	2.41237e-319	-1.4054	1	3.04394e-319	0.576082	0.14281	-5.98264e-320	-0.265042
1.58	-0.440841	1.58	2.44311e-319	-1.40929	1	3.10224e-319	0.580833	0.147583	-6.28056e-320	-0.263364
1.59	-0.454953	1.59	2.47413e-319	-1.41315	1	3.10224e-319	0.585537	0.15237	-6.26031e-320	-0.261697
1.6	-0.469104	1.6	2.50516e-319	-1.417	1	3.10229e-319	0.590196	0.15717	-6.23956e-320	-0.260042
1.61	-0.483293	1.61	2.53648e-319	-1.42082	1	3.16059e-319	0.594811	0.161982	-6.54983e-320	-0.258399
1.62	-0.49752	1.62	2.5681e-319	-1.42462	1	3.16059e-319	0.599382	0.166807	-6.5276e-320	-0.256769
1.63	-0.511786	1.63	2.59972e-319	-1.42841	1	3.16064e-319	0.603909	0.171643	-6.50437e-320	-0.255151
1.64	-0.526088	1.64	2.63164e-319	-1.43217	1	3.21894e-319	0.608394	0.176489	-6.827e-320	-0.253546
1.65	-0.540429	1.65	2.66385e-319	-1.43591	1	3.21894e-319	0.612838	0.181346	-6.80378e-320	-0.251953
1.66	-0.554807	1.66	2.69607e-319	-1.43964	1	3.21899e-319	0.61724	0.186213	-6.77858e-320	-0.250373
1.67	-0.569221	1.67	2.72853e-319	-1.44334	1	3.27729e-319	0.621601	0.191089	-7.11455e-320	-0.248805
1.68	-0.583673	1.68	2.76128e-319	-1.44702	1	3.27729e-319	0.625923	0.195974	-7.08984e-320	-0.24725
1.69	-0.598162	1.69	2.79404e-319	-1.45069	1	3.27734e-319	0.630205	0.200867	-7.06366e-320	-0.245708
1.7	-0.612687	1.7	2.82709e-319	-1.45434	1	3.33563e-319	0.634449	0.205769	-7.41296e-320	-0.244179
1.71	-0.627249	1.71	2.86044e-319	-1.45796	1	3.33563e-319	0.638655	0.210678	-7.38628e-320	-0.242663
1.72	-0.641846	1.72	2.89379e-319	-1.46157	1	3.33568e-319	0.642824	0.215594	-7.35911e-320	-0.241159
1.73	-0.65648	1.73	2.92744e-319	-1.46517	1	3.39398e-319	0.646956	0.220516	-7.72175e-320	-0.239668
1.74	-0.67115	1.74	2.96138e-319	-1.46874	1	3.39398e-319	0.651053	0.225446	-7.69408e-320	-0.23819
1.75	-0.685855	1.75	2.99532e-319	-1.4723	1	3.39403e-319	0.655113	0.230381	-7.66444e-320	-0.236725
1.76	-0.700595	1.76	3.02956e-319	-1.47584	1	3.45233e-319	0.659139	0.235322	-8.04042e-320	-0.235272
1.77	-0.715371	1.77	3.0641e-319	-1.47936	1	3.45233e-319	0.663131	0.240268	-8.01127e-320	-0.233832
1.78	-0.730183	1.78	3.09863e-319	-1.48286	1	3.45238e-319	0.66709	0.24522	-7.98064e-320	-0.232405
1.79	-0.745029	1.79	3.13346e-319	-1.48635	1	3.51068e-319	0.671015	0.250177	-8.36947e-320	-0.230991
1.8	-0.759909	1.8	3.16859e-319	-1.48982	1	3.51068e-319	0.674908	0.255138	-8.33933e-320	-0.229589
1.81	-0.774825	1.81	3.20372e-319	-1.49327	1	3.51073e-319	0.678769	0.260103	-8.30771e-320	-0.2282
1.82	-0.789775	1.82	3.23909e-319	-1.49671	1	3.56903e-319	0.682598	0.265073	-8.71137e-320	-0.226823
1.83	-0.804759	1.83	3.27477e-319	-1.50013	1	3.56903e-319	0.686397	0.270046	-8.67975e-320	-0.225458
1.84	-0.819777	1.84	3.31044e-319	-1.50354	1	3.56908e-319	0.690166	0.275023	-8.64862e-320	-0.224106
1.85	-0.83483	1.85	3.34641e-319	-1.50693	1	3.62738e-319	0.693905	0.280004	-9.06561e-320	-0.222766
1.86	-0.849916	1.86	3.38267e-319	-1.5103	1	3.62738e-319	0.697615	0.284987	-9.03251e-320	-0.221439
1.87	-0.865036	1.87	3.41893e-319	-1.51366	1	3.62743e-319	0.701296	0.289974	-8.99842e-320	-0.220123
1.88	-0.880189	1.88	3.4555e-319	-1.517	1	3.68573e-319	0.704949	0.294964	-9.43073e-320	-0.21882
1.89	-0.895376	1.89	3.49235e-319	-1.52032	1	3.68573e-319	0.708575	0.299956	-9.39663e-320	-0.217528
1.9	-0.910595	1.9	3.52921e-319	-1.52364	1	3.68578e-319	0.712173	0.304951	-9.36156e-320	-0.216249
1.91	-0.925848	1.91	3.56636e-319	-1.52693	1	3.74408e-319	0.715744	0.309948	-9.8077e-320	-0.214981
1.92	-0.941134	1.92	3.60381e-319	-1.53021	1	3.74408e-319	0.71929	0.314948	-9.77262e-320	-0.213725
1.93	-0.956452	1.93	3.64126e-319	-1.53348	1	3.74413e-319	0.72281	0.31995	-9.73705e-320	-0.21248
1.94	-0.971804	1.94	3.67901e-319	-1.53673	1	3.80243e-319	0.726304	0.324953	-1.01975e-319	-0.211247
1.95	-0.987187	1.95	3.71705e-319	-1.53997	1	3.80243e-319	0.729774	0.329959	-1.01614e-319	-0.210026
1.96	-1.0026	1.96	3.7551e-319	-1.54319	1	3.80248e-319	0.733219	0.334966	-1.01249e-319	-0.208816
1.97	-1.01805	1.97	3.79344e-319	-1.5464	1	3.86078e-319	0.73664	0.339975	-1.06012e-319	-0.207617
1.98	-1.03353	1.98	3.83202e-319	-1.5496	1	3.86078e-319	0.740038	0.344985	-1.05641e-319	-0.206429
1.99	-1.04904	1.99	3.87061e-319	-1.55278	1	3.86083e-319	0.743412	0.349997	-1.05256e-319	-0.205252
2	-1.06459	2	3.90949e-319	-1.55595	1	3.91913e-319	0.746764	0.35501	-1.10172e-319	-0.204087
2.01	-1.08016	2.01	3.94867e-319	-1.5591	1	3.91913e-319	0.750094	0.360025	-1.09786e-319	-0.202932
2.02	-1.09577	2.02	3.98785e-319	-1.56224	1	3.91918e-319	0.753402	0.365041	-1.09391e-319	-0.201788
2.03	-1.11141	2.03	4.02733e-319	-1.56537	1	3.97748e-319	0.756688	0.370057	-1.14465e-319	-0.200654
2.04	-1.12708	2.04	4.0671e-319	-1.56848	1	3.97748e-319	0.759953	0.375075	-1.14065e-319	-0.199531
2.05	-1.14278	2.05	4.10687e-319	-1.57158	1	3.97752e-319	0.763197	0.380094	-1.1367e-319	-0.198419
2.06	-1.15851	2.06	4.14694e-319	-1.57467	1	4.03582e-319	0.766421	0.385114	-1.18892e-319	-0.197317
2.07	-1.17427	2.07	4.18731e-319	-1.57775	1	4.03582e-319	0.769625	0.390134	-1.18487e-319	-0.196225
2.08	-1.19006	2.08	4.22767e-319	-1.58081	1	4.03587e-319	0.772809	0.395156	-1.18087e-319	-0.195143
2.09	-1.20589	2.09	4.26833e-319	-1.58386	1	4.09417e-319	0.775974	0.400178	-1.23467e-319	-0.194071
2.1	-1.22174	2.1	4.30929e-319	-1.5869	1	4.09417e-319	0.77912	0.405201	-1.23047e-319	-0.19301
2.11	-1.23762	2.11	4.35025e-319	-1.58992	1	4.09422e-319	0.782248	0.410225	-1.22622e-319	-0.191958
2.12	-1.25354	2.12	4.3915e-319	-1.59293	1	4.15252e-319	0.785357	0.415249	-1.28166e-319	-0.190916
2.13	-1.26948	2.13	4.433e-319	-1.59593	1	4.15252e-319	0.788448	0.420274	-1.27736e-319	-0.189883
2.14	-1.28546	2.14	4.47451e-319	-1.59892	1	4.15257e-319	0.791521	0.425299	-1.27306e-319	-0.18886
2.15	-1.30146	2.15	4.5163e-319	-1.6019	1	4.21087e-319	0.794577	0.430325	-1.33012e-319	-0.187847
2.16	-1.31749	2.16	4.5584e-319	-1.60486	1	4.21087e-319	0.797616	0.435352	-1.32578e-319	-0.186843
2.17	-1.33356	2.17	4.60049e-319	-1.60781	1	4.21092e-319	0.800638	0.440379	-1.32143e-319	-0.185848
2.18	-1.34965	2.18	4.64288e-319	-1.61075	1	4.26922e-319	0.803643	0.445407	-1.38012e-319	-0.184862
2.19	-1.36577	2.19	4.68557e-319	-1.61368	1	4.26922e-319	0.806632	0.450435	-1.37568e-319	-0.183885
2.2	-1.38192	2.2	4.72826e-319	-1.6166	1	4.26927e-319	0.809606	0.455463	-1.37128e-319	-0.182917
2.21	-1.3981	2.21	4.77124e-319	-1.61951	1	4.32757e-319	0.812564	0.460492	-1.4316e-319	-0.181958
2.22	-1.41431	2.22	4.81452e-319	-1.6224	1	4.32757e-319	0.815506	0.465522	-1.42706e-319	-0.181008
2.23	-1.43055	2.23	4.8578e-319	-1.62528	1	4.32762e-319	0.818433	0.470552	-1.42246e-319	-0.180067
2.24	-1.44682	2.24	4.90138e-319	-1.62816	1	4.38592e-319	0.821346	0.475582	-1.48452e-319	-0.179134
2.25	-1.46312	2.25	4.94525e-319	-1.63102	1	4.38592e-319	0.824244	0.480613	-1.47978e-319	-0.178209
2.26	-1.47944	2.26	4.98912e-319	-1.63387	1	4.38597e-319	0.827127	0.485644	-1.47503e-319	-0.177293
2.27	-1.49579	2.27	5.03329e-319	-1.63671	1	4.44427e-319	0.829997	0.490675	-1.53877e-319	-0.176386
2.28	-1.51217	2.28	5.07776e-319	-1.63954	1	4.44427e-319	0.832852	0.495707	-1.53398e-319	-0.175486
2.29	-1.52858	2.29	5.12223e-319	-1.64236	1	4.44432e-319	0.835694	0.50074	-1.52928e-319	-0.174595
2.3	-1.54502	2.3	5.16694e-319	-1.64516	1	4.50262e-319	0.838523	0.505773	-1.5947e-319	-0.173711
2.31	-1.56149	2.31	5.21195e-319	-1.64796	1	4.50262e-319	0.841338	0.510806	-1.58985e-319	-0.172836
2.32	-1.57798	2.32	5.25696e-319	-1.65075	1	4.50267e-319	0.844141	0.515839	-1.58506e-319	-0.171968
2.33	-1.5945	2.33	5.30226e-319	-1.65353	1	4.56097e-319	0.84693	0.520874	-1.6523e-319	-0.171108
2.34	-1.61105	2.34	5.34787e-319	-1.65629	1	4.56097e-319	0.849708	0.525908	-1.64731e-319	-0.170256
2.35	-1.62763	2.35	5.39347e-319	-1.65905	1	4.56102e-319	0.852472	0.530943	-1.64232e-319	-0.169411
2.36	-1.64423	2.36	5.43937e-319	-1.6618	1	4.61932e-319	0.855225	0.535979	-1.71125e-319	-0.168574
2.37	-1.66086	2.37	5.48556e-319	-1.66453	1	4.61932e-319	0.857966	0.541015	-1.70621e-319	-0.167744
2.38	-1.67752	2.38	5.53176e-319	-1.66726	1	4.61937e-319	0.860696	0.546051	-1.70112e-319	-0.166922
2.39	-1.69421	2.39	5.57825e-319	-1.66997	1	4.67767e-319	0.863413	0.551088	-1.77177e-319	-0.166106
2.4	-1.71092	2.4	5.62504e-319	-1.67268	1	4.67767e-319	0.86612	0.556125	-1.76663e-319	-0.165298
2.41	-1.72766	2.41	5.67182e-319	-1.67538	1	4.67771e-319	0.868815	0.561163	-1.76159e-319	-0.164497
2.42	-1.74443	2.42	5.71891e-319	-1.67807	1	4.73601e-319	0.8715	0.566202	-1.83402e-319	-0.163703
2.43	-1.76122	2.43	5.76629e-319	-1.68075	1	4.73601e-319	0.874173	0.571241	-1.82883e-319	-0.162916
2.44	-1.77804	2.44	5.81367e-319	-1.68341	1	4.73606e-319	0.876836	0.576281	-1.82365e-319	-0.162136
2.45	-1.79489	2.45	5.8613e-319	-1.68607	1	4.79436e-319	0.879489	0.581321	-1.89785e-319	-0.161363
2.46	-1.81177	2.46	5.90922e-319	-1.68872	1	4.79436e-319	0.882132	0.586362	-1.89257e-319	-0.160596
2.47	-1.82867	2.47	5.95715e-319	-1.69137	1	4.79441e-319	0.884764	0.591403	-1.88723e-319	-0.159836
2.48	-1.84559	2.48	6.00537e-319	-1.694	1	4.85271e-319	0.887387	0.596446	-1.96327e-319	-0.159083
2.49	-1.86255	2.49	6.05389e-319	-1.69662	1	4.85271e-319	0.889999	0.601488	-1.95793e-319	-0.158335
2.5	-1.87953	2.5	6.1024e-319	-1.69923	1	4.85276e-319	0.892603	0.606532	-1.95245e-319	-0.157595
2.51	-1.89653	2.51	6.15122e-319	-1.70184	1	4.91106e-319	0.895197	0.611576	-2.03036e-319	-0.15686
2.52	-1.91356	2.52	6.20033e-319	-1.70444	1	4.91106e-319	0.897781	0.616621	-2.02488e-319	-0.156132
2.53	-1.93062	2.53	6.24944e-319	-1.70702	1	4.91111e-319	0.900357	0.621667	-2.01949e-319	-0.15541
2.54	-1.9477	2.54	6.29884e-319	-1.7096	1	4.96941e-319	0.902923	0.626713	-2.09909e-319	-0.154695
2.55	-1.96481	2.55	6.34855e-319	-1.71217	1	4.96941e-319	0.905481	0.63176	-2.09355e-319	-0.153985
2.56	-1.98195	2.56	6.39825e-319	-1.71473	1	4.96946e-319	0.90803	0.636808	-2.08807e-319	-0.153281
2.57	-1.99911	2.57	6.44825e-319	-1.71729	1	5.02776e-319	0.91057	0.641857	-2.16959e-319	-0.152583
2.58	-2.01629	2.58	6.49854e-319	-1.71983	1	5.02776e-319	0.913102	0.646907	-2.16401e-319	-0.151891
2.59	-2.0335	2.59	6.54884e-319	-1.72237	1	5.02781e-319	0.915626	0.651958	-2.15823e-319	-0.151205
2.6	-2.05074	2.6	6.59943e-319	-1.72489	1	5.08611e-319	0.918142	0.657009	-2.24167e-319	-0.150525
2.61	-2.068	2.61	6.65027e-319	-1.72741	1	5.08611e-319	0.920649	0.662061	-2.23589e-319	-0.14985
2.62	-2.08529	2.62	6.70111e-319	-1.72992	1	5.08616e-319	0.923149	0.667115	-2.23011e-319	-0.149181
2.63	-2.1026	2.63	6.75225e-319	-1.73243	1	5.14446e-319	0.925641	0.672169	-2.31539e-319	-0.148517
2.64	-2.11994	2.64	6.80368e-319	-1.73492	1	5.14446e-319	0.928125	0.677224	-2.30966e-319	-0.147859
2.65	-2.1373	2.65	6.85511e-319	-1.73741	1	5.14451e-319	0.930602	0.682281	-2.30388e-319	-0.147206
2.66	-2.15468	2.66	6.90684e-319	-1.73989	1	5.20281e-319	0.933071	0.687338	-2.39113e-319	-0.146558
2.67	-2.1721	2.67	6.95887e-319	-1.74236	1	5.20281e-319	0.935534	0.692396	-2.3852e-319	-0.145916
2.68	-2.18953	2.68	7.01089e-319	-1.74482	1	5.20286e-319	0.937989	0.697456	-2.37942e-319	-0.145279
2.69	-2.20699	2.69	7.06321e-319	-1.74727	1	5.26116e-319	0.940436	0.702516	-2.46845e-319	-0.144647
2.7	-2.22448	2.7	7.11583e-319	-1.74972	1	5.26116e-319	0.942877	0.707578	-2.46247e-319	-0.14402
2.71	-2.24199	2.71	7.16845e-319	-1.75216	1	5.26121e-319	0.945312	0.712641	-2.4564e-319	-0.143399
2.72	-2.25952	2.72	7.22136e-319	-1.75459	1	5.31951e-319	0.947739	0.717705	-2.54745e-319	-0.142782
2.73	-2.27708	2.73	7.27457e-319	-1.75702	1	5.31951e-319	0.95016	0.72277	-2.54137e-319	-0.14217
2.74	-2.29466	2.74	7.32778e-319	-1.75943	1	5.31956e-319	0.952574	0.727836	-2.53525e-319	-0.141564
2.75	-2.31227	2.75	7.38129e-319	-1.76184	1	5.37786e-319	0.954982	0.732904	-2.62818e-319	-0.140962
2.76	-2.3299	2.76	7.43505e-319	-1.76425	1	5.37786e-319	0.957383	0.737973	-2.62201e-319	-0.140364
2.77	-2.34755	2.77	7.4888e-319	-1.76664	1	5.3779e-319	0.959779	0.743043	-2.61598e-319	-0.139772
2.78	-2.36523	2.78	7.54285e-319	-1.76903	1	5.4362e-319	0.962168	0.748114	-2.71094e-319	-0.139184
2.79	-2.38293	2.79	7.5972e-319	-1.77141	1	5.4362e-319	0.964551	0.753187	-2.70471e-319	-0.138601
2.8	-2.40066	2.8	7.65155e-319	-1.77378	1	5.43625e-319	0.966928	0.758261	-2.69864e-319	-0.138023
2.81	-2.41841	2.81	7.70619e-319	-1.77614	1	5.49455e-319	0.969299	0.763336	-2.79547e-319	-0.137449
2.82	-2.43618	2.82	7.76113e-319	-1.7785	1	5.49455e-319	0.971665	0.768413	-2.78915e-319	-0.136879
2.83	-2.45398	2.83	7.81607e-319	-1.78085	1	5.4946e-319	0.974025	0.773491	-2.78273e-319	-0.136314
2.84	-2.4718	2.84	7.87131e-319	-1.7832	1	5.5529e-319	0.976379	0.778571	-2.88169e-319	-0.135753
2.85	-2.48964	2.85	7.92684e-319	-1.78553	1	5.5529e-319	0.978728	0.783652	-2.87531e-319	-0.135197
2.86	-2.50751	2.86	7.98237e-319	-1.78786	1	5.55295e-319	0.981071	0.788735	-2.86879e-319	-0.134645
2.87	-2.5254	2.87	8.0382e-319	-1.79019	1	5.61125e-319	0.983409	0.793819	-2.96963e-319	-0.134097
2.88	-2.54331	2.88	8.09433e-319	-1.7925	1	5.61125e-319	0.985742	0.798905	-2.96316e-319	-0.133553
2.89	-2.56125	2.89	8.15045e-319	-1.79481	1	5.6113e-319	0.988069	0.803992	-2.95674e-319	-0.133014
2.9	-2.57921	2.9	8.20688e-319	-1.79712	1	5.6696e-319	0.990391	0.80908	-3.0596e-319	-0.132478
2.91	-2.59719	2.91	8.26359e-319	-1.79941	1	5.6696e-319	0.992709	0.814171	-3.05308e-319	-0.131947
2.92	-2.6152	2.92	8.32031e-319	-1.8017	1	5.66965e-319	0.995021	0.819263	-3.04656e-319	-0.13142
2.93	-2.63323	2.93	8.37728e-319	-1.80398	1	5.72795e-319	0.997329	0.824356	-3.1515e-319	-0.130897
2.94	-2.65128	2.94	8.43454e-319	-1.80626	1	5.72795e-319	0.999632	0.829451	-3.14483e-319	-0.130377
2.95	-2.66935	2.95	8.4918e-319	-1.80853	1	5.728e-319	1.00193	0.834548	-3.13811e-319	-0.129862
2.96	-2.68745	2.96	8.54936e-319	-1.81079	1	5.7863e-319	1.00422	0.839647	-3.24512e-319	-0.12935
2.97	-2.70557	2.97	8.60722e-319	-1.81305	1	5.7863e-319	1.00651	0.844747	-3.2384e-319	-0.128842
2.98	-2.72371	2.98	8.66507e-319	-1.8153	1	5.78635e-319	1.0088	0.849849	-3.23154e-319	-0.128338
2.99	-2.74187	2.99	8.72322e-319	-1.81754	1	5.84465e-319	1.01108	0.854953	-3.34058e-319	-0.127838
3	-2.76006	3	8.78167e-319	-1.81978	1	5.84465e-319	1.01335	0.860058	-3.33371e-319	-0.127342
3.01	-2.77827	3.01	8.84012e-319	-1.82201	1	5.8447e-319	1.01562	0.865165	-3.32704e-319	-0.126849
3.02	-2.7965	3.02	8.89886e-319	-1.82423	1	5.903e-319	1.01789	0.870274	-3.43805e-319	-0.126359
3.03	-2.81475	3.03	8.9579e-319	-1.82645	1	5.903e-319	1.02015	0.875385	-3.43114e-319	-0.125874
3.04	-2.83303	3.04	9.01695e-319	-1.82866	1	5.90305e-319	1.02241	0.880498	-3.42442e-319	-0.125392
3.05	-2.85133	3.05	9.07628e-319	-1.83087	1	5.96135e-319	1.02466	0.885613	-3.53746e-319	-0.124913
3.06	-2.86965	3.06	9.13592e-319	-1.83307	1	5.96135e-319	1.02691	0.890729	-3.53054e-319	-0.124438
3.07	-2.88799	3.07	9.19555e-319	-1.83526	1	5.9614e-319	1.02916	0.895847	-3.52333e-319	-0.123966
3.08	-2.90635	3.08	9.25548e-319	-1.83745	1	6.0197e-319	1.0314	0.900968	-3.63865e-319	-0.123498
3.09	-2.92474	3.09	9.31566e-319	-1.83963	1	6.0197e-319	1.03364	0.90609	-3.63163e-319	-0.123033
3.1	-2.94314	3.1	9.37583e-319	-1.84181	1	6.01975e-319	1.03588	0.911214	-3.62442e-319	-0.122572
3.11	-2.96157	3.11	9.43631e-319	-1.84398	1	6.07804e-319	1.03811	0.91634	-3.74186e-319	-0.122113
3.12	-2.98002	3.12	9.49708e-319	-1.84614	1	6.07804e-319	1.04033	0.921469	-3.73469e-319	-0.121658
3.13	-2.99849	3.13	9.55785e-319	-1.8483	1	6.07809e-319	1.04256	0.926599	-3.72763e-319	-0.121207
3.14	-3.01699	3.14	9.61891e-319	-1.85045	1	6.13639e-319	1.04478	0.931731	-3.84719e-319	-0.120758
3.15	-3.0355	3.15	9.68028e-319	-1.8526	1	6.13639e-319	1.04699	0.936865	-3.83988e-319	-0.120313
3.16	-3.05404	3.16	9.74164e-319	-1.85474	1	6.13644e-319	1.04921	0.942002	-3.83276e-319	-0.11987
3.17	-3.0726	3.17	9.8033e-319	-1.85687	1	6.19474e-319	1.05142	0.94714	-3.95445e-319	-0.119431
3.18	-3.09118	3.18	9.86526e-319	-1.859	1	6.19474e-319	1.05362	0.952281	-3.94709e-319	-0.118995
3.19	-3.10978	3.19	9.92721e-319	-1.86113	1	6.19479e-319	1.05583	0.957423	-3.93968e-319	-0.118562
3.2	-3.1284	3.2	9.98946e-319	-1.86324	1	6.25309e-319	1.05803	0.962568	-4.06339e-319	-0.118132
3.21	-3.14704	3.21	1.0052e-318	-1.86536	1	6.25309e-319	1.06022	0.967715	-4.05603e-319	-0.117705
3.22	-3.16571	3.22	1.01146e-318	-1.86746	1	6.25314e-319	1.06242	0.972864	-4.04847e-319	-0.117281
3.23	-3.18439	3.23	1.01774e-318	-1.86956	1	6.31144e-319	1.06461	0.978015	-4.17441e-319	-0.11686
3.24	-3.2031	3.24	1.02405e-318	-1.87166	1	6.31144e-319	1.06679	0.983169	-4.16695e-319	-0.116442
3.25	-3.22183	3.25	1.03036e-318	-1.87375	1	6.31149e-319	1.06898	0.988324	-4.15959e-319	-0.116027
3.26	-3.24057	3.26	1.0367e-318	-1.87583	1	6.36979e-319	1.07116	0.993482	-4.2877e-319	-0.115614
3.27	-3.25934	3.27	1.04307e-318	-1.87791	1	6.36979e-319	1.07333	0.998643	-4.28014e-319	-0.115204
3.28	-3.27813	3.28	1.04943e-318	-1.87999	1	6.36984e-319	1.07551	1.0038	-4.27268e-319	-0.114798
3.29	-3.29694	3.29	1.05583e-318	-1.88206	1	6.42814e-319	1.07768	1.00897	-4.40301e-319	-0.114393
3.3	-3.31577	3.3	1.06226e-318	-1.88412	1	6.42814e-319	1.07985	1.01414	-4.39536e-319	-0.113992
3.31	-3.33462	3.31	1.06869e-318	-1.88618	1	6.42819e-319	1.08202	1.01931	-4.3876e-319	-0.113593
3.32	-3.3535	3.32	1.07515e-318	-1.88823	1	6.48649e-319	1.08418	1.02448	-4.52011e-319	-0.113197
3.33	-3.37239	3.33	1.08163e-318	-1.89028	1	6.48649e-319	1.08634	1.02965	-4.51235e-319	-0.112804
3.34	-3.3913	3.34	1.08812e-318	-1.89232	1	6.48654e-319	1.0885	1.03483	-4.5045e-319	-0.112413
3.35	-3.41024	3.35	1.09464e-318	-1.89436	1	6.54484e-319	1.09066	1.04001	-4.63928e-319	-0.112025
3.36	-3.42919	3.36	1.10118e-318	-1.89639	1	6.54484e-319	1.09281	1.04519	-4.63132e-319	-0.11164
3.37	-3.44816	3.37	1.10773e-318	-1.89842	1	6.54489e-319	1.09496	1.05037	-4.62366e-319	-0.111257
3.38	-3.46716	3.38	1.11431e-318	-1.90044	1	6.60319e-319	1.09711	1.05556	-4.76062e-319	-0.110876
3.39	-3.48617	3.39	1.12091e-318	-1.90246	1	6.60319e-319	1.09925	1.06075	-4.75262e-319	-0.110498
3.4	-3.50521	3.4	1.12752e-318	-1.90447	1	6.60324e-319	1.1014	1.06594	-4.74486e-319	-0.110123
3.41	-3.52426	3.41	1.13415e-318	-1.90648	1	6.66154e-319	1.10354	1.07113	-4.88409e-319	-0.10975
3.42	-3.54334	3.42	1.14081e-318	-1.90848	1	6.66154e-319	1.10567	1.07632	-4.87608e-319	-0.109379
3.43	-3.56243	3.43	1.14747e-318	-1.91047	1	6.66159e-319	1.10781	1.08152	-4.86798e-319	-0.109011
3.44	-3.58155	3.44	1.15416e-318	-1.91247	1	6.71989e-319	1.10994	1.08672	-5.00948e-319	-0.108646
3.45	-3.60068	3.45	1.16088e-318	-1.91445	1	6.71989e-319	1.11207	1.09193	-5.00143e-319	-0.108282
3.46	-3.61983	3.46	1.1676e-318	-1.91644	1	6.71994e-319	1.1142	1.09713	-4.99318e-319	-0.107921
3.47	-3.63901	3.47	1.17434e-318	-1.91841	1	6.77823e-319	1.11633	1.10234	-5.1369e-319	-0.107562
3.48	-3.6582	3.48	1.18112e-318	-1.92039	1	6.77823e-319	1.11845	1.10755	-5.1287e-319	-0.107206
3.49	-3.67742	3.49	1.1879e-318	-1.92236	1	6.77828e-319	1.12058	1.11276	-5.12074e-319	-0.106852
3.5	-3.69665	3.5	1.19471e-318	-1.92432	1	6.83658e-319	1.1227	1.11798	-5.26664e-319	-0.1065
3.51	-3.7159	3.51	1.20155e-318	-1.92628	1	6.83658e-319	1.12481	1.1232	-5.25839e-319	-0.106151
3.52	-3.73518	3.52	1.20839e-318	-1.92823	1	6.83663e-319	1.12693	1.12842	-5.25029e-319	-0.105803
3.53	-3.75447	3.53	1.21525e-318	-1.93018	1	6.89493e-319	1.12904	1.13364	-5.39856e-319	-0.105458
3.54	-3.77378	3.54	1.22215e-318	-1.93213	1	6.89493e-319	1.13115	1.13887	-5.39016e-319	-0.105115
3.55	-3.79311	3.55	1.22905e-318	-1.93407	1	6.89498e-319	1.13326	1.1441	-5.38171e-319	-0.104774
3.56	-3.81246	3.56	1.23597e-318	-1.936	1	6.95328e-319	1.13537	1.14933	-5.5323e-319	-0.104435
3.57	-3.83183	3.57	1.24292e-318	-1.93793	1	6.95328e-319	1.13748	1.15456	-5.52385e-319	-0.104099
3.58	-3.85122	3.58	1.24987e-318	-1.93986	1	6.95333e-319	1.13958	1.1598	-5.51535e-319	-0.103764
3.59	-3.87063	3.59	1.25685e-318	-1.94178	1	7.01163e-319	1.14168	1.16504	-5.66832e-319	-0.103432
3.6	-3.89005	3.6	1.26386e-318	-1.9437	1	7.01163e-319	1.14378	1.17028	-5.65977e-319	-0.103102
3.61	-3.9095	3.61	1.27088e-318	-1.94561	1	7.01168e-319	1.14588	1.17553	-5.65142e-319	-0.102773
3.62	-3.92897	3.62	1.27792e-318	-1.94752	1	7.06998e-319	1.14798	1.18077	-5.80661e-319	-0.102447
3.63	-3.94845	3.63	1.28499e-318	-1.94942	1	7.06998e-319	1.15007	1.18602	-5.79806e-319	-0.102123
3.64	-3.96796	3.64	1.29206e-318	-1.95132	1	7.07003e-319	1.15216	1.19128	-5.78961e-319	-0.101801
3.65	-3.98748	3.65	1.29916e-318	-1.95322	1	7.12833e-319	1.15426	1.19653	-5.94722e-319	-0.10148
3.66	-4.00702	3.66	1.30628e-318	-1.95511	1	7.12833e-319	1.15635	1.20179	-5.93847e-319	-0.101162
3.67	-4.02658	3.67	1.31341e-318	-1.95699	1	7.12838e-319	1.15843	1.20705	-5.92963e-319	-0.100846
3.68	-4.04616	3.68	1.32057e-318	-1.95888	1	7.18668e-319	1.16052	1.21232	-6.08956e-319	-0.100531
3.69	-4.06576	3.69	1.32776e-318	-1.96075	1	7.18668e-319	1.1626	1.21758	-6.08081e-319	-0.100219
3.7	-4.08537	3.7	1.33495e-318	-1.96263	1	7.18673e-319	1.16469	1.22285	-6.07187e-319	-0.099908
3.71	-4.10501	3.71	1.34217e-318	-1.9645	1	7.24503e-319	1.16677	1.22812	-6.23412e-319	-0.0995992
3.72	-4.12466	3.72	1.34941e-318	-1.96636	1	7.24503e-319	1.16885	1.2334	-6.22523e-319	-0.0992922
3.73	-4.14434	3.73	1.35665e-318	-1.96822	1	7.24508e-319	1.17092	1.23868	-6.21658e-319	-0.0989871
3.74	-4.16403	3.74	1.36393e-318	-1.97008	1	7.30338e-319	1.173	1.24396	-6.3813e-319	-0.0986838
3.75	-4.18374	3.75	1.37123e-318	-1.97193	1	7.30338e-319	1.17508	1.24924	-6.37231e-319	-0.0983824
3.76	-4.20347	3.76	1.37853e-318	-1.97378	1	7.30343e-319	1.17715	1.25453	-6.36361e-319	-0.0980827
3.77	-4.22321	3.77	1.38586e-318	-1.97562	1	7.36173e-319	1.17922	1.25982	-6.53066e-319	-0.0977848
3.78	-4.24298	3.78	1.39323e-318	-1.97746	1	7.36173e-319	1.18129	1.26511	-6.52162e-319	-0.0974887
3.79	-4.26276	3.79	1.40059e-318	-1.9793	1	7.36178e-319	1.18336	1.2704	-6.51248e-319	-0.0971943
3.8	-4.28257	3.8	1.40798e-318	-1.98113	1	7.42008e-319	1.18543	1.2757	-6.68189e-319	-0.0969016
3.81	-4.30239	3.81	1.4154e-318	-1.98296	1	7.42008e-319	1.1875	1.281	-6.67275e-319	-0.0966107
3.82	-4.32223	3.82	1.42282e-318	-1.98478	1	7.42012e-319	1.18956	1.28631	-6.66351e-319	-0.0963214
3.83	-4.34208	3.83	1.43027e-318	-1.9866	1	7.47842e-319	1.19162	1.29161	-6.83535e-319	-0.0960338
3.84	-4.36196	3.84	1.43775e-318	-1.98842	1	7.47842e-319	1.19369	1.29692	-6.82611e-319	-0.095748
3.85	-4.38185	3.85	1.44523e-318	-1.99023	1	7.47847e-319	1.19575	1.30223	-6.81712e-319	-0.0954637
3.86	-4.40176	3.86	1.45274e-318	-1.99204	1	7.53677e-319	1.19781	1.30755	-6.99137e-319	-0.0951812
3.87	-4.42169	3.87	1.46028e-318	-1.99384	1	7.53677e-319	1.19987	1.31287	-6.98214e-319	-0.0949002
3.88	-4.44164	3.88	1.46781e-318	-1.99564	1	7.53682e-319	1.20192	1.31819	-6.97304e-319	-0.0946209
3.89	-4.4616	3.89	1.47537e-318	-1.99744	1	7.59512e-319	1.20398	1.32351	-7.14977e-319	-0.0943431
3.9	-4.48159	3.9	1.48297e-318	-1.99923	1	7.59512e-319	1.20603	1.32884	-7.14038e-319	-0.094067
3.91	-4.50159	3.91	1.49056e-318	-2.00102	1	7.59517e-319	1.20809	1.33417	-7.1309e-319	-0.0937924
3.92	-4.52161	3.92	1.49818e-318	-2.00281	1	7.65347e-319	1.21014	1.3395	-7.3101e-319	-0.0935194
3.93	-4.54164	3.93	1.50584e-318	-2.00459	1	7.65347e-319	1.21219	1.34484	-7.30061e-319	-0.093248
3.94	-4.5617	3.94	1.51349e-318	-2.00636	1	7.65352e-319	1.21424	1.35018	-7.29098e-319	-0.0929781
3.95	-4.58177	3.95	1.52117e-318	-2.00814	1	7.71182e-319	1.21629	1.35552	-7.47264e-319	-0.0927097
3.96	-4.60186	3.96	1.52889e-318	-2.00991	1	7.71182e-319	1.21834	1.36086	-7.46301e-319	-0.0924428
3.97	-4.62197	3.97	1.5366e-318	-2.01167	1	7.71187e-319	1.22038	1.36621	-7.45367e-319	-0.0921774
3.98	-4.6421	3.98	1.54434e-318	-2.01343	1	7.77017e-319	1.22243	1.37156	-7.63776e-319	-0.0919136
3.99	-4.66224	3.99	1.55211e-318	-2.01519	1	7.77017e-319	1.22447	1.37692	-7.62808e-319	-0.0916511
4	-4.6824	4	1.55988e-318	-2.01695	1	7.77022e-319	1.22652	1.38227	-7.61864e-319	-0.0913902
4.01	-4.70258	4.01	1.56769e-318	-2.0187	1	7.82852e-319	1.22856	1.38763	-7.80515e-319	-0.0911307
4.02	-4.72277	4.02	1.57552e-318	-2.02045	1	7.82852e-319	1.2306	1.393	-7.79537e-319	-0.0908726
4.03	-4.74299	4.03	1.58335e-318	-2.02219	1	7.82857e-319	1.23264	1.39836	-7.78549e-319	-0.090616
4.04	-4.76322	4.04	1.5912e-318	-2.02393	1	7.88687e-319	1.23468	1.40373	-7.97461e-319	-0.0903608
4.05	-4.78347	4.05	1.59909e-318	-2.02567	1	7.88687e-319	1.23672	1.40911	-7.96478e-319	-0.090107
4.06	-4.80373	4.06	1.60697e-318	-2.0274	1	7.88692e-319	1.23876	1.41448	-7.9549e-319	-0.0898546
4.07	-4.82401	4.07	1.61489e-318	-2.02913	1	7.94522e-319	1.24079	1.41986	-8.14645e-319	-0.0896036
4.08	-4.84431	4.08	1.62283e-318	-2.03086	1	7.94522e-319	1.24283	1.42524	-8.13662e-319	-0.0893539
4.09	-4.86463	4.09	1.63078e-318	-2.03258	1	7.94527e-319	1.24486	1.43063	-8.12684e-319	-0.0891056
4.1	-4.88496	4.1	1.63875e-318	-2.0343	1	8.00357e-319	1.2469	1.43601	-8.32095e-319	-0.0888587
4.11	-4.90532	4.11	1.64676e-318	-2.03601	1	8.00357e-319	1.24893	1.4414	-8.31097e-319	-0.0886131
4.12	-4.92568	4.12	1.65476e-318	-2.03772	1	8.00362e-319	1.25096	1.4468	-8.30119e-319	-0.0883688
4.13	-4.94607	4.13	1.66279e-318	-2.03943	1	8.06192e-319	1.25299	1.45219	-8.49783e-319	-0.0881258
4.14	-4.96647	4.14	1.67086e-318	-2.04114	1	8.06192e-319	1.25502	1.45759	-8.48765e-319	-0.0878842
4.15	-4.98689	4.15	1.67892e-318	-2.04284	1	8.06197e-319	1.25705	1.463	-8.47743e-319	-0.0876438
4.16	-5.00733	4.16	1.68701e-318	-2.04454	1	8.12027e-319	1.25908	1.4684	-8.67653e-319	-0.0874048
4.17	-5.02778	4.17	1.69513e-318	-2.04623	1	8.12027e-319	1.26111	1.47381	-8.66631e-319	-0.087167
4.18	-5.04825	4.18	1.70326e-318	-2.04792	1	8.12031e-319	1.26313	1.47923	-8.65603e-319	-0.0869305
4.19	-5.06874	4.19	1.7114e-318	-2.04961	1	8.17861e-319	1.26516	1.48464	-8.85781e-319	-0.0866952
4.2	-5.08925	4.2	1.71958e-318	-2.05129	1	8.17861e-319	1.26718	1.49006	-8.84753e-319	-0.0864612
4.21	-5.10977	4.21	1.72776e-318	-2.05298	1	8.17866e-319	1.26921	1.49548	-8.83745e-319	-0.0862284
4.22	-5.13031	4.22	1.73596e-318	-2.05465	1	8.23696e-319	1.27123	1.50091	-9.0417e-319	-0.0859969
4.23	-5.15086	4.23	1.7442e-318	-2.05633	1	8.23696e-319	1.27325	1.50634	-9.03142e-319	-0.0857665
4.24	-5.17143	4.24	1.75244e-318	-2.058	1	8.23701e-319	1.27528	1.51177	-9.02134e-319	-0.0855374
4.25	-5.19202	4.25	1.7607e-318	-2.05967	1	8.29531e-319	1.2773	1.5172	-9.22816e-319	-0.0853095
4.26	-5.21263	4.26	1.769e-318	-2.06133	1	8.29531e-319	1.27932	1.52264	-9.21773e-319	-0.0850827
4.27	-5.23325	4.27	1.77729e-318	-2.06299	1	8.29536e-319	1.28134	1.52808	-9.20711e-319	-0.0848572
4.28	-5.25389	4.28	1.78562e-318	-2.06465	1	8.35366e-319	1.28336	1.53353	-9.41655e-319	-0.0846328
4.29	-5.27454	4.29	1.79397e-318	-2.06631	1	8.35366e-319	1.28538	1.53897	-9.40597e-319	-0.0844096
4.3	-5.29521	4.3	1.80233e-318	-2.06796	1	8.35371e-319	1.28739	1.54442	-9.3953e-319	-0.0841875
4.31	-5.3159	4.31	1.81071e-318	-2.06961	1	8.41201e-319	1.28941	1.54988	-9.60735e-319	-0.0839666
4.32	-5.3366	4.32	1.81913e-318	-2.07125	1	8.41201e-319	1.29143	1.55533	-9.59663e-319	-0.0837469
4.33	-5.35733	4.33	1.82754e-318	-2.07289	1	8.41206e-319	1.29344	1.5608	-9.58616e-319	-0.0835282
4.34	-5.37806	4.34	1.83598e-318	-2.07453	1	8.47036e-319	1.29546	1.56626	-9.80083e-319	-0.0833107
4.35	-5.39882	4.35	1.84445e-318	-2.07617	1	8.47036e-319	1.29747	1.57173	-9.79016e-319	-0.0830943
4.36	-5.41959	4.36	1.85292e-318	-2.0778	1	8.47041e-319	1.29949	1.5772	-9.77973e-319	-0.082879
4.37	-5.44037	4.37	1.86142e-318	-2.07943	1	8.52871e-319	1.3015	1.58267	-9.99692e-319	-0.0826647
4.38	-5.46117	4.38	1.86994e-318	-2.08106	1	8.52871e-319	1.30351	1.58814	-9.98625e-319	-0.0824516
4.39	-5.48199	4.39	1.87847e-318	-2.08268	1	8.52876e-319	1.30553	1.59362	-9.97523e-319	-0.0822396
4.4	-5.50283	4.4	1.88703e-318	-2.0843	1	8.58706e-319	1.30754	1.59911	-1.01952e-318	-0.0820286
4.41	-5.52368	4.41	1.89562e-318	-2.08592	1	8.58706e-319	1.30955	1.60459	-1.01842e-318	-0.0818187
4.42	-5.54455	4.42	1.9042e-318	-2.08753	1	8.58711e-319	1.31156	1.61008	-1.01732e-318	-0.0816098
4.43	-5.56543	4.43	1.91282e-318	-2.08914	1	8.64541e-319	1.31357	1.61558	-1.03957e-318	-0.081402
4.44	-5.58633	4.44	1.92147e-318	-2.09075	1	8.64541e-319	1.31558	1.62107	-1.03847e-318	-0.0811952
4.45	-5.60724	4.45	1.93011e-318	-2.09236	1	8.64546e-319	1.31759	1.62657	-1.0374e-318	-0.0809895
4.46	-5.62818	4.46	1.93879e-318	-2.09396	1	8.70376e-319	1.3196	1.63207	-1.05991e-318	-0.0807848
4.47	-5.64912	4.47	1.94749e-318	-2.09556	1	8.70376e-319	1.3216	1.63758	-1.0588e-318	-0.0805811
4.48	-5.67009	4.48	1.9562e-318	-2.09716	1	8.70381e-319	1.32361	1.64309	-1.05772e-318	-0.0803784
4.49	-5.69107	4.49	1.96493e-318	-2.09875	1	8.76211e-319	1.32562	1.6486	-1.0805e-318	-0.0801767
4.5	-5.71206	4.5	1.97369e-318	-2.10034	1	8.76211e-319	1.32763	1.65412	-1.07937e-318	-0.079976
4.51	-5.73307	4.51	1.98245e-318	-2.10193	1	8.76216e-319	1.32963	1.65963	-1.07825e-318	-0.0797763
4.52	-5.7541	4.52	1.99124e-318	-2.10351	1	8.82046e-319	1.33164	1.66516	-1.1013e-318	-0.0795776
4.53	-5.77514	4.53	2.00006e-318	-2.10509	1	8.82046e-319	1.33364	1.67068	-1.10018e-318	-0.0793798
4.54	-5.7962	4.54	2.00888e-318	-2.10667	1	8.8205e-319	1.33565	1.67621	-1.09904e-318	-0.079183
4.55	-5.81728	4.55	2.01773e-318	-2.10825	1	8.8788e-319	1.33765	1.68174	-1.12237e-318	-0.0789872
4.56	-5.83837	4.56	2.02661e-318	-2.10982	1	8.8788e-319	1.33965	1.68728	-1.12123e-318	-0.0787923
4.57	-5.85947	4.57	2.03549e-318	-2.11139	1	8.87885e-319	1.34166	1.69282	-1.12012e-318	-0.0785984
4.58	-5.8806	4.58	2.04439e-318	-2.11296	1	8.93715e-319	1.34366	1.69836	-1.1437e-318	-0.0784054
4.59	-5.90173	4.59	2.05333e-318	-2.11452	1	8.93715e-319	1.34566	1.7039	-1.14256e-318	-0.0782133
4.6	-5.92289	4.6	2.06227e-318	-2.11608	1	8.9372e-319	1.34766	1.70945	-1.14144e-318	-0.0780222
4.61	-5.94405	4.61	2.07124e-318	-2.11764	1	8.9955e-319	1.34967	1.715	-1.1653e-318	-0.077832
4.62	-5.96524	4.62	2.08023e-318	-2.1192	1	8.9955e-319	1.35167	1.72056	-1.16414e-318	-0.0776427
4.63	-5.98644	4.63	2.08923e-318	-2.12075	1	8.99555e-319	1.35367	1.72612	-1.16297e-318	-0.0774543
4.64	-6.00765	4.64	2.09826e-318	-2.1223	1	9.05385e-319	1.35567	1.73168	-1.1871e-318	-0.0772668
4.65	-6.02888	4.65	2.10731e-318	-2.12385	1	9.05385e-319	1.35767	1.73724	-1.18593e-318	-0.0770802
4.66	-6.05013	4.66	2.11637e-318	-2.12539	1	9.0539e-319	1.35967	1.74281	-1.18474e-318	-0.0768945
4.67	-6.07139	4.67	2.12545e-318	-2.12693	1	9.1122e-319	1.36167	1.74838	-1.20916e-318	-0.0767097
4.68	-6.09267	4.68	2.13456e-318	-2.12847	1	9.1122e-319	1.36367	1.75396	-1.20798e-318	-0.0765257
4.69	-6.11396	4.69	2.14367e-318	-2.13001	1	9.11225e-319	1.36567	1.75954	-1.20684e-318	-0.0763426
4.7	-6.13527	4.7	2.15281e-318	-2.13154	1	9.17055e-319	1.36766	1.76512	-1.23152e-318	-0.0761604
4.71	-6.15659	4.71	2.16198e-318	-2.13307	1	9.17055e-319	1.36966	1.7707	-1.23033e-318	-0.075979
4.72	-6.17793	4.72	2.17115e-318	-2.1346	1	9.1706e-319	1.37166	1.77629	-1.22918e-318	-0.0757985
4.73	-6.19928	4.73	2.18035e-318	-2.13613	1	9.2289e-319	1.37366	1.78188	-1.25414e-318	-0.0756188
4.74	-6.22065	4.74	2.18958e-318	-2.13765	1	9.2289e-319	1.37565	1.78748	-1.25294e-318	-0.07544
4.75	-6.24204	4.75	2.19881e-318	-2.13917	1	9.22895e-319	1.37765	1.79308	-1.25174e-318	-0.075262
4.76	-6.26344	4.76	2.20807e-318	-2.14069	1	9.28725e-319	1.37965	1.79868	-1.27696e-318	-0.0750848
4.77	-6.28485	4.77	2.21736e-318	-2.1422	1	9.28725e-319	1.38164	1.80428	-1.27576e-318	-0.0749085
4.78	-6.30628	4.78	2.22665e-318	-2.14372	1	9.2873e-319	1.38364	1.80989	-1.27454e-318	-0.0747329
4.79	-6.32773	4.79	2.23596e-318	-2.14522	1	9.3456e-319	1.38563	1.81551	-1.30004e-318	-0.0745582
4.8	-6.34919	4.8	2.24531e-318	-2.14673	1	9.3456e-319	1.38763	1.82112	-1.29882e-318	-0.0743843
4.81	-6.37066	4.81	2.25466e-318	-2.14824	1	9.34565e-319	1.38963	1.82674	-1.29765e-318	-0.0742111
4.82	-6.39215	4.82	2.26403e-318	-2.14974	1	9.40395e-319	1.39162	1.83236	-1.32344e-318	-0.0740388
4.83	-6.41366	4.83	2.27343e-318	-2.15124	1	9.40395e-319	1.39361	1.83799	-1.32221e-318	-0.0738673
4.84	-6.43517	4.84	2.28284e-318	-2.15273	1	9.404e-319	1.39561	1.84361	-1.32102e-318	-0.0736965
4.85	-6.45671	4.85	2.29227e-318	-2.15423	1	9.4623e-319	1.3976	1.84925	-1.34709e-318	-0.0735265
4.86	-6.47826	4.86	2.30173e-318	-2.15572	1	9.4623e-319	1.3996	1.85488	-1.34586e-318	-0.0733573
4.87	-6.49982	4.87	2.31119e-318	-2.15721	1	9.46235e-319	1.40159	1.86052	-1.34462e-318	-0.0731889
4.88	-6.5214	4.88	2.32068e-318	-2.1587	1	9.52064e-319	1.40358	1.86616	-1.37095e-318	-0.0730212
4.89	-6.543	4.89	2.3302e-318	-2.16018	1	9.52064e-319	1.40558	1.87181	-1.36972e-318	-0.0728543
4.9	-6.56461	4.9	2.33972e-318	-2.16166	1	9.52069e-319	1.40757	1.87746	-1.36846e-318	-0.0726881
4.91	-6.58623	4.91	2.34927e-318	-2.16314	1	9.57899e-319	1.40956	1.88311	-1.39509e-318	-0.0725227
4.92	-6.60787	4.92	2.35885e-318	-2.16462	1	9.57899e-319	1.41155	1.88877	-1.39384e-318	-0.072358
4.93	-6.62952	4.93	2.36843e-318	-2.16609	1	9.57904e-319	1.41355	1.89443	-1.39262e-318	-0.0721941
4.94	-6.65119	4.94	2.37804e-318	-2.16756	1	9.63734e-319	1.41554	1.90009	-1.41952e-318	-0.0720309
4.95	-6.67287	4.95	2.38768e-318	-2.16903	1	9.63734e-319	1.41753	1.90575	-1.41825e-318	-0.0718684
4.96	-6.69457	4.96	2.39732e-318	-2.1705	1	9.63739e-319	1.41952	1.91142	-1.41703e-318	-0.0717067
4.97	-6.71628	4.97	2.40699e-318	-2.17196	1	9.69569e-319	1.42151	1.9171	-1.44421e-318	-0.0715456
4.98	-6.73801	4.98	2.41668e-318	-2.17342	1	9.69569e-319	1.42351	1.92277	-1.44294e-318	-0.0713853
4.99	-6.75975	4.99	2.42638e-318	-2.17488	1	9.69574e-319	1.4255	1.92845	-1.44167e-318	-0.0712257
5	-6.78151	5	2.4361e-318	-2.17634	1	9.75404e-319	1.42749	1.93413	-1.46914e-318	-0.0710668
5.01	-6.80328	5.01	2.44585e-318	-2.17779	1	9.75404e-319	1.42948	1.93982	-1.46786e-318	-0.0709086
5.02	-6.82507	5.02	2.45561e-318	-2.17925	1	9.75409e-319	1.43147	1.94551	-1.46658e-318	-0.0707511
5.03	-6.84686	5.03	2.46539e-318	-2.1807	1	9.81239e-319	1.43346	1.9512	-1.49433e-318	-0.0705943
5.04	-6.86868	5.04	2.4752e-318	-2.18214	1	9.81239e-319	1.43545	1.9569	-1.49305e-318	-0.0704381
5.05	-6.89051	5.05	2.48501e-318	-2.18359	1	9.81244e-319	1.43744	1.9626	-1.4918e-318	-0.0702827
5.06	-6.91235	5.06	2.49485e-318	-2.18503	1	9.87074e-319	1.43943	1.9683	-1.51983e-318	-0.0701279
5.07	-6.93421	5.07	2.50473e-318	-2.18647	1	9.87074e-319	1.44142	1.97401	-1.51854e-318	-0.0699738
5.08	-6.95608	5.08	2.5146e-318	-2.18791	1	9.87079e-319	1.44341	1.97972	-1.51728e-318	-0.0698203
5.09	-6.97797	5.09	2.5245e-318	-2.18934	1	9.92909e-319	1.4454	1.98543	-1.54561e-318	-0.0696676
5.1	-6.99987	5.1	2.53443e-318	-2.19078	1	9.92909e-319	1.44739	1.99115	-1.5443e-318	-0.0695155
5.11	-7.02178	5.11	2.54436e-318	-2.19221	1	9.92914e-319	1.44938	1.99687	-1.54297e-318	-0.069364
5.12	-7.04371	5.12	2.55432e-318	-2.19364	1	9.98744e-319	1.45137	2.0026	-1.57159e-318	-0.0692132
5.13	-7.06565	5.13	2.5643e-318	-2.19506	1	9.98744e-319	1.45336	2.00832	-1.57028e-318	-0.069063
5.14	-7.08761	5.14	2.57429e-318	-2.19649	1	9.98749e-319	1.45535	2.01405	-1.56895e-318	-0.0689135
5.15	-7.10958	5.15	2.5843e-318	-2.19791	1	1.00458e-318	1.45734	2.01979	-1.59786e-318	-0.0687647
5.16	-7.13157	5.16	2.59435e-318	-2.19933	1	1.00458e-318	1.45933	2.02553	-1.59653e-318	-0.0686164
5.17	-7.15357	5.17	2.60439e-318	-2.20075	1	1.00458e-318	1.46132	2.03127	-1.59525e-318	-0.0684688
5.18	-7.17559	5.18	2.61447e-318	-2.20216	1	1.01041e-318	1.4633	2.03701	-1.62445e-318	-0.0683218
5.19	-7.19761	5.19	2.62457e-318	-2.20357	1	1.01041e-318	1.46529	2.04276	-1.6231e-318	-0.0681755
5.2	-7.21966	5.2	2.63467e-318	-2.20498	1	1.01042e-318	1.46728	2.04851	-1.62181e-318	-0.0680297
5.21	-7.24171	5.21	2.64481e-318	-2.20639	1	1.01625e-318	1.46927	2.05426	-1.6513e-318	-0.0678846
5.22	-7.26379	5.22	2.65497e-318	-2.2078	1	1.01625e-318	1.47126	2.06002	-1.64995e-318	-0.0677401
5.23	-7.28587	5.23	2.66513e-318	-2.2092	1	1.01625e-318	1.47325	2.06578	-1.64861e-318	-0.0675962
5.24	-7.30797	5.24	2.67533e-318	-2.2106	1	1.02208e-318	1.47524	2.07155	-1.67838e-318	-0.0674529
5.25	-7.33008	5.25	2.68555e-318	-2.212	1	1.02208e-318	1.47722	2.07732	-1.67702e-318	-0.0673102
5.26	-7.35221	5.26	2.69577e-318	-2.2134	1	1.02209e-318	1.47921	2.08309	-1.67565e-318	-0.0671681
5.27	-7.37435	5.27	2.70602e-318	-2.21479	1	1.02792e-318	1.4812	2.08886	-1.70572e-318	-0.0670266
5.28	-7.3965	5.28	2.7163e-318	-2.21619	1	1.02792e-318	1.48319	2.09464	-1.70435e-318	-0.0668857
5.29	-7.41867	5.29	2.72659e-318	-2.21758	1	1.02792e-318	1.48518	2.10043	-1.70301e-318	-0.0667453
5.3	-7.44086	5.3	2.73689e-318	-2.21896	1	1.03375e-318	1.48717	2.10621	-1.73339e-318	-0.0666056
5.31	-7.46305	5.31	2.74723e-318	-2.22035	1	1.03375e-318	1.48915	2.112	-1.73202e-318	-0.0664664
5.32	-7.48526	5.32	2.75756e-318	-2.22173	1	1.03376e-318	1.49114	2.11779	-1.73069e-318	-0.0663278
5.33	-7.50749	5.33	2.76793e-318	-2.22312	1	1.03959e-318	1.49313	2.12359	-1.76135e-318	-0.0661898
5.34	-7.52973	5.34	2.77832e-318	-2.2245	1	1.03959e-318	1.49512	2.12939	-1.75997e-318	-0.0660523
5.35	-7.55198	5.35	2.78872e-318	-2.22587	1	1.03959e-318	1.49711	2.13519	-1.75857e-318	-0.0659154
5.36	-7.57424	5.36	2.79914e-318	-2.22725	1	1.04542e-318	1.49909	2.141	-1.78953e-318	-0.0657791
5.37	-7.59652	5.37	2.8096e-318	-2.22862	1	1.04542e-318	1.50108	2.14681	-1.78813e-318	-0.0656433
5.38	-7.61882	5.38	2.82005e-318	-2.22999	1	1.04543e-318	1.50307	2.15262	-1.78673e-318	-0.0655081
5.39	-7.64112	5.39	2.83054e-318	-2.23136	1	1.05126e-318	1.50506	2.15844	-1.81798e-318	-0.0653734
5.4	-7.66344	5.4	2.84105e-318	-2.23273	1	1.05126e-318	1.50705	2.16426	-1.81657e-318	-0.0652393
5.41	-7.68578	5.41	2.85156e-318	-2.23409	1	1.05126e-318	1.50903	2.17008	-1.81522e-318	-0.0651057
5.42	-7.70812	5.42	2.86211e-318	-2.23546	1	1.05709e-318	1.51102	2.17591	-1.84676e-318	-0.0649727
5.43	-7.73049	5.43	2.87268e-318	-2.23682	1	1.05709e-318	1.51301	2.18174	-1.84535e-318	-0.0648402
5.44	-7.75286	5.44	2.88325e-318	-2.23818	1	1.0571e-318	1.515	2.18757	-1.84398e-318	-0.0647082
5.45	-7.77525	5.45	2.89385e-318	-2.23953	1	1.06293e-318	1.51699	2.19341	-1.87583e-318	-0.0645768
5.46	-7.79765	5.46	2.90448e-318	-2.24089	1	1.06293e-318	1.51897	2.19925	-1.87441e-318	-0.0644459
5.47	-7.82007	5.47	2.91511e-318	-2.24224	1	1.06293e-318	1.52096	2.20509	-1.87298e-318	-0.0643155
5.48	-7.8425	5.48	2.92576e-318	-2.24359	1	1.06876e-318	1.52295	2.21094	-1.90513e-318	-0.0641856
5.49	-7.86494	5.49	2.93645e-318	-2.24494	1	1.06876e-318	1.52494	2.21679	-1.9037e-318	-0.0640563
5.5	-7.8874	5.5	2.94714e-318	-2.24629	1	1.06877e-318	1.52693	2.22264	-1.90226e-318	-0.0639275
5.51	-7.90986	5.51	2.95785e-318	-2.24763	1	1.0746e-318	1.52891	2.2285	-1.93471e-318	-0.0637992
5.52	-7.93235	5.52	2.9686e-318	-2.24897	1	1.0746e-318	1.5309	2.23436	-1.93326e-318	-0.0636713
5.53	-7.95484	5.53	2.97934e-318	-2.25031	1	1.0746e-318	1.53289	2.24023	-1.93187e-318	-0.0635441
5.54	-7.97735	5.54	2.99012e-318	-2.25165	1	1.08043e-318	1.53488	2.2461	-1.96462e-318	-0.0634173
5.55	-7.99988	5.55	3.00093e-318	-2.25299	1	1.08043e-318	1.53687	2.25197	-1.96317e-318	-0.063291
5.56	-8.02241	5.56	3.01173e-318	-2.25432	1	1.08044e-318	1.53885	2.25784	-1.96176e-318	-0.0631652
5.57	-8.04496	5.57	3.02257e-318	-2.25565	1	1.08627e-318	1.54084	2.26372	-1.99481e-318	-0.0630399
5.58	-8.06753	5.58	3.03343e-318	-2.25698	1	1.08627e-318	1.54283	2.2696	-1.99335e-318	-0.0629151
5.59	-8.0901	5.59	3.04429e-318	-2.25831	1	1.08627e-318	1.54482	2.27549	-1.99187e-318	-0.0627907
5.6	-8.11269	5.6	3.05519e-318	-2.25964	1	1.0921e-318	1.54681	2.28138	-2.02523e-318	-0.0626669
5.61	-8.1353	5.61	3.06611e-318	-2.26096	1	1.0921e-318	1.5488	2.28727	-2.02376e-318	-0.0625436
5.62	-8.15791	5.62	3.07703e-318	-2.26229	1	1.09211e-318	1.55079	2.29317	-2.02228e-318	-0.0624207
5.63	-8.18054	5.63	3.08797e-318	-2.26361	1	1.09794e-318	1.55277	2.29907	-2.05595e-318	-0.0622983
5.64	-8.20318	5.64	3.09895e-318	-2.26493	1	1.09794e-318	1.55476	2.30497	-2.05446e-318	-0.0621764
5.65	-8.22584	5.65	3.10993e-318	-2.26624	1	1.09794e-318	1.55675	2.31087	-2.05304e-318	-0.0620549
5.66	-8.24851	5.66	3.12094e-318	-2.26756	1	1.10377e-318	1.55874	2.31678	-2.087e-318	-0.061934
5.67	-8.27119	5.67	3.13198e-318	-2.26887	1	1.10377e-318	1.56073	2.3227	-2.08551e-318	-0.0618135
5.68	-8.29389	5.68	3.14301e-318	-2.27018	1	1.10378e-318	1.56272	2.32861	-2.08407e-318	-0.0616934
5.69	-8.3166	5.69	3.15408e-318	-2.27149	1	1.10961e-318	1.56471	2.33453	-2.11834e-318	-0.0615738
5.7	-8.33932	5.7	3.16518e-318	-2.2728	1	1.10961e-318	1.5667	2.34046	-2.11683e-318	-0.0614547
5.71	-8.36205	5.71	3.17627e-318	-2.2741	1	1.10961e-318	1.56869	2.34638	-2.11532e-318	-0.0613361
5.72	-8.3848	5.72	3.1874e-318	-2.27541	1	1.11544e-318	1.57068	2.35231	-2.14991e-318	-0.0612178
5.73	-8.40756	5.73	3.19856e-318	-2.27671	1	1.11544e-318	1.57267	2.35825	-2.1484e-318	-0.0611001
5.74	-8.43033	5.74	3.20971e-318	-2.27801	1	1.11545e-318	1.57465	2.36418	-2.14687e-318	-0.0609828
5.75	-8.45312	5.75	3.2209e-318	-2.27931	1	1.12128e-318	1.57664	2.37013	-2.18175e-318	-0.0608659
5.76	-8.47592	5.76	3.23211e-318	-2.2806	1	1.12128e-318	1.57863	2.37607	-2.18023e-318	-0.0607495
5.77	-8.49873	5.77	3.24333e-318	-2.2819	1	1.12128e-318	1.58062	2.38202	-2.17877e-318	-0.0606335
5.78	-8.52156	5.78	3.25457e-318	-2.28319	1	1.12711e-318	1.58261	2.38797	-2.21396e-318	-0.060518
5.79	-8.5444	5.79	3.26584e-318	-2.28448	1	1.12711e-318	1.5846	2.39392	-2.21243e-318	-0.0604029
5.8	-8.56725	5.8	3.27711e-318	-2.28577	1	1.12712e-318	1.58659	2.39988	-2.21096e-318	-0.0602882
5.81	-8.59011	5.81	3.28841e-318	-2.28706	1	1.13295e-318	1.58858	2.40584	-2.24646e-318	-0.0601739
5.82	-8.61299	5.82	3.29974e-318	-2.28834	1	1.13295e-318	1.59057	2.41181	-2.24492e-318	-0.0600601
5.83	-8.63588	5.83	3.31106e-318	-2.28962	1	1.13295e-318	1.59256	2.41778	-2.24337e-318	-0.0599467
5.84	-8.65878	5.84	3.32242e-318	-2.29091	1	1.13878e-318	1.59455	2.42375	-2.27919e-318	-0.0598338
5.85	-8.6817	5.85	3.33381e-318	-2.29218	1	1.13878e-318	1.59655	2.42972	-2.27764e-318	-0.0597212
5.86	-8.70462	5.86	3.3452e-318	-2.29346	1	1.13879e-318	1.59854	2.4357	-2.27608e-318	-0.0596091
5.87	-8.72756	5.87	3.35662e-318	-2.29474	1	1.14462e-318	1.60053	2.44168	-2.31221e-318	-0.0594974
5.88	-8.75052	5.88	3.36807e-318	-2.29601	1	1.14462e-318	1.60252	2.44767	-2.31065e-318	-0.0593861
5.89	-8.77349	5.89	3.37951e-318	-2.29729	1	1.14462e-318	1.60451	2.45366	-2.30914e-318	-0.0592752
5.9	-8.79646	5.9	3.39099e-318	-2.29856	1	1.15045e-318	1.6065	2.45965	-2.34559e-318	-0.0591648
5.91	-8.81946	5.91	3.4025e-318	-2.29983	1	1.15045e-318	1.60849	2.46565	-2.34401e-318	-0.0590547
5.92	-8.84246	5.92	3.414e-318	-2.30109	1	1.15046e-318	1.61048	2.47165	-2.34248e-318	-0.0589451
5.93	-8.86548	5.93	3.42553e-318	-2.30236	1	1.15629e-318	1.61247	2.47765	-2.37925e-318	-0.0588358
5.94	-8.88851	5.94	3.4371e-318	-2.30362	1	1.15629e-318	1.61447	2.48365	-2.37767e-318	-0.058727
5.95	-8.91155	5.95	3.44866e-318	-2.30488	1	1.15629e-318	1.61646	2.48966	-2.37608e-318	-0.0586185
5.96	-8.93461	5.96	3.46025e-318	-2.30614	1	1.16212e-318	1.61845	2.49568	-2.41316e-318	-0.0585105
5.97	-8.95767	5.97	3.47187e-318	-2.3074	1	1.16212e-318	1.62044	2.50169	-2.41157e-318	-0.0584028
5.98	-8.98075	5.98	3.48349e-318	-2.30866	1	1.16213e-318	1.62243	2.50771	-2.40998e-318	-0.0582955
5.99	-9.00385	5.99	3.49514e-318	-2.30991	1	1.16796e-318	1.62443	2.51374	-2.44736e-318	-0.0581887
6	-9.02695	6	3.50682e-318	-2.31117	1	1.16796e-318	1.62642	2.51976	-2.44576e-318	-0.0580822
6.01	-9.05007	6.01	3.5185e-318	-2.31242	1	1.16796e-318	1.62841	2.5258	-2.44421e-318	-0.0579761
6.02	-9.0732	6.02	3.53021e-318	-2.31367	1	1.17379e-318	1.63041	2.53183	-2.48192e-318	-0.0578704
6.03	-9.09634	6.03	3.54195e-318	-2.31492	1	1.17379e-318	1.6324	2.53787	-2.48031e-318	-0.057765
6.04	-9.1195	6.04	3.55369e-318	-2.31616	1	1.1738e-318	1.63439	2.54391	-2.47876e-318	-0.0576601
6.05	-9.14267	6.05	3.56545e-318	-2.31741	1	1.17963e-318	1.63638	2.54995	-2.51678e-318	-0.0575555
6.06	-9.16585	6.06	3.57725e-318	-2.31865	1	1.17963e-318	1.63838	2.556	-2.51515e-318	-0.0574513
6.07	-9.18904	6.07	3.58905e-318	-2.31989	1	1.17963e-318	1.64037	2.56205	-2.51352e-318	-0.0573475
6.08	-9.21224	6.08	3.60087e-318	-2.32113	1	1.18546e-318	1.64237	2.5681	-2.55187e-318	-0.057244
6.09	-9.23546	6.09	3.61273e-318	-2.32237	1	1.18546e-318	1.64436	2.57416	-2.55023e-318	-0.057141
6.1	-9.25869	6.1	3.62458e-318	-2.32361	1	1.18547e-318	1.64635	2.58022	-2.54859e-318	-0.0570382
6.11	-9.28193	6.11	3.63646e-318	-2.32484	1	1.1913e-318	1.64835	2.58629	-2.58726e-318	-0.0569359
6.12	-9.30519	6.12	3.64837e-318	-2.32607	1	1.1913e-318	1.65034	2.59236	-2.58562e-318	-0.0568339
6.13	-9.32846	6.13	3.66029e-318	-2.32731	1	1.1913e-318	1.65234	2.59843	-2.58404e-318	-0.0567323
6.14	-9.35173	6.14	3.67223e-318	-2.32853	1	1.19713e-318	1.65433	2.6045	-2.62302e-318	-0.056631
6.15	-9.37503	6.15	3.6842e-318	-2.32976	1	1.19713e-318	1.65633	2.61058	-2.62138e-318	-0.0565301
6.16	-9.39833	6.16	3.69617e-318	-2.33099	1	1.19714e-318	1.65832	2.61667	-2.61978e-318	-0.0564296
6.17	-9.42165	6.17	3.70817e-318	-2.33221	1	1.20297e-318	1.66032	2.62275	-2.65909e-318	-0.0563294
6.18	-9.44497	6.18	3.7202e-318	-2.33344	1	1.20297e-318	1.66231	2.62884	-2.65743e-318	-0.0562295
6.19	-9.46831	6.19	3.73223e-318	-2.33466	1	1.20297e-318	1.66431	2.63493	-2.65575e-318	-0.05613
6.2	-9.49167	6.2	3.74429e-318	-2.33588	1	1.2088e-318	1.6663	2.64103	-2.69538e-318	-0.0560309
6.21	-9.51503	6.21	3.75638e-318	-2.3371	1	1.2088e-318	1.6683	2.64713	-2.6937e-318	-0.0559321
6.22	-9.53841	6.22	3.76847e-318	-2.33831	1	1.20881e-318	1.6703	2.65323	-2.69202e-318	-0.0558337
6.23	-9.5618	6.23	3.78059e-318	-2.33953	1	1.21464e-318	1.67229	2.65934	-2.73196e-318	-0.0557356
6.24	-9.5852	6.24	3.79273e-318	-2.34074	1	1.21464e-318	1.67429	2.66545	-2.73029e-318	-0.0556378
6.25	-9.60861	6.25	3.80488e-318	-2.34195	1	1.21464e-318	1.67628	2.67156	-2.72868e-318	-0.0555404
6.26	-9.63204	6.26	3.81705e-318	-2.34316	1	1.22047e-318	1.67828	2.67768	-2.76894e-318	-0.0554433
6.27	-9.65548	6.27	3.82926e-318	-2.34437	1	1.22047e-318	1.68028	2.6838	-2.76726e-318	-0.0553466
6.28	-9.67893	6.28	3.84146e-318	-2.34558	1	1.22048e-318	1.68228	2.68992	-2.76563e-318	-0.0552501
6.29	-9.70239	6.29	3.85369e-318	-2.34679	1	1.22631e-318	1.68427	2.69605	-2.80622e-318	-0.0551541
6.3	-9.72586	6.3	3.86595e-318	-2.34799	1	1.22631e-318	1.68627	2.70218	-2.80452e-318	-0.0550583
6.31	-9.74935	6.31	3.87822e-318	-2.34919	1	1.22631e-318	1.68827	2.70831	-2.80281e-318	-0.0549629
6.32	-9.77285	6.32	3.89051e-318	-2.35039	1	1.23214e-318	1.69027	2.71445	-2.84374e-318	-0.0548678
6.33	-9.79636	6.33	3.90283e-318	-2.35159	1	1.23214e-318	1.69226	2.72059	-2.84203e-318	-0.0547731
6.34	-9.81988	6.34	3.91515e-318	-2.35279	1	1.23215e-318	1.69426	2.72673	-2.84031e-318	-0.0546786
6.35	-9.84341	6.35	3.92751e-318	-2.35399	1	1.23798e-318	1.69626	2.73288	-2.88154e-318	-0.0545845
6.36	-9.86696	6.36	3.93989e-318	-2.35518	1	1.23798e-318	1.69826	2.73903	-2.87982e-318	-0.0544907
6.37	-9.89052	6.37	3.95227e-318	-2.35637	1	1.23798e-318	1.70026	2.74519	-2.87816e-318	-0.0543972
6.38	-9.91409	6.38	3.96468e-318	-2.35757	1	1.24381e-318	1.70226	2.75134	-2.91974e-318	-0.0543041
6.39	-9.93767	6.39	3.97712e-318	-2.35876	1	1.24381e-318	1.70426	2.75751	-2.91801e-318	-0.0542112
6.4	-9.96126	6.4	3.98956e-318	-2.35995	1	1.24382e-318	1.70626	2.76367	-2.91634e-318	-0.0541187
6.41	-9.98487	6.41	4.00203e-318	-2.36113	1	1.24965e-318	1.70826	2.76984	-2.95824e-318	-0.0540265
6.42	-10.0085	6.42	4.01452e-318	-2.36232	1	1.24965e-318	1.71026	2.77601	-2.95651e-318	-0.0539346
6.43	-10.0321	6.43	4.02702e-318	-2.3635	1	1.24965e-318	1.71226	2.78218	-2.95475e-318	-0.053843
6.44	-10.0558	6.44	4.03954e-318	-2.36468	1	1.25548e-318	1.71426	2.78836	-2.997e-318	-0.0537517
6.45	-10.0794	6.45	4.05209e-318	-2.36587	1	1.25548e-318	1.71626	2.79455	-2.99524e-318	-0.0536608
6.46	-10.1031	6.46	4.06465e-318	-2.36704	1	1.25549e-318	1.71826	2.80073	-2.99348e-318	-0.0535701
6.47	-10.1267	6.47	4.07723e-318	-2.36822	1	1.26132e-318	1.72026	2.80692	-3.03605e-318	-0.0534797
6.48	-10.1504	6.48	4.08985e-318	-2.3694	1	1.26132e-318	1.72226	2.81311	-3.03428e-318	-0.0533897
6.49	-10.1741	6.49	4.10246e-318	-2.37057	1	1.26132e-318	1.72426	2.81931	-3.03258e-318	-0.0532999
6.5	-10.1978	6.5	4.1151e-318	-2.37175	1	1.26715e-318	1.72626	2.82551	-3.07547e-318	-0.0532105
6.51	-10.2216	6.51	4.12778e-318	-2.37292	1	1.26715e-318	1.72827	2.83171	-3.07371e-318	-0.0531213
6.52	-10.2453	6.52	4.14045e-318	-2.37409	1	1.26715e-318	1.73027	2.83791	-3.07199e-318	-0.0530324
6.53	-10.2691	6.53	4.15315e-318	-2.37526	1	1.27298e-318	1.73227	2.84412	-3.11522e-318	-0.0529439
6.54	-10.2928	6.54	4.16588e-318	-2.37643	1	1.27298e-318	1.73427	2.85034	-3.11343e-318	-0.0528556
6.55	-10.3166	6.55	4.17861e-318	-2.37759	1	1.27299e-318	1.73628	2.85655	-3.11164e-318	-0.0527676
6.56	-10.3404	6.56	4.19137e-318	-2.37876	1	1.27882e-318	1.73828	2.86277	-3.1552e-318	-0.0526799
6.57	-10.3642	6.57	4.20416e-318	-2.37992	1	1.27882e-318	1.74028	2.86899	-3.1534e-318	-0.0525925
6.58	-10.388	6.58	4.21694e-318	-2.38108	1	1.27882e-318	1.74228	2.87522	-3.15161e-318	-0.0525054
6.59	-10.4118	6.59	4.22976e-318	-2.38224	1	1.28465e-318	1.74429	2.88145	-3.19551e-318	-0.0524186
6.6	-10.4356	6.6	4.24261e-318	-2.3834	1	1.28465e-318	1.74629	2.88768	-3.1937e-318	-0.052332
6.61	-10.4594	6.61	4.25545e-318	-2.38456	1	1.28466e-318	1.7483	2.89392	-3.19197e-318	-0.0522458
6.62	-10.4833	6.62	4.26833e-318	-2.38572	1	1.29049e-318	1.7503	2.90016	-3.2362e-318	-0.0521598
6.63	-10.5072	6.63	4.28123e-318	-2.38687	1	1.29049e-318	1.7523	2.9064	-3.23438e-318	-0.0520741
6.64	-10.531	6.64	4.29414e-318	-2.38802	1	1.29049e-318	1.75431	2.91265	-3.23265e-318	-0.0519887
6.65	-10.5549	6.65	4.30707e-318	-2.38918	1	1.29632e-318	1.75631	2.9189	-3.27721e-318	-0.0519035
6.66	-10.5788	6.66	4.32004e-318	-2.39033	1	1.29632e-318	1.75832	2.92516	-3.27537e-318	-0.0518187
6.67	-10.6027	6.67	4.333e-318	-2.39148	1	1.29633e-318	1.76033	2.93141	-3.27355e-318	-0.0517341
6.68	-10.6266	6.68	4.34599e-318	-2.39262	1	1.30216e-318	1.76233	2.93767	-3.31844e-318	-0.0516498
6.69	-10.6506	6.69	4.35902e-318	-2.39377	1	1.30216e-318	1.76434	2.94394	-3.3166e-318	-0.0515657
6.7	-10.6745	6.7	4.37204e-318	-2.39491	1	1.30216e-318	1.76634	2.9502	-3.31476e-318	-0.0514819
6.71	-10.6985	6.71	4.38509e-318	-2.39606	1	1.30799e-318	1.76835	2.95648	-3.36e-318	-0.0513985
6.72	-10.7224	6.72	4.39817e-318	-2.3972	1	1.30799e-318	1.77036	2.96275	-3.35815e-318	-0.0513152
6.73	-10.7464	6.73	4.41125e-318	-2.39834	1	1.308e-318	1.77236	2.96903	-3.35637e-318	-0.0512323
6.74	-10.7704	6.74	4.42436e-318	-2.39948	1	1.31383e-318	1.77437	2.97531	-3.40197e-318	-0.0511496
6.75	-10.7944	6.75	4.4375e-318	-2.40062	1	1.31383e-318	1.77638	2.98159	-3.40011e-318	-0.0510671
6.76	-10.8184	6.76	4.45063e-318	-2.40175	1	1.31383e-318	1.77838	2.98788	-3.39832e-318	-0.050985
6.77	-10.8424	6.77	4.4638e-318	-2.40289	1	1.31966e-318	1.78039	2.99417	-3.44424e-318	-0.0509031
6.78	-10.8665	6.78	4.477e-318	-2.40402	1	1.31966e-318	1.7824	3.00047	-3.44237e-318	-0.0508214
6.79	-10.8905	6.79	4.49019e-318	-2.40516	1	1.31967e-318	1.78441	3.00676	-3.4405e-318	-0.05074
6.8	-10.9146	6.8	4.50342e-318	-2.40629	1	1.3255e-318	1.78642	3.01307	-3.48676e-318	-0.0506589
6.81	-10.9387	6.81	4.51667e-318	-2.40742	1	1.3255e-318	1.78843	3.01937	-3.48488e-318	-0.050578
6.82	-10.9627	6.82	4.52993e-318	-2.40854	1	1.3255e-318	1.79044	3.02568	-3.48298e-318	-0.0504974
6.83	-10.9868	6.83	4.54322e-318	-2.40967	1	1.33133e-318	1.79244	3.03199	-3.52959e-318	-0.0504171
6.84	-11.0109	6.84	4.55653e-318	-2.4108	1	1.33133e-318	1.79445	3.03831	-3.52769e-318	-0.050337
6.85	-11.035	6.85	4.56985e-318	-2.41192	1	1.33134e-318	1.79646	3.04462	-3.52587e-318	-0.0502571
6.86	-11.0592	6.86	4.58319e-318	-2.41304	1	1.33717e-318	1.79847	3.05095	-3.57281e-318	-0.0501775
6.87	-11.0833	6.87	4.59656e-318	-2.41417	1	1.33717e-318	1.80048	3.05727	-3.57092e-318	-0.0500982
6.88	-11.1074	6.88	4.60993e-318	-2.41529	1	1.33717e-318	1.80249	3.0636	-3.5691e-318	-0.0500191
6.89	-11.1316	6.89	4.62333e-318	-2.4164	1	1.343e-318	1.80451	3.06993	-3.61638e-318	-0.0499402
6.9	-11.1558	6.9	4.63676e-318	-2.41752	1	1.343e-318	1.80652	3.07627	-3.61448e-318	-0.0498616
6.91	-11.18	6.91	4.65019e-318	-2.41864	1	1.34301e-318	1.80853	3.08261	-3.61256e-318	-0.0497833
6.92	-11.2041	6.92	4.66364e-318	-2.41975	1	1.34884e-318	1.81054	3.08895	-3.66019e-318	-0.0497052
6.93	-11.2284	6.93	4.67713e-318	-2.42087	1	1.34884e-318	1.81255	3.09529	-3.65827e-318	-0.0496273
6.94	-11.2526	6.94	4.69062e-318	-2.42198	1	1.34884e-318	1.81456	3.10164	-3.65634e-318	-0.0495497
6.95	-11.2768	6.95	4.70414e-318	-2.42309	1	1.35467e-318	1.81658	3.108	-3.70431e-318	-0.0494723
6.96	-11.301	6.96	4.71768e-318	-2.4242	1	1.35467e-318	1.81859	3.11435	-3.70238e-318	-0.0493951
6.97	-11.3253	6.97	4.73123e-318	-2.42531	1	1.35468e-318	1.8206	3.12071	-3.70052e-318	-0.0493182
6.98	-11.3495	6.98	4.74481e-318	-2.42642	1	1.36051e-318	1.82261	3.12707	-3.74883e-318	-0.0492416
6.99	-11.3738	6.99	4.75842e-318	-2.42752	1	1.36051e-318	1.82463	3.13344	-3.7469e-318	-0.0491651
7	-11.3981	7	4.77202e-318	-2.42863	1	1.36051e-318	1.82664	3.13981	-3.74503e-318	-0.0490889
7.01	-11.4224	7.01	4.78566e-318	-2.42973	1	1.36634e-318	1.82865	3.14618	-3.79368e-318	-0.049013
7.02	-11.4467	7.02	4.79932e-318	-2.43083	1	1.36634e-318	1.83067	3.15256	-3.79173e-318	-0.0489373
7.03	-11.471	7.03	4.81299e-318	-2.43193	1	1.36635e-318	1.83268	3.15894	-3.78977e-318	-0.0488618
7.04	-11.4953	7.04	4.82668e-318	-2.43303	1	1.37218e-318	1.8347	3.16532	-3.83878e-318	-0.0487865
7.05	-11.5197	7.05	4.8404e-318	-2.43413	1	1.37218e-318	1.83671	3.17171	-3.83682e-318	-0.0487115
7.06	-11.544	7.06	4.85412e-318	-2.43523	1	1.37218e-318	1.83873	3.1781	-3.83485e-318	-0.0486367
7.07	-11.5684	7.07	4.86787e-318	-2.43632	1	1.37801e-318	1.84074	3.18449	-3.88421e-318	-0.0485621
7.08	-11.5927	7.08	4.88165e-318	-2.43742	1	1.37801e-318	1.84276	3.19089	-3.88223e-318	-0.0484877
7.09	-11.6171	7.09	4.89543e-318	-2.43851	1	1.37802e-318	1.84478	3.19729	-3.88034e-318	-0.0484136
7.1	-11.6415	7.1	4.90924e-318	-2.4396	1	1.38385e-318	1.84679	3.20369	-3.93005e-318	-0.0483397
7.11	-11.6659	7.11	4.92308e-318	-2.44069	1	1.38385e-318	1.84881	3.2101	-3.92806e-318	-0.0482661
7.12	-11.6903	7.12	4.93692e-318	-2.44178	1	1.38385e-318	1.85082	3.21651	-3.92616e-318	-0.0481926
7.13	-11.7147	7.13	4.95078e-318	-2.44287	1	1.38968e-318	1.85284	3.22292	-3.97621e-318	-0.0481194
7.14	-11.7392	7.14	4.96468e-318	-2.44396	1	1.38968e-318	1.85486	3.22934	-3.97421e-318	-0.0480464
7.15	-11.7636	7.15	4.97858e-318	-2.44504	1	1.38969e-318	1.85688	3.23576	-3.97221e-318	-0.0479736
7.16	-11.7881	7.16	4.99251e-318	-2.44613	1	1.39552e-318	1.85889	3.24218	-4.0226e-318	-0.047901
7.17	-11.8125	7.17	5.00647e-318	-2.44721	1	1.39552e-318	1.86091	3.24861	-4.0206e-318	-0.0478287
7.18	-11.837	7.18	5.02042e-318	-2.44829	1	1.39552e-318	1.86293	3.25504	-4.01859e-318	-0.0477565
7.19	-11.8615	7.19	5.03441e-318	-2.44937	1	1.40135e-318	1.86495	3.26147	-4.06934e-318	-0.0476846
7.2	-11.886	7.2	5.04842e-318	-2.45045	1	1.40135e-318	1.86697	3.26791	-4.06733e-318	-0.0476129
7.21	-11.9105	7.21	5.06243e-318	-2.45153	1	1.40136e-318	1.86899	3.27435	-4.0654e-318	-0.0475414
7.22	-11.935	7.22	5.07647e-318	-2.45261	1	1.40719e-318	1.87101	3.28079	-4.11651e-318	-0.0474702
7.23	-11.9596	7.23	5.09054e-318	-2.45368	1	1.40719e-318	1.87303	3.28724	-4.11447e-318	-0.0473991
7.24	-11.9841	7.24	5.10461e-318	-2.45476	1	1.40719e-318	1.87505	3.29369	-4.11254e-318	-0.0473283
7.25	-12.0087	7.25	5.11871e-318	-2.45583	1	1.41302e-318	1.87707	3.30014	-4.164e-318	-0.0472576
7.26	-12.0332	7.26	5.13284e-318	-2.4569	1	1.41302e-318	1.87909	3.3066	-4.16197e-318	-0.0471872
7.27	-12.0578	7.27	5.14697e-318	-2.45797	1	1.41303e-318	1.88111	3.31306	-4.15992e-318	-0.047117
7.28	-12.0824	7.28	5.16113e-318	-2.45904	1	1.41886e-318	1.88313	3.31952	-4.21173e-318	-0.047047
7.29	-12.107	7.29	5.17532e-318	-2.46011	1	1.41886e-318	1.88515	3.32599	-4.20968e-318	-0.0469772
7.3	-12.1316	7.3	5.18951e-318	-2.46118	1	1.41886e-318	1.88717	3.33246	-4.20763e-318	-0.0469076
7.31	-12.1562	7.31	5.20373e-318	-2.46224	1	1.42469e-318	1.8892	3.33894	-4.25978e-318	-0.0468382
7.32	-12.1808	7.32	5.21798e-318	-2.46331	1	1.42469e-318	1.89122	3.34541	-4.25773e-318	-0.046769
7.33	-12.2055	7.33	5.23223e-318	-2.46437	1	1.4247e-318	1.89324	3.35189	-4.25575e-318	-0.0467
7.34	-12.2301	7.34	5.24651e-318	-2.46544	1	1.43053e-318	1.89526	3.35838	-4.30827e-318	-0.0466312
7.35	-12.2548	7.35	5.26081e-318	-2.4665	1	1.43053e-318	1.89729	3.36487	-4.3062e-318	-0.0465626
7.36	-12.2794	7.36	5.27511e-318	-2.46756	1	1.43053e-318	1.89931	3.37136	-4.30423e-318	-0.0464942
7.37	-12.3041	7.37	5.28945e-318	-2.46862	1	1.43636e-318	1.90133	3.37785	-4.35709e-318	-0.046426
7.38	-12.3288	7.38	5.30381e-318	-2.46967	1	1.43636e-318	1.90336	3.38435	-4.35502e-318	-0.0463581
7.39	-12.3535	7.39	5.31817e-318	-2.47073	1	1.43637e-318	1.90538	3.39085	-4.35294e-318	-0.0462903
7.4	-12.3782	7.4	5.33256e-318	-2.47179	1	1.4422e-318	1.90741	3.39735	-4.40618e-318	-0.0462227
7.41	-12.403	7.41	5.34699e-318	-2.47284	1	1.4422e-318	1.90943	3.40386	-4.40408e-318	-0.0461553
7.42	-12.4277	7.42	5.36141e-318	-2.47389	1	1.4422e-318	1.91146	3.41037	-4.40199e-318	-0.0460881
7.43	-12.4524	7.43	5.37586e-318	-2.47495	1	1.44803e-318	1.91348	3.41689	-4.45557e-318	-0.0460211
7.44	-12.4772	7.44	5.39034e-318	-2.476	1	1.44803e-318	1.91551	3.4234	-4.45347e-318	-0.0459543
7.45	-12.502	7.45	5.40482e-318	-2.47705	1	1.44804e-318	1.91753	3.42992	-4.45146e-318	-0.0458877
7.46	-12.5267	7.46	5.41933e-318	-2.4781	1	1.45387e-318	1.91956	3.43645	-4.5054e-318	-0.0458212
7.47	-12.5515	7.47	5.43387e-318	-2.47914	1	1.45387e-318	1.92159	3.44298	-4.50328e-318	-0.045755
7.48	-12.5763	7.48	5.44841e-318	-2.48019	1	1.45387e-318	1.92361	3.44951	-4.50126e-318	-0.045689
7.49	-12.6011	7.49	5.46298e-318	-2.48124	1	1.4597e-318	1.92564	3.45604	-4.55556e-318	-0.0456231
7.5	-12.6259	7.5	5.47758e-318	-2.48228	1	1.4597e-318	1.92767	3.46258	-4.55345e-318	-0.0455574
7.51	-12.6508	7.51	5.49217e-318	-2.48332	1	1.45971e-318	1.92969	3.46912	-4.55132e-318	-0.045492
7.52	-12.6756	7.52	5.5068e-318	-2.48436	1	1.46554e-318	1.93172	3.47566	-4.60599e-318	-0.0454267
7.53	-12.7005	7.53	5.52145e-318	-2.4854	1	1.46554e-318	1.93375	3.48221	-4.60387e-318	-0.0453616
7.54	-12.7253	7.54	5.5361e-318	-2.48644	1	1.46554e-318	1.93578	3.48876	-4.60173e-318	-0.0452967
7.55	-12.7502	7.55	5.55079e-318	-2.48748	1	1.47137e-318	1.93781	3.49532	-4.65675e-318	-0.0452319
7.56	-12.7751	7.56	5.5655e-318	-2.48852	1	1.47137e-318	1.93984	3.50188	-4.65461e-318	-0.0451674
7.57	-12.8	7.57	5.58021e-318	-2.48956	1	1.47138e-318	1.94187	3.50844	-4.65256e-318	-0.045103
7.58	-12.8249	7.58	5.59496e-318	-2.49059	1	1.47721e-318	1.9439	3.515	-4.70794e-318	-0.0450388
7.59	-12.8498	7.59	5.60973e-318	-2.49163	1	1.47721e-318	1.94593	3.52157	-4.70579e-318	-0.0449748
7.6	-12.8747	7.6	5.6245e-318	-2.49266	1	1.47721e-318	1.94796	3.52814	-4.70373e-318	-0.044911
7.61	-12.8996	7.61	5.6393e-318	-2.49369	1	1.48304e-318	1.94999	3.53471	-4.75947e-318	-0.0448474
7.62	-12.9246	7.62	5.65414e-318	-2.49472	1	1.48304e-318	1.95202	3.54129	-4.75731e-318	-0.0447839
7.63	-12.9495	7.63	5.66897e-318	-2.49575	1	1.48305e-318	1.95405	3.54787	-4.75513e-318	-0.0447206
7.64	-12.9745	7.64	5.68383e-318	-2.49678	1	1.48888e-318	1.95608	3.55446	-4.81125e-318	-0.0446575
7.65	-12.9994	7.65	5.69872e-318	-2.49781	1	1.48888e-318	1.95811	3.56104	-4.80906e-318	-0.0445946
7.66	-13.0244	7.66	5.71361e-318	-2.49883	1	1.48888e-318	1.96015	3.56763	-4.80688e-318	-0.0445318
7.67	-13.0494	7.67	5.72853e-318	-2.49986	1	1.49471e-318	1.96218	3.57423	-4.86335e-318	-0.0444692
7.68	-13.0744	7.68	5.74347e-318	-2.50088	1	1.49471e-318	1.96421	3.58083	-4.86117e-318	-0.0444068
7.69	-13.0994	7.69	5.75842e-318	-2.50191	1	1.49472e-318	1.96624	3.58743	-4.85908e-318	-0.0443446
7.7	-13.1245	7.7	5.77339e-318	-2.50293	1	1.50055e-318	1.96828	3.59403	-4.91592e-318	-0.0442826
7.71	-13.1495	7.71	5.7884e-318	-2.50395	1	1.50055e-318	1.97031	3.60064	-4.91373e-318	-0.0442207
7.72	-13.1745	7.72	5.8034e-318	-2.50497	1	1.50055e-318	1.97234	3.60725	-4.91163e-318	-0.044159
7.73	-13.1996	7.73	5.81844e-318	-2.50599	1	1.50638e-318	1.97438	3.61386	-4.96884e-318	-0.0440974
7.74	-13.2247	7.74	5.8335e-318	-2.507	1	1.50638e-318	1.97641	3.62048	-4.96663e-318	-0.0440361
7.75	-13.2497	7.75	5.84857e-318	-2.50802	1	1.50639e-318	1.97845	3.6271	-4.96441e-318	-0.0439749
7.76	-13.2748	7.76	5.86366e-318	-2.50904	1	1.51222e-318	1.98048	3.63373	-5.02198e-318	-0.0439138
7.77	-13.2999	7.77	5.87878e-318	-2.51005	1	1.51222e-318	1.98252	3.64035	-5.01976e-318	-0.043853
7.78	-13.325	7.78	5.89391e-318	-2.51106	1	1.51222e-318	1.98455	3.64698	-5.01753e-318	-0.0437923
7.79	-13.3501	7.79	5.90906e-318	-2.51208	1	1.51805e-318	1.98659	3.65362	-5.07547e-318	-0.0437318
7.8	-13.3753	7.8	5.92424e-318	-2.51309	1	1.51805e-318	1.98863	3.66026	-5.07323e-318	-0.0436714
7.81	-13.4004	7.81	5.93942e-318	-2.5141	1	1.51806e-318	1.99066	3.6669	-5.0711e-318	-0.0436112
7.82	-13.4255	7.82	5.95463e-318	-2.51511	1	1.52389e-318	1.9927	3.67354	-5.12941e-318	-0.0435512
7.83	-13.4507	7.83	5.96987e-318	-2.51612	1	1.52389e-318	1.99474	3.68019	-5.12718e-318	-0.0434913
7.84	-13.4759	7.84	5.98511e-318	-2.51712	1	1.52389e-318	1.99677	3.68684	-5.12504e-318	-0.0434316
7.85	-13.501	7.85	6.00037e-318	-2.51813	1	1.52972e-318	1.99881	3.69349	-5.18372e-318	-0.0433721
7.86	-13.5262	7.86	6.01567e-318	-2.51913	1	1.52972e-318	2.00085	3.70015	-5.18147e-318	-0.0433127
7.87	-13.5514	7.87	6.03097e-318	-2.52014	1	1.52973e-318	2.00289	3.70681	-5.17922e-318	-0.0432535
7.88	-13.5766	7.88	6.04629e-318	-2.52114	1	1.53556e-318	2.00493	3.71347	-5.23826e-318	-0.0431944
7.89	-13.6019	7.89	6.06165e-318	-2.52214	1	1.53556e-318	2.00697	3.72014	-5.236e-318	-0.0431355
7.9	-13.6271	7.9	6.077e-318	-2.52314	1	1.53556e-318	2.00901	3.72681	-5.23373e-318	-0.0430768
7.91	-13.6523	7.91	6.09239e-318	-2.52414	1	1.54139e-318	2.01105	3.73348	-5.29314e-318	-0.0430182
7.92	-13.6776	7.92	6.1078e-318	-2.52514	1	1.54139e-318	2.01309	3.74016	-5.29087e-318	-0.0429598
7.93	-13.7028	7.93	6.12322e-318	-2.52614	1	1.5414e-318	2.01513	3.74684	-5.28869e-318	-0.0429016
7.94	-13.7281	7.94	6.13866e-318	-2.52714	1	1.54723e-318	2.01717	3.75353	-5.34847e-318	-0.0428435
7.95	-13.7534	7.95	6.15414e-318	-2.52813	1	1.54723e-318	2.01921	3.76021	-5.34619e-318	-0.0427855
7.96	-13.7786	7.96	6.16961e-318	-2.52913	1	1.54723e-318	2.02125	3.7669	-5.34399e-318	-0.0427277
7.97	-13.8039	7.97	6.18511e-318	-2.53012	1	1.55306e-318	2.02329	3.7736	-5.40416e-318	-0.0426701
7.98	-13.8292	7.98	6.20064e-318	-2.53111	1	1.55306e-318	2.02533	3.78029	-5.40187e-318	-0.0426126
7.99	-13.8546	7.99	6.21617e-318	-2.53211	1	1.55307e-318	2.02737	3.78699	-5.39956e-318	-0.0425553
8	-13.8799	8	6.23173e-318	-2.5331	1	1.5589e-318	2.02942	3.7937	-5.4601e-318	-0.0424981
8.01	-13.9052	8.01	6.24732e-318	-2.53409	1	1.5589e-318	2.03146	3.8004	-5.45779e-318	-0.0424411
8.02	-13.9306	8.02	6.2629e-318	-2.53507	1	1.5589e-318	2.0335	3.80711	-5.45549e-318	-0.0423843
8.03	-13.9559	8.03	6.27852e-318	-2.53606	1	1.56473e-318	2.03554	3.81382	-5.5164e-318	-0.0423275
8.04	-13.9813	8.04	6.29417e-318	-2.53705	1	1.56473e-318	2.03759	3.82054	-5.51408e-318	-0.042271
8.05	-14.0067	8.05	6.30982e-318	-2.53803	1	1.56474e-318	2.03963	3.82726	-5.51186e-318	-0.0422146
8.06	-14.0321	8.06	6.32549e-318	-2.53902	1	1.57057e-318	2.04168	3.83398	-5.57314e-318	-0.0421583
8.07	-14.0574	8.07	6.3412e-318	-2.54	1	1.57057e-318	2.04372	3.84071	-5.57081e-318	-0.0421022
8.08	-14.0829	8.08	6.35691e-318	-2.54099	1	1.57057e-318	2.04577	3.84744	-5.56858e-318	-0.0420462
8.09	-14.1083	8.09	6.37264e-318	-2.54197	1	1.5764e-318	2.04781	3.85417	-5.63024e-318	-0.0419904
8.1	-14.1337	8.1	6.38841e-318	-2.54295	1	1.5764e-318	2.04986	3.86091	-5.6279e-318	-0.0419348
8.11	-14.1591	8.11	6.40417e-318	-2.54393	1	1.57641e-318	2.0519	3.86765	-5.62555e-318	-0.0418792
8.12	-14.1846	8.12	6.41997e-318	-2.54491	1	1.58224e-318	2.05395	3.87439	-5.68758e-318	-0.0418239
8.13	-14.21	8.13	6.43579e-318	-2.54588	1	1.58224e-318	2.05599	3.88114	-5.68523e-318	-0.0417686
8.14	-14.2355	8.14	6.45161e-318	-2.54686	1	1.58224e-318	2.05804	3.88789	-5.68288e-318	-0.0417135
8.15	-14.261	8.15	6.46746e-318	-2.54784	1	1.58807e-318	2.06009	3.89464	-5.74529e-318	-0.0416586
8.16	-14.2864	8.16	6.48334e-318	-2.54881	1	1.58807e-318	2.06214	3.90139	-5.74293e-318	-0.0416038
8.17	-14.3119	8.17	6.49922e-318	-2.54979	1	1.58808e-318	2.06418	3.90815	-5.74067e-318	-0.0415492
8.18	-14.3374	8.18	6.51513e-318	-2.55076	1	1.59391e-318	2.06623	3.91492	-5.80346e-318	-0.0414946
8.19	-14.363	8.19	6.53106e-318	-2.55173	1	1.59391e-318	2.06828	3.92168	-5.80109e-318	-0.0414403
8.2	-14.3885	8.2	6.547e-318	-2.5527	1	1.59391e-318	2.07033	3.92845	-5.79882e-318	-0.041386
8.21	-14.414	8.21	6.56297e-318	-2.55367	1	1.59974e-318	2.07238	3.93522	-5.86199e-318	-0.041332
8.22	-14.4396	8.22	6.57897e-318	-2.55464	1	1.59974e-318	2.07443	3.942	-5.8596e-318	-0.041278
8.23	-14.4651	8.23	6.59497e-318	-2.55561	1	1.59975e-318	2.07648	3.94878	-5.85721e-318	-0.0412242
8.24	-14.4907	8.24	6.61099e-318	-2.55658	1	1.60558e-318	2.07853	3.95556	-5.92075e-318	-0.0411706
8.25	-14.5162	8.25	6.62705e-318	-2.55754	1	1.60558e-318	2.08058	3.96234	-5.91836e-318	-0.041117
8.26	-14.5418	8.26	6.64311e-318	-2.55851	1	1.60558e-318	2.08263	3.96913	-5.91595e-318	-0.0410636
8.27	-14.5674	8.27	6.65919e-318	-2.55947	1	1.61141e-318	2.08468	3.97592	-5.97987e-318	-0.0410104
8.28	-14.593	8.28	6.67531e-318	-2.56044	1	1.61141e-318	2.08673	3.98272	-5.97747e-318	-0.0409573
8.29	-14.6186	8.29	6.69143e-318	-2.5614	1	1.61141e-318	2.08878	3.98952	-5.97516e-318	-0.0409043
8.3	-14.6442	8.3	6.70757e-318	-2.56236	1	1.61724e-318	2.09083	3.99632	-6.03946e-318	-0.0408515
8.31	-14.6699	8.31	6.72374e-318	-2.56332	1	1.61724e-318	2.09288	4.00312	-6.03706e-318	-0.0407988
8.32	-14.6955	8.32	6.73991e-318	-2.56428	1	1.61725e-318	2.09494	4.00993	-6.03475e-318	-0.0407462
8.33	-14.7211	8.33	6.75611e-318	-2.56524	1	1.62308e-318	2.09699	4.01674	-6.09943e-318	-0.0406938
8.34	-14.7468	8.34	6.77234e-318	-2.5662	1	1.62308e-318	2.09904	4.02355	-6.09701e-318	-0.0406415
8.35	-14.7725	8.35	6.78857e-318	-2.56715	1	1.62308e-318	2.10109	4.03037	-6.09457e-318	-0.0405893
8.36	-14.7981	8.36	6.80483e-318	-2.56811	1	1.62891e-318	2.10315	4.03719	-6.15964e-318	-0.0405373
8.37	-14.8238	8.37	6.82112e-318	-2.56907	1	1.62891e-318	2.1052	4.04402	-6.1572e-318	-0.0404854
8.38	-14.8495	8.38	6.83741e-318	-2.57002	1	1.62892e-318	2.10726	4.05084	-6.15475e-318	-0.0404336
8.39	-14.8752	8.39	6.85373e-318	-2.57097	1	1.63475e-318	2.10931	4.05768	-6.22021e-318	-0.040382
8.4	-14.9009	8.4	6.87008e-318	-2.57192	1	1.63475e-318	2.11137	4.06451	-6.21775e-318	-0.0403305
8.41	-14.9267	8.41	6.88643e-318	-2.57288	1	1.63475e-318	2.11342	4.07135	-6.21541e-318	-0.0402791
8.42	-14.9524	8.42	6.9028e-318	-2.57383	1	1.64058e-318	2.11548	4.07819	-6.28124e-318	-0.0402279
8.43	-14.9781	8.43	6.91921e-318	-2.57478	1	1.64058e-318	2.11753	4.08503	-6.27878e-318	-0.0401767
8.44	-15.0039	8.44	6.93562e-318	-2.57572	1	1.64059e-318	2.11959	4.09188	-6.27641e-318	-0.0401258
8.45	-15.0297	8.45	6.95205e-318	-2.57667	1	1.64642e-318	2.12164	4.09873	-6.34264e-318	-0.0400749
8.46	-15.0554	8.46	6.96851e-318	-2.57762	1	1.64642e-318	2.1237	4.10558	-6.34017e-318	-0.0400242
8.47	-15.0812	8.47	6.98498e-318	-2.57856	1	1.64642e-318	2.12576	4.11244	-6.3377e-318	-0.0399736
8.48	-15.107	8.48	7.00147e-318	-2.57951	1	1.65225e-318	2.12782	4.1193	-6.40431e-318	-0.0399231
8.49	-15.1328	8.49	7.01799e-318	-2.58045	1	1.65225e-318	2.12987	4.12616	-6.40182e-318	-0.0398728
8.5	-15.1586	8.5	7.03451e-318	-2.5814	1	1.65226e-318	2.13193	4.13303	-6.39933e-318	-0.0398226
8.51	-15.1844	8.51	7.05106e-318	-2.58234	1	1.65809e-318	2.13399	4.1399	-6.46633e-318	-0.0397725
8.52	-15.2103	8.52	7.06764e-318	-2.58328	1	1.65809e-318	2.13605	4.14677	-6.46383e-318	-0.0397225
8.53	-15.2361	8.53	7.08422e-318	-2.58422	1	1.65809e-318	2.13811	4.15364	-6.46144e-318	-0.0396727
8.54	-15.2619	8.54	7.10083e-318	-2.58516	1	1.66392e-318	2.14017	4.16052	-6.52882e-318	-0.0396229
8.55	-15.2878	8.55	7.11748e-318	-2.5861	1	1.66392e-318	2.14223	4.16741	-6.52632e-318	-0.0395733
8.56	-15.3137	8.56	7.13412e-318	-2.58704	1	1.66393e-318	2.14429	4.17429	-6.52391e-318	-0.0395239
8.57	-15.3395	8.57	7.15079e-318	-2.58797	1	1.66976e-318	2.14635	4.18118	-6.59167e-318	-0.0394745
8.58	-15.3654	8.58	7.16748e-318	-2.58891	1	1.66976e-318	2.14841	4.18807	-6.58916e-318	-0.0394253
8.59	-15.3913	8.59	7.18418e-318	-2.58985	1	1.66976e-318	2.15047	4.19497	-6.58663e-318	-0.0393762
8.6	-15.4172	8.6	7.20091e-318	-2.59078	1	1.67559e-318	2.15253	4.20187	-6.65477e-318	-0.0393272
8.61	-15.4431	8.61	7.21767e-318	-2.59171	1	1.67559e-318	2.15459	4.20877	-6.65225e-318	-0.0392784
8.62	-15.4691	8.62	7.23442e-318	-2.59265	1	1.6756e-318	2.15665	4.21567	-6.64972e-318	-0.0392296
8.63	-15.495	8.63	7.2512e-318	-2.59358	1	1.68143e-318	2.15871	4.22258	-6.71826e-318	-0.039181
8.64	-15.5209	8.64	7.26802e-318	-2.59451	1	1.68143e-318	2.16078	4.22949	-6.71572e-318	-0.0391325
8.65	-15.5469	8.65	7.28483e-318	-2.59544	1	1.68143e-318	2.16284	4.23641	-6.71329e-318	-0.0390841
8.66	-15.5728	8.66	7.30167e-318	-2.59637	1	1.68726e-318	2.1649	4.24332	-6.78223e-318	-0.0390359
8.67	-15.5988	8.67	7.31855e-318	-2.59729	1	1.68726e-318	2.16697	4.25025	-6.77968e-318	-0.0389877
8.68	-15.6248	8.68	7.33542e-318	-2.59822	1	1.68727e-318	2.16903	4.25717	-6.77724e-318	-0.0389397
8.69	-15.6508	8.69	7.35232e-318	-2.59915	1	1.6931e-318	2.17109	4.2641	-6.84656e-318	-0.0388918
8.7	-15.6768	8.7	7.36925e-318	-2.60007	1	1.6931e-318	2.17316	4.27103	-6.844e-318	-0.038844
8.71	-15.7028	8.71	7.38618e-318	-2.601	1	1.6931e-318	2.17522	4.27796	-6.84142e-318	-0.0387964
8.72	-15.7288	8.72	7.40314e-318	-2.60192	1	1.69893e-318	2.17729	4.2849	-6.91114e-318	-0.0387488
8.73	-15.7548	8.73	7.42013e-318	-2.60285	1	1.69893e-318	2.17935	4.29184	-6.90856e-318	-0.0387014
8.74	-15.7808	8.74	7.43713e-318	-2.60377	1	1.69894e-318	2.18142	4.29878	-6.90597e-318	-0.038654
8.75	-15.8069	8.75	7.45415e-318	-2.60469	1	1.70477e-318	2.18349	4.30573	-6.97608e-318	-0.0386068
8.76	-15.8329	8.76	7.47119e-318	-2.60561	1	1.70477e-318	2.18555	4.31268	-6.97349e-318	-0.0385598
8.77	-15.859	8.77	7.48824e-318	-2.60653	1	1.70477e-318	2.18762	4.31963	-6.97102e-318	-0.0385128
8.78	-15.8851	8.78	7.50531e-318	-2.60745	1	1.7106e-318	2.18969	4.32659	-7.04153e-318	-0.0384659
8.79	-15.9111	8.79	7.52242e-318	-2.60837	1	1.7106e-318	2.19175	4.33355	-7.03894e-318	-0.0384192
8.8	-15.9372	8.8	7.53952e-318	-2.60928	1	1.71061e-318	2.19382	4.34051	-7.03645e-318	-0.0383725
8.81	-15.9633	8.81	7.55666e-318	-2.6102	1	1.71644e-318	2.19589	4.34748	-7.10735e-318	-0.038326
8.82	-15.9894	8.82	7.57382e-318	-2.61111	1	1.71644e-318	2.19796	4.35444	-7.10475e-318	-0.0382796
8.83	-16.0156	8.83	7.59098e-318	-2.61203	1	1.71644e-318	2.20003	4.36142	-7.10213e-318	-0.0382333
8.84	-16.0417	8.84	7.60818e-318	-2.61294	1	1.72227e-318	2.20209	4.36839	-7.17341e-318	-0.0381871
8.85	-16.0678	8.85	7.6254e-318	-2.61386	1	1.72227e-318	2.20416	4.37537	-7.17079e-318	-0.038141
8.86	-16.094	8.86	7.64262e-318	-2.61477	1	1.72228e-318	2.20623	4.38235	-7.16817e-318	-0.0380951
8.87	-16.1201	8.87	7.65988e-318	-2.61568	1	1.72811e-318	2.2083	4.38934	-7.23985e-318	-0.0380492
8.88	-16.1463	8.88	7.67716e-318	-2.61659	1	1.72811e-318	2.21037	4.39633	-7.23722e-318	-0.0380035
8.89	-16.1724	8.89	7.69444e-318	-2.6175	1	1.72811e-318	2.21244	4.40332	-7.2347e-318	-0.0379578
8.9	-16.1986	8.9	7.71175e-318	-2.61841	1	1.73394e-318	2.21451	4.41031	-7.30678e-318	-0.0379123
8.91	-16.2248	8.91	7.72909e-318	-2.61932	1	1.73394e-318	2.21659	4.41731	-7.30413e-318	-0.0378669
8.92	-16.251	8.92	7.74644e-318	-2.62022	1	1.73395e-318	2.21866	4.42431	-7.30159e-318	-0.0378216
8.93	-16.2772	8.93	7.7638e-318	-2.62113	1	1.73978e-318	2.22073	4.43132	-7.37407e-318	-0.0377764
8.94	-16.3034	8.94	7.7812e-318	-2.62203	1	1.73978e-318	2.2228	4.43832	-7.37143e-318	-0.0377313
8.95	-16.3297	8.95	7.79859e-318	-2.62294	1	1.73978e-318	2.22487	4.44533	-7.36877e-318	-0.0376863
8.96	-16.3559	8.96	7.81602e-318	-2.62384	1	1.74561e-318	2.22695	4.45235	-7.44164e-318	-0.0376414
8.97	-16.3821	8.97	7.83348e-318	-2.62475	1	1.74561e-318	2.22902	4.45936	-7.43897e-318	-0.0375966
8.98	-16.4084	8.98	7.85093e-318	-2.62565	1	1.74562e-318	2.23109	4.46638	-7.43631e-318	-0.037552
8.99	-16.4346	8.99	7.86842e-318	-2.62655	1	1.75145e-318	2.23317	4.47341	-7.50958e-318	-0.0375074
9	-16.4609	9	7.88593e-318	-2.62745	1	1.75145e-318	2.23524	4.48043	-7.5069e-318	-0.0374629
9.01	-16.4872	9.01	7.90344e-318	-2.62835	1	1.75145e-318	2.23732	4.48746	-7.50434e-318	-0.0374186
9.02	-16.5135	9.02	7.92099e-318	-2.62925	1	1.75728e-318	2.23939	4.4945	-7.57801e-318	-0.0373743
9.03	-16.5398	9.03	7.93856e-318	-2.63015	1	1.75728e-318	2.24147	4.50153	-7.57531e-318	-0.0373302
9.04	-16.5661	9.04	7.95614e-318	-2.63104	1	1.75729e-318	2.24354	4.50857	-7.57275e-318	-0.0372861
9.05	-16.5924	9.05	7.97374e-318	-2.63194	1	1.76312e-318	2.24562	4.51561	-7.64682e-318	-0.0372422
9.06	-16.6187	9.06	7.99137e-318	-2.63284	1	1.76312e-318	2.24769	4.52266	-7.6441e-318	-0.0371984
9.07	-16.6451	9.07	8.00901e-318	-2.63373	1	1.76312e-318	2.24977	4.52971	-7.6414e-318	-0.0371546
9.08	-16.6714	9.08	8.02667e-318	-2.63462	1	1.76895e-318	2.25185	4.53676	-7.71586e-318	-0.037111
9.09	-16.6977	9.09	8.04436e-318	-2.63552	1	1.76895e-318	2.25392	4.54381	-7.71316e-318	-0.0370675
9.1	-16.7241	9.1	8.06204e-318	-2.63641	1	1.76896e-318	2.256	4.55087	-7.71044e-318	-0.0370241
9.11	-16.7505	9.11	8.07976e-318	-2.6373	1	1.77479e-318	2.25808	4.55793	-7.7853e-318	-0.0369807
9.12	-16.7769	9.12	8.09751e-318	-2.63819	1	1.77479e-318	2.26016	4.565	-7.78259e-318	-0.0369375
9.13	-16.8032	9.13	8.11526e-318	-2.63908	1	1.77479e-318	2.26223	4.57206	-7.77999e-318	-0.0368944
9.14	-16.8296	9.14	8.13303e-318	-2.63997	1	1.78062e-318	2.26431	4.57914	-7.85526e-318	-0.0368514
9.15	-16.856	9.15	8.15084e-318	-2.64086	1	1.78062e-318	2.26639	4.58621	-7.85252e-318	-0.0368085
9.16	-16.8825	9.16	8.16864e-318	-2.64175	1	1.78063e-318	2.26847	4.59329	-7.84991e-318	-0.0367656
9.17	-16.9089	9.17	8.18648e-318	-2.64264	1	1.78646e-318	2.27055	4.60037	-7.92559e-318	-0.0367229
9.18	-16.9353	9.18	8.20435e-318	-2.64352	1	1.78646e-318	2.27263	4.60745	-7.92284e-318	-0.0366803
9.19	-16.9617	9.19	8.22221e-318	-2.64441	1	1.78646e-318	2.27471	4.61454	-7.92008e-318	-0.0366378
9.2	-16.9882	9.2	8.24011e-318	-2.64529	1	1.79229e-318	2.27679	4.62163	-7.99616e-318	-0.0365953
9.21	-17.0146	9.21	8.25803e-318	-2.64618	1	1.79229e-318	2.27887	4.62872	-7.9934e-318	-0.036553
9.22	-17.0411	9.22	8.27596e-318	-2.64706	1	1.7923e-318	2.28095	4.63582	-7.99063e-318	-0.0365108
9.23	-17.0676	9.23	8.29391e-318	-2.64794	1	1.79813e-318	2.28303	4.64291	-8.0671e-318	-0.0364686
9.24	-17.0941	9.24	8.31189e-318	-2.64882	1	1.79813e-318	2.28512	4.65002	-8.06434e-318	-0.0364266
9.25	-17.1206	9.25	8.32987e-318	-2.6497	1	1.79813e-318	2.2872	4.65712	-8.0617e-318	-0.0363847
9.26	-17.1471	9.26	8.34788e-318	-2.65058	1	1.80396e-318	2.28928	4.66423	-8.13859e-318	-0.0363428
9.27	-17.1736	9.27	8.36591e-318	-2.65146	1	1.80396e-318	2.29136	4.67134	-8.13581e-318	-0.0363011
9.28	-17.2001	9.28	8.38395e-318	-2.65234	1	1.80397e-318	2.29345	4.67846	-8.13316e-318	-0.0362594
9.29	-17.2266	9.29	8.40202e-318	-2.65322	1	1.8098e-318	2.29553	4.68558	-8.21045e-318	-0.0362179
9.3	-17.2532	9.3	8.42012e-318	-2.6541	1	1.8098e-318	2.29761	4.6927	-8.20767e-318	-0.0361764
9.31	-17.2797	9.31	8.43822e-318	-2.65497	1	1.8098e-318	2.2997	4.69982	-8.20487e-318	-0.036135
9.32	-17.3063	9.32	8.45634e-318	-2.65585	1	1.81563e-318	2.30178	4.70695	-8.28256e-318	-0.0360937
9.33	-17.3328	9.33	8.4745e-318	-2.65672	1	1.81563e-318	2.30387	4.71408	-8.27976e-318	-0.0360526
9.34	-17.3594	9.34	8.49266e-318	-2.6576	1	1.81564e-318	2.30595	4.72121	-8.27694e-318	-0.0360115
9.35	-17.386	9.35	8.51084e-318	-2.65847	1	1.82147e-318	2.30804	4.72835	-8.35504e-318	-0.0359705
9.36	-17.4126	9.36	8.52906e-318	-2.65934	1	1.82147e-318	2.31012	4.73549	-8.35222e-318	-0.0359296
9.37	-17.4392	9.37	8.54728e-318	-2.66021	1	1.82147e-318	2.31221	4.74263	-8.34953e-318	-0.0358888
9.38	-17.4658	9.38	8.56552e-318	-2.66109	1	1.8273e-318	2.3143	4.74978	-8.42804e-318	-0.0358481
9.39	-17.4924	9.39	8.5838e-318	-2.66196	1	1.8273e-318	2.31638	4.75693	-8.4252e-318	-0.0358074
9.4	-17.519	9.4	8.60207e-318	-2.66282	1	1.82731e-318	2.31847	4.76408	-8.4225e-318	-0.0357669
9.41	-17.5456	9.41	8.62037e-318	-2.66369	1	1.83314e-318	2.32056	4.77124	-8.50143e-318	-0.0357265
9.42	-17.5723	9.42	8.6387e-318	-2.66456	1	1.83314e-318	2.32265	4.77839	-8.4986e-318	-0.0356861
9.43	-17.5989	9.43	8.65703e-318	-2.66543	1	1.83314e-318	2.32473	4.78556	-8.49575e-318	-0.0356458
9.44	-17.6256	9.44	8.67539e-318	-2.6663	1	1.83897e-318	2.32682	4.79272	-8.57507e-318	-0.0356057
9.45	-17.6523	9.45	8.69378e-318	-2.66716	1	1.83897e-318	2.32891	4.79989	-8.57223e-318	-0.0355656
9.46	-17.6789	9.46	8.71217e-318	-2.66803	1	1.83898e-318	2.331	4.80706	-8.56937e-318	-0.0355256
9.47	-17.7056	9.47	8.73059e-318	-2.66889	1	1.84481e-318	2.33309	4.81424	-8.6491e-318	-0.0354857
9.48	-17.7323	9.48	8.74904e-318	-2.66975	1	1.84481e-318	2.33518	4.82141	-8.64625e-318	-0.0354459
9.49	-17.759	9.49	8.76749e-318	-2.67062	1	1.84481e-318	2.33727	4.82859	-8.64352e-318	-0.0354062
9.5	-17.7857	9.5	8.78596e-318	-2.67148	1	1.85064e-318	2.33936	4.83578	-8.72366e-318	-0.0353665
9.51	-17.8124	9.51	8.80447e-318	-2.67234	1	1.85064e-318	2.34145	4.84296	-8.72078e-318	-0.035327
9.52	-17.8392	9.52	8.82298e-318	-2.6732	1	1.85065e-318	2.34354	4.85015	-8.71804e-318	-0.0352875
9.53	-17.8659	9.53	8.84152e-318	-2.67406	1	1.85648e-318	2.34563	4.85735	-8.79859e-318	-0.0352482
9.54	-17.8927	9.54	8.86008e-318	-2.67492	1	1.85648e-318	2.34772	4.86454	-8.79571e-318	-0.0352089
9.55	-17.9194	9.55	8.87865e-318	-2.67578	1	1.85648e-318	2.34982	4.87174	-8.7928e-318	-0.0351697
9.56	-17.9462	9.56	8.89724e-318	-2.67664	1	1.86231e-318	2.35191	4.87895	-8.87378e-318	-0.0351306
9.57	-17.9729	9.57	8.91586e-318	-2.67749	1	1.86231e-318	2.354	4.88615	-8.8709e-318	-0.0350916
9.58	-17.9997	9.58	8.93449e-318	-2.67835	1	1.86232e-318	2.35609	4.89336	-8.86799e-318	-0.0350526
9.59	-18.0265	9.59	8.95314e-318	-2.6792	1	1.86815e-318	2.35819	4.90057	-8.94937e-318	-0.0350138
9.6	-18.0533	9.6	8.97182e-318	-2.68006	1	1.86815e-318	2.36028	4.90779	-8.94647e-318	-0.034975
9.61	-18.0801	9.61	8.9905e-318	-2.68091	1	1.86815e-318	2.36237	4.915	-8.94369e-318	-0.0349364
9.62	-18.1069	9.62	9.00921e-318	-2.68177	1	1.87398e-318	2.36447	4.92223	-9.02549e-318	-0.0348978
9.63	-18.1337	9.63	9.02795e-318	-2.68262	1	1.87398e-318	2.36656	4.92945	-9.02258e-318	-0.0348593
9.64	-18.1606	9.64	9.04669e-318	-2.68347	1	1.87399e-318	2.36866	4.93668	-9.01979e-318	-0.0348208
9.65	-18.1874	9.65	9.06546e-318	-2.68432	1	1.87982e-318	2.37075	4.94391	-9.102e-318	-0.0347825
9.66	-18.2143	9.66	9.08426e-318	-2.68517	1	1.87982e-318	2.37285	4.95114	-9.09906e-318	-0.0347442
9.67	-18.2411	9.67	9.10306e-318	-2.68602	1	1.87982e-318	2.37494	4.95838	-9.09611e-318	-0.0347061
9.68	-18.268	9.68	9.12188e-318	-2.68687	1	1.88565e-318	2.37704	4.96562	-9.17875e-318	-0.034668
9.69	-18.2949	9.69	9.14074e-318	-2.68772	1	1.88565e-318	2.37914	4.97286	-9.17579e-318	-0.03463
9.7	-18.3217	9.7	9.1596e-318	-2.68857	1	1.88566e-318	2.38123	4.98011	-9.17284e-318	-0.0345921
9.71	-18.3486	9.71	9.17849e-318	-2.68941	1	1.89149e-318	2.38333	4.98736	-9.25588e-318	-0.0345542
9.72	-18.3755	9.72	9.1974e-318	-2.69026	1	1.89149e-318	2.38543	4.99461	-9.25292e-318	-0.0345165
9.73	-18.4024	9.73	9.21632e-318	-2.69111	1	1.89149e-318	2.38753	5.00186	-9.2501e-318	-0.0344788
9.74	-18.4293	9.74	9.23526e-318	-2.69195	1	1.89732e-318	2.38963	5.00912	-9.33357e-318	-0.0344412
9.75	-18.4563	9.75	9.25423e-318	-2.6928	1	1.89732e-318	2.39172	5.01638	-9.33061e-318	-0.0344037
9.76	-18.4832	9.76	9.2732e-318	-2.69364	1	1.89733e-318	2.39382	5.02365	-9.32777e-318	-0.0343663
9.77	-18.5101	9.77	9.2922e-318	-2.69448	1	1.90316e-318	2.39592	5.03092	-9.41165e-318	-0.0343289
9.78	-18.5371	9.78	9.31124e-318	-2.69532	1	1.90316e-318	2.39802	5.03819	-9.40868e-318	-0.0342917
9.79	-18.564	9.79	9.33027e-318	-2.69617	1	1.90316e-318	2.40012	5.04546	-9.40569e-318	-0.0342545
9.8	-18.591	9.8	9.34933e-318	-2.69701	1	1.90899e-318	2.40222	5.05274	-9.48998e-318	-0.0342174
9.81	-18.618	9.81	9.36842e-318	-2.69785	1	1.90899e-318	2.40432	5.06002	-9.48699e-318	-0.0341804
9.82	-18.645	9.82	9.38751e-318	-2.69869	1	1.909e-318	2.40642	5.0673	-9.48398e-318	-0.0341434
9.83	-18.672	9.83	9.40663e-318	-2.69952	1	1.91483e-318	2.40852	5.07459	-9.5687e-318	-0.0341065
9.84	-18.699	9.84	9.42578e-318	-2.70036	1	1.91483e-318	2.41062	5.08187	-9.56568e-318	-0.0340698
9.85	-18.726	9.85	9.44493e-318	-2.7012	1	1.91483e-318	2.41273	5.08917	-9.56281e-318	-0.0340331
9.86	-18.753	9.86	9.46411e-318	-2.70204	1	1.92066e-318	2.41483	5.09646	-9.64795e-318	-0.0339964
9.87	-18.78	9.87	9.48331e-318	-2.70287	1	1.92066e-318	2.41693	5.10376	-9.64493e-318	-0.0339599
9.88	-18.807	9.88	9.50252e-318	-2.70371	1	1.92067e-318	2.41903	5.11106	-9.64206e-318	-0.0339234
9.89	-18.8341	9.89	9.52175e-318	-2.70454	1	1.9265e-318	2.42114	5.11837	-9.72762e-318	-0.033887
9.9	-18.8611	9.9	9.54102e-318	-2.70538	1	1.9265e-318	2.42324	5.12567	-9.7246e-318	-0.0338507
9.91	-18.8882	9.91	9.56028e-318	-2.70621	1	1.9265e-318	2.42534	5.13299	-9.72155e-318	-0.0338145
9.92	-18.9153	9.92	9.57957e-318	-2.70704	1	1.93233e-318	2.42745	5.1403	-9.80753e-318	-0.0337783
9.93	-18.9423	9.93	9.5989e-318	-2.70787	1	1.93233e-318	2.42955	5.14762	-9.8045e-318	-0.0337422
9.94	-18.9694	9.94	9.61822e-318	-2.7087	1	1.93234e-318	2.43166	5.15494	-9.80144e-318	-0.0337062
9.95	-18.9965	9.95	9.63757e-318	-2.70953	1	1.93817e-318	2.43376	5.16226	-9.88784e-318	-0.0336703
9.96	-19.0236	9.96	9.65695e-318	-2.71036	1	1.93817e-318	2.43587	5.16959	-9.88479e-318	-0.0336344
9.97	-19.0507	9.97	9.67633e-318	-2.71119	1	1.93817e-318	2.43797	5.17691	-9.88188e-318	-0.0335986
9.98	-19.0778	9.98	9.69575e-318	-2.71202	1	1.944e-318	2.44008	5.18425	-9.96869e-318	-0.0335629
9.99	-19.105	9.99	9.71519e-318	-2.71285	1	1.944e-318	2.44219	5.19158	-9.96563e-318	-0.0335273
10	-19.1321	10	9.73463e-318	-2.71368	1	1.94401e-318	2.44429	5.19892	-9.9627e-318	-0.0334918
