0	1
1.001e-005	0.999451
2.002e-005	0.997567
3.003e-005	0.994479
4.004e-005	0.990179
5.00501e-005	0.984677
6.00601e-005	0.977989
7.00701e-005	0.970135
8.00801e-005	0.961139
9.00901e-005	0.951027
0.0001001	0.939831
0.00011011	0.927584
0.00012012	0.914324
0.00013013	0.90009
0.00014014	0.884924
0.00015015	0.868872
0.00016016	0.851981
0.00017017	0.834299
0.00018018	0.81588
0.00019019	0.796775
0.0002002	0.777039
0.00021021	0.756729
0.00022022	0.735901
0.00023023	0.714612
0.00024024	0.692921
0.00025025	0.670887
0.00026026	0.648569
0.00027027	0.626024
0.00028028	0.603313
0.00029029	0.580491
0.0003003	0.557616
0.00031031	0.534745
0.00032032	0.511933
0.00033033	0.489231
0.00034034	0.466694
0.00035035	0.444371
0.00036036	0.42231
0.00037037	0.400558
0.00038038	0.379158
0.00039039	0.358153
0.0004004	0.337582
0.00041041	0.317482
0.00042042	0.297887
0.00043043	0.278828
0.00044044	0.260335
0.00045045	0.242433
0.00046046	0.225145
0.00047047	0.208492
0.00048048	0.192491
0.00049049	0.177156
0.000500501	0.162498
0.000510511	0.148528
0.000520521	0.135249
0.000530531	0.122667
0.000540541	0.110781
0.000550551	0.0995899
0.000560561	0.0890885
0.000570571	0.0792703
0.000580581	0.070126
0.000590591	0.0616445
0.000600601	0.0538123
0.000610611	0.0466142
0.000620621	0.0400331
0.000630631	0.0340503
0.000640641	0.0286456
0.000650651	0.0237976
0.000660661	0.0194833
0.000670671	0.0156791
0.000680681	0.0123602
0.000690691	0.00950121
0.000700701	0.00707607
0.000710711	0.00505828
0.000720721	0.00342103
0.000730731	0.00213737
0.000740741	0.0011803
0.000750751	0.00052295
0.000760761	0.000138669
0.000770771	1.17571e-006
0.000780781	8.46626e-005
0.000790791	0.000363907
0.000800801	0.000814376
0.000810811	0.00141231
0.000820821	0.00213484
0.000830831	0.00296002
0.000840841	0.00386693
0.000850851	0.00483574
0.000860861	0.00584774
0.000870871	0.00688541
0.000880881	0.00793244
0.000890891	0.00897375
0.000900901	0.00999554
0.000910911	0.0109853
0.000920921	0.0119317
0.000930931	0.0128248
0.000940941	0.0136559
0.000950951	0.0144175
0.000960961	0.0151032
0.000970971	0.0157082
0.000980981	0.0162283
0.000990991	0.0166607
0.001001	0.0170037
0.00101101	0.0172564
0.00102102	0.0174191
0.00103103	0.0174927
0.00104104	0.0174792
0.00105105	0.0173811
0.00106106	0.0172017
0.00107107	0.016945
0.00108108	0.0166154
0.00109109	0.0162179
0.0011011	0.0157579
0.00111111	0.015241
0.00112112	0.0146732
0.00113113	0.0140607
0.00114114	0.0134097
0.00115115	0.0127268
0.00116116	0.0120182
0.00117117	0.0112904
0.00118118	0.0105497
0.00119119	0.00980203
0.0012012	0.00905346
0.00121121	0.00830966
0.00122122	0.00757604
0.00123123	0.00685771
0.00124124	0.00615942
0.00125125	0.00548558
0.00126126	0.00484019
0.00127127	0.00422685
0.00128128	0.00364873
0.00129129	0.00310857
0.0013013	0.00260868
0.00131131	0.00215091
0.00132132	0.00173671
0.00133133	0.00136705
0.00134134	0.00104252
0.00135135	0.00076327
0.00136136	0.000529074
0.00137137	0.000339319
0.00138138	0.000193039
0.00139139	8.89347e-005
0.0014014	2.5396e-005
0.00141141	5.31657e-007
0.00142142	1.21954e-005
0.00143143	5.80147e-005
0.00144144	0.000135421
0.00145145	0.000241679
0.00146146	0.000373919
0.00147147	0.000529164
0.00148148	0.000704364
0.00149149	0.000896423
0.0015015	0.00110223
0.00151151	0.00131868
0.00152152	0.00154271
0.00153153	0.00177133
0.00154154	0.00200162
0.00155155	0.00223079
0.00156156	0.00245616
0.00157157	0.00267523
0.00158158	0.00288564
0.00159159	0.00308522
0.0016016	0.00327199
0.00161161	0.00344418
0.00162162	0.00360025
0.00163163	0.00373883
0.00164164	0.00385883
0.00165165	0.00395935
0.00166166	0.00403972
0.00167167	0.00409949
0.00168168	0.00413845
0.00169169	0.00415657
0.0017017	0.00415404
0.00171171	0.00413126
0.00172172	0.00408879
0.00173173	0.00402738
0.00174174	0.00394793
0.00175175	0.00385149
0.00176176	0.00373925
0.00177177	0.00361251
0.00178178	0.00347266
0.00179179	0.00332119
0.0018018	0.00315965
0.00181181	0.00298964
0.00182182	0.00281278
0.00183183	0.00263074
0.00184184	0.00244516
0.00185185	0.00225768
0.00186186	0.00206991
0.00187187	0.00188342
0.00188188	0.00169971
0.00189189	0.00152023
0.0019019	0.00134633
0.00191191	0.00117929
0.00192192	0.00102027
0.00193193	0.000870341
0.00194194	0.000730445
0.00195195	0.000601412
0.00196196	0.000483946
0.00197197	0.000378626
0.00198198	0.000285899
0.00199199	0.000206086
0.002002	0.000139379
0.00201201	8.58415e-005
0.00202202	4.54168e-005
0.00203203	1.79272e-005
0.00204204	3.08099e-006
0.00205205	4.78336e-007
0.00206206	9.61786e-006
0.00207207	2.99042e-005
0.00208208	6.06563e-005
0.00209209	0.000101116
0.0021021	0.000150458
0.00211211	0.000207797
0.00212212	0.000272201
0.00213213	0.0003427
0.00214214	0.000418294
0.00215215	0.000497966
0.00216216	0.000580692
0.00217217	0.000665447
0.00218218	0.000751221
0.00219219	0.00083702
0.0022022	0.000921883
0.00221221	0.00100488
0.00222222	0.00108514
0.00223223	0.00116183
0.00224224	0.00123418
0.00225225	0.00130148
0.00226226	0.00136311
0.00227227	0.00141848
0.00228228	0.00146713
0.00229229	0.00150863
0.0023023	0.00154267
0.00231231	0.001569
0.00232232	0.00158746
0.00233233	0.00159796
0.00234234	0.0016005
0.00235235	0.00159516
0.00236236	0.00158209
0.00237237	0.00156152
0.00238238	0.00153374
0.00239239	0.0014991
0.0024024	0.00145801
0.00241241	0.00141095
0.00242242	0.00135843
0.00243243	0.00130099
0.00244244	0.00123924
0.00245245	0.0011738
0.00246246	0.00110529
0.00247247	0.00103438
0.00248248	0.000961734
0.00249249	0.000888017
0.0025025	0.00081389
0.00251251	0.000740006
0.00252252	0.000666998
0.00253253	0.000595481
0.00254254	0.000526039
0.00255255	0.000459224
0.00256256	0.000395553
0.00257257	0.000335499
0.00258258	0.000279493
0.00259259	0.000227916
0.0026026	0.0001811
0.00261261	0.000139324
0.00262262	0.000102814
0.00263263	7.17393e-005
0.00264264	4.62161e-005
0.00265265	2.63044e-005
0.00266266	1.20098e-005
0.00267267	3.28478e-006
0.00268268	3.00326e-008
0.00269269	2.09664e-006
0.0027027	9.28861e-006
0.00271271	2.13657e-005
0.00272272	3.80467e-005
0.00273273	5.90131e-005
0.00274274	8.39126e-005
0.00275275	0.000112364
0.00276276	0.00014396
0.00277277	0.000178273
0.00278278	0.000214859
0.00279279	0.000253263
0.0028028	0.000293023
0.00281281	0.000333672
0.00282282	0.000374748
0.00283283	0.000415794
0.00284284	0.000456365
0.00285285	0.000496027
0.00286286	0.000534369
0.00287287	0.000570999
0.00288288	0.000605551
0.00289289	0.000637688
0.0029029	0.000667104
0.00291291	0.000693523
0.00292292	0.000716709
0.00293293	0.00073646
0.00294294	0.000752612
0.00295295	0.00076504
0.00296296	0.000773657
0.00297297	0.000778418
0.00298298	0.000779314
0.00299299	0.000776374
0.003003	0.000769667
0.00301301	0.000759294
0.00302302	0.000745392
0.00303303	0.000728129
0.00304304	0.000707704
0.00305305	0.000684342
0.00306306	0.000658292
0.00307307	0.000629827
0.00308308	0.000599235
0.00309309	0.000566823
0.0031031	0.000532908
0.00311311	0.000497815
0.00312312	0.000461879
0.00313313	0.000425431
0.00314314	0.000388807
0.00315315	0.000352334
0.00316316	0.000316334
0.00317317	0.000281119
0.00318318	0.000246987
0.00319319	0.000214221
0.0032032	0.000183085
0.00321321	0.000153824
0.00322322	0.000126658
0.00323323	0.000101786
0.00324324	7.93803e-005
0.00325325	5.95858e-005
0.00326326	4.25204e-005
0.00327327	2.82738e-005
0.00328328	1.69066e-005
0.00329329	8.4512e-006
0.0033033	2.91117e-006
0.00331331	2.62151e-007
0.00332332	4.52503e-007
0.00333333	3.40426e-006
0.00334334	9.01437e-006
0.00335335	1.71561e-005
0.00336336	2.76808e-005
0.00337337	4.04195e-005
0.00338338	5.5185e-005
0.00339339	7.17743e-005
0.0034034	8.99701e-005
0.00341341	0.000109544
0.00342342	0.000130258
0.00343343	0.000151868
0.00344344	0.000174126
0.00345345	0.000196781
0.00346346	0.000219584
0.00347347	0.000242288
0.00348348	0.000264652
0.00349349	0.000286444
0.0035035	0.000307439
0.00351351	0.000327425
0.00352352	0.000346206
0.00353353	0.000363597
0.00354354	0.000379434
0.00355355	0.000393567
0.00356356	0.000405869
0.00357357	0.000416231
0.00358358	0.000424566
0.00359359	0.000430807
0.0036036	0.000434909
0.00361361	0.000436851
0.00362362	0.00043663
0.00363363	0.000434268
0.00364364	0.000429803
0.00365365	0.000423298
0.00366366	0.000414832
0.00367367	0.000404502
0.00368368	0.000392423
0.00369369	0.000378724
0.0037037	0.00036355
0.00371371	0.000347055
0.00372372	0.000329407
0.00373373	0.000310779
0.00374374	0.000291355
0.00375375	0.00027132
0.00376376	0.000250865
0.00377377	0.000230181
0.00378378	0.000209459
0.00379379	0.000188887
0.0038038	0.000168649
0.00381381	0.000148922
0.00382382	0.000129877
0.00383383	0.000111676
0.00384384	9.44673e-005
0.00385385	7.83913e-005
0.00386386	6.35734e-005
0.00387387	5.0125e-005
0.00388388	3.81429e-005
0.00389389	2.77082e-005
0.0039039	1.88858e-005
0.00391391	1.17242e-005
0.00392392	6.25475e-006
0.00393393	2.49239e-006
0.00394394	4.35123e-007
0.00395395	6.45684e-008
0.00396396	1.34631e-006
0.00397397	4.23049e-006
0.00398398	8.65253e-006
0.00399399	1.45339e-005
0.004004	2.17834e-005
0.00401401	3.02975e-005
0.00402402	3.99625e-005
0.00403403	5.06551e-005
0.00404404	6.22439e-005
0.00405405	7.45908e-005
0.00406406	8.75527e-005
0.00407407	0.000100982
0.00408408	0.00011473
0.00409409	0.000128647
0.0041041	0.000142582
0.00411411	0.000156389
0.00412412	0.000169923
0.00413413	0.000183046
0.00414414	0.000195625
0.00415415	0.000207534
0.00416416	0.000218655
0.00417417	0.000228882
0.00418418	0.000238116
0.00419419	0.000246272
0.0042042	0.000253275
0.00421421	0.000259064
0.00422422	0.000263589
0.00423423	0.000266814
0.00424424	0.000268716
0.00425425	0.000269287
0.00426426	0.000268529
0.00427427	0.000266459
0.00428428	0.000263108
0.00429429	0.000258516
0.0043043	0.000252736
0.00431431	0.000245833
0.00432432	0.000237881
0.00433433	0.000228964
0.00434434	0.000219173
0.00435435	0.000208607
0.00436436	0.000197373
0.00437437	0.00018558
0.00438438	0.000173344
0.00439439	0.000160782
0.0044044	0.000148012
0.00441441	0.000135156
0.00442442	0.000122331
0.00443443	0.000109655
0.00444444	9.72412e-005
0.00445445	8.52008e-005
0.00446446	7.36385e-005
0.00447447	6.26532e-005
0.00448448	5.23372e-005
0.00449449	4.27749e-005
0.0045045	3.40425e-005
0.00451451	2.62068e-005
0.00452452	1.93255e-005
0.00453453	1.34458e-005
0.00454454	8.60496e-006
0.00455455	4.82945e-006
0.00456456	2.13513e-006
0.00457457	5.27147e-007
0.00458458	3.7053e-011
0.00459459	5.37917e-007
0.0046046	2.11477e-006
0.00461461	4.69484e-006
0.00462462	8.23309e-006
0.00463463	1.26758e-005
0.00464464	1.7961e-005
0.00465465	2.40197e-005
0.00466466	3.0776e-005
0.00467467	3.81483e-005
0.00468468	4.605e-005
0.00469469	5.43907e-005
0.0047047	6.30768e-005
0.00471471	7.20125e-005
0.00472472	8.1101e-005
0.00473473	9.02451e-005
0.00474474	9.93484e-005
0.00475475	0.000108316
0.00476476	0.000117056
0.00477477	0.00012548
0.00478478	0.000133503
0.00479479	0.000141046
0.0048048	0.000148035
0.00481481	0.000154403
0.00482482	0.000160089
0.00483483	0.00016504
0.00484484	0.000169212
0.00485485	0.000172567
0.00486486	0.000175078
0.00487487	0.000176724
0.00488488	0.000177494
0.00489489	0.000177387
0.0049049	0.000176409
0.00491491	0.000174574
0.00492492	0.000171906
0.00493493	0.000168435
0.00494494	0.000164202
0.00495495	0.00015925
0.00496496	0.000153632
0.00497497	0.000147406
0.00498498	0.000140635
0.00499499	0.000133388
0.00500501	0.000125735
0.00501502	0.000117753
0.00502503	0.000109518
0.00503504	0.000101109
0.00504505	9.26057e-005
0.00505506	8.4088e-005
0.00506507	7.56349e-005
0.00507508	6.73236e-005
0.00508509	5.92294e-005
0.0050951	5.14245e-005
0.00510511	4.39773e-005
0.00511512	3.69521e-005
0.00512513	3.04084e-005
0.00513514	2.44003e-005
0.00514515	1.89759e-005
0.00515516	1.41773e-005
0.00516517	1.00399e-005
0.00517518	6.59226e-006
0.00518519	3.85595e-006
0.0051952	1.84533e-006
0.00520521	5.67526e-007
0.00521522	2.24652e-008
0.00522523	2.02932e-007
0.00523524	1.09473e-006
0.00524525	2.6769e-006
0.00525526	4.92201e-006
0.00526527	7.79646e-006
0.00527528	1.12609e-005
0.00528529	1.52708e-005
0.0052953	1.97767e-005
0.00530531	2.47248e-005
0.00531532	3.00579e-005
0.00532533	3.57154e-005
0.00533534	4.16345e-005
0.00534535	4.77503e-005
0.00535536	5.39969e-005
0.00536537	6.03079e-005
0.00537538	6.6617e-005
0.00538539	7.28587e-005
0.0053954	7.89688e-005
0.00540541	8.48854e-005
0.00541542	9.05488e-005
0.00542543	9.59028e-005
0.00543544	0.000100895
0.00544545	0.000105476
0.00545546	0.000109603
0.00546547	0.000113237
0.00547548	0.000116343
0.00548549	0.000118895
0.0054955	0.000120869
0.00550551	0.000122248
0.00551552	0.000123024
0.00552553	0.00012319
0.00553554	0.00012275
0.00554555	0.00012171
0.00555556	0.000120084
0.00556557	0.00011789
0.00557558	0.000115154
0.00558559	0.000111905
0.0055956	0.000108177
0.00560561	0.000104009
0.00561562	9.94422e-005
0.00562563	9.45236e-005
0.00563564	8.93019e-005
0.00564565	8.38285e-005
0.00565566	7.81567e-005
0.00566567	7.23411e-005
0.00567568	6.64375e-005
0.00568569	6.05017e-005
0.0056957	5.45892e-005
0.00570571	4.8755e-005
0.00571572	4.30525e-005
0.00572573	3.75334e-005
0.00573574	3.2247e-005
0.00574575	2.724e-005
0.00575576	2.25558e-005
0.00576577	1.82341e-005
0.00577578	1.43107e-005
0.00578579	1.08174e-005
0.0057958	7.78114e-006
0.00580581	5.22427e-006
0.00581582	3.16425e-006
0.00582583	1.61349e-006
0.00583584	5.793e-007
0.00584585	6.38782e-008
0.00585586	6.43395e-008
0.00586587	5.72793e-007
0.00587588	1.57647e-006
0.00588589	3.05791e-006
0.0058959	4.99514e-006
0.00590591	7.362e-006
0.00591592	1.01284e-005
0.00592593	1.32606e-005
0.00593594	1.67217e-005
0.00594595	2.0472e-005
0.00595596	2.44692e-005
0.00596597	2.86693e-005
0.00597598	3.30266e-005
0.00598599	3.74942e-005
0.005996	4.2025e-005
0.00600601	4.65714e-005
0.00601602	5.10862e-005
0.00602603	5.55233e-005
0.00603604	5.98373e-005
0.00604605	6.3985e-005
0.00605606	6.7925e-005
0.00606607	7.16183e-005
0.00607608	7.50289e-005
0.00608609	7.81238e-005
0.0060961	8.08736e-005
0.00610611	8.32524e-005
0.00611612	8.52383e-005
0.00612613	8.68134e-005
0.00613614	8.79641e-005
0.00614615	8.86811e-005
0.00615616	8.89594e-005
0.00616617	8.87985e-005
0.00617618	8.82019e-005
0.00618619	8.71778e-005
0.0061962	8.57381e-005
0.00620621	8.3899e-005
0.00621622	8.16802e-005
0.00622623	7.91052e-005
0.00623624	7.62005e-005
0.00624625	7.29959e-005
0.00625626	6.95236e-005
0.00626627	6.58182e-005
0.00627628	6.19165e-005
0.00628629	5.78565e-005
0.0062963	5.36776e-005
0.00630631	4.94201e-005
0.00631632	4.51245e-005
0.00632633	4.08314e-005
0.00633634	3.6581e-005
0.00634635	3.24128e-005
0.00635636	2.83649e-005
0.00636637	2.44742e-005
0.00637638	2.07753e-005
0.00638639	1.73011e-005
0.0063964	1.40815e-005
0.00640641	1.11441e-005
0.00641642	8.51323e-006
0.00642643	6.20996e-006
0.00643644	4.2521e-006
0.00644645	2.65385e-006
0.00645646	1.4258e-006
0.00646647	5.7479e-007
0.00647648	1.0393e-007
0.00648649	1.25809e-008
0.0064965	2.96401e-007
0.00650651	9.47421e-007
0.00651652	1.95416e-006
0.00652653	3.30175e-006
0.00653654	4.97215e-006
0.00654655	6.94431e-006
0.00655656	9.19445e-006
0.00656657	1.16963e-005
0.00657658	1.44212e-005
0.00658659	1.7339e-005
0.0065966	2.04174e-005
0.00660661	2.36232e-005
0.00661662	2.69221e-005
0.00662663	3.02794e-005
0.00663664	3.36599e-005
0.00664665	3.70287e-005
0.00665666	4.03511e-005
0.00666667	4.35934e-005
0.00667668	4.6723e-005
0.00668669	4.97086e-005
0.0066967	5.25206e-005
0.00670671	5.51314e-005
0.00671672	5.75157e-005
0.00672673	5.96505e-005
0.00673674	6.15156e-005
0.00674675	6.30936e-005
0.00675676	6.43701e-005
0.00676677	6.53338e-005
0.00677678	6.59764e-005
0.00678679	6.6293e-005
0.0067968	6.62819e-005
0.00680681	6.59448e-005
0.00681682	6.52863e-005
0.00682683	6.43143e-005
0.00683684	6.30397e-005
0.00684685	6.14763e-005
0.00685686	5.96404e-005
0.00686687	5.75512e-005
0.00687688	5.523e-005
0.00688689	5.27002e-005
0.0068969	4.99871e-005
0.00690691	4.71176e-005
0.00691692	4.41199e-005
0.00692693	4.10231e-005
0.00693694	3.78573e-005
0.00694695	3.46527e-005
0.00695696	3.14399e-005
0.00696697	2.82491e-005
0.00697698	2.51102e-005
0.00698699	2.20524e-005
0.006997	1.91036e-005
0.00700701	1.62905e-005
0.00701702	1.36385e-005
0.00702703	1.11708e-005
0.00703704	8.90892e-006
0.00704705	6.87203e-006
0.00705706	5.07698e-006
0.00706707	3.53812e-006
0.00707708	2.26715e-006
0.00708709	1.27307e-006
0.0070971	5.62072e-007
0.00710711	1.37551e-007
0.00711712	5.29069e-011
0.00712713	1.47315e-007
0.00713714	5.74305e-007
0.00714715	1.2733e-006
0.00715716	2.23397e-006
0.00716717	3.44351e-006
0.00717718	4.88681e-006
0.00718719	6.54658e-006
0.0071972	8.40355e-006
0.00720721	1.04367e-005
0.00721722	1.26234e-005
0.00722723	1.49399e-005
0.00723724	1.73611e-005
0.00724725	1.98613e-005
0.00725726	2.24141e-005
0.00726727	2.4993e-005
0.00727728	2.75712e-005
0.00728729	3.01224e-005
0.0072973	3.26207e-005
0.00730731	3.50407e-005
0.00731732	3.73584e-005
0.00732733	3.95507e-005
0.00733734	4.1596e-005
0.00734735	4.34744e-005
0.00735736	4.51678e-005
0.00736737	4.66598e-005
0.00737738	4.79366e-005
0.00738739	4.89862e-005
0.0073974	4.97992e-005
0.00740741	5.03684e-005
0.00741742	5.06891e-005
0.00742743	5.07594e-005
0.00743744	5.05793e-005
0.00744745	5.01519e-005
0.00745746	4.94821e-005
0.00746747	4.85776e-005
0.00747748	4.74481e-005
0.00748749	4.61056e-005
0.0074975	4.45639e-005
0.00750751	4.28388e-005
0.00751752	4.09478e-005
0.00752753	3.89099e-005
0.00753754	3.67451e-005
0.00754755	3.44749e-005
0.00755756	3.21215e-005
0.00756757	2.97077e-005
0.00757758	2.72567e-005
0.00758759	2.47921e-005
0.0075976	2.23371e-005
0.00760761	1.99149e-005
0.00761762	1.75482e-005
0.00762763	1.52588e-005
0.00763764	1.30678e-005
0.00764765	1.09949e-005
0.00765766	9.05874e-006
0.00766767	7.27636e-006
0.00767768	5.6632e-006
0.00768769	4.23288e-006
0.0076977	2.99717e-006
0.00770771	1.96581e-006
0.00771772	1.14648e-006
0.00772773	5.44722e-007
0.00773774	1.63894e-007
0.00774775	5.17188e-009
0.00775776	6.75458e-008
0.00776777	3.47846e-007
0.00777778	8.40794e-007
0.00778779	1.53907e-006
0.0077978	2.43339e-006
0.00780781	3.51263e-006
0.00781782	4.76394e-006
0.00782783	6.17288e-006
0.00783784	7.72358e-006
0.00784785	9.3989e-006
0.00785786	1.11806e-005
0.00786787	1.30496e-005
0.00787788	1.4986e-005
0.00788789	1.69695e-005
0.0078979	1.89795e-005
0.00790791	2.09951e-005
0.00791792	2.29958e-005
0.00792793	2.49613e-005
0.00793794	2.68716e-005
0.00794795	2.87077e-005
0.00795796	3.04514e-005
0.00796797	3.20853e-005
0.00797798	3.35935e-005
0.00798799	3.49614e-005
0.007998	3.61758e-005
0.00800801	3.72252e-005
0.00801802	3.80998e-005
0.00802803	3.87914e-005
0.00803804	3.9294e-005
0.00804805	3.96033e-005
0.00805806	3.97169e-005
0.00806807	3.96345e-005
0.00807808	3.93575e-005
0.00808809	3.88895e-005
0.0080981	3.82357e-005
0.00810811	3.74032e-005
0.00811812	3.64008e-005
0.00812813	3.52389e-005
0.00813814	3.39293e-005
0.00814815	3.24855e-005
0.00815816	3.09217e-005
0.00816817	2.92536e-005
0.00817818	2.74977e-005
0.00818819	2.56711e-005
0.0081982	2.37917e-005
0.00820821	2.18776e-005
0.00821822	1.99472e-005
0.00822823	1.80189e-005
0.00823824	1.6111e-005
0.00824825	1.42415e-005
0.00825826	1.24277e-005
0.00826827	1.06865e-005
0.00827828	9.03374e-006
0.00828829	7.48438e-006
0.0082983	6.05227e-006
0.00830831	4.74998e-006
0.00831832	3.58873e-006
0.00832833	2.57828e-006
0.00833834	1.72684e-006
0.00834835	1.041e-006
0.00835836	5.25672e-007
0.00836837	1.8408e-007
0.00837838	1.77052e-008
0.00838839	2.63064e-008
0.0083984	2.07928e-007
0.00840841	5.58931e-007
0.00841842	1.07404e-006
0.00842843	1.74642e-006
0.00843844	2.56772e-006
0.00844845	3.52821e-006
0.00845846	4.61686e-006
0.00846847	5.82145e-006
0.00847848	7.12872e-006
0.00848849	8.5245e-006
0.0084985	9.99386e-006
0.00850851	1.15212e-005
0.00851852	1.30906e-005
0.00852853	1.46857e-005
0.00853854	1.629e-005
0.00854855	1.78872e-005
0.00855856	1.9461e-005
0.00856857	2.09955e-005
0.00857858	2.24753e-005
0.00858859	2.38858e-005
0.0085986	2.52129e-005
0.00860861	2.64436e-005
0.00861862	2.7566e-005
0.00862863	2.85692e-005
0.00863864	2.94436e-005
0.00864865	3.01809e-005
0.00865866	3.07744e-005
0.00866867	3.12186e-005
0.00867868	3.15096e-005
0.00868869	3.16451e-005
0.0086987	3.16242e-005
0.00870871	3.14478e-005
0.00871872	3.11182e-005
0.00872873	3.06389e-005
0.00873874	3.00154e-005
0.00874875	2.92541e-005
0.00875876	2.8363e-005
0.00876877	2.73511e-005
0.00877878	2.62289e-005
0.00878879	2.50074e-005
0.0087988	2.36989e-005
0.00880881	2.23163e-005
0.00881882	2.08733e-005
0.00882883	1.93838e-005
0.00883884	1.78625e-005
0.00884885	1.63238e-005
0.00885886	1.47826e-005
0.00886887	1.32536e-005
0.00887888	1.17511e-005
0.00888889	1.02894e-005
0.0088989	8.88194e-006
0.00890891	7.54178e-006
0.00891892	6.28114e-006
0.00892893	5.1114e-006
0.00893894	4.04296e-006
0.00894895	3.08517e-006
0.00895896	2.24622e-006
0.00896897	1.5331e-006
0.00897898	9.51499e-007
0.00898899	5.05783e-007
0.008999	1.9896e-007
0.00900901	3.26514e-008
0.00901902	7.09257e-009
0.00902903	1.21134e-007
0.00903904	3.72266e-007
0.00904905	7.56648e-007
0.00905906	1.26916e-006
0.00906907	1.90346e-006
0.00907908	2.65205e-006
0.00908909	3.50635e-006
0.0090991	4.45683e-006
0.00910911	5.49305e-006
0.00911912	6.60382e-006
0.00912913	7.77727e-006
0.00913914	9.00101e-006
0.00914915	1.02622e-005
0.00915916	1.15479e-005
0.00916917	1.28446e-005
0.00917918	1.41393e-005
0.00918919	1.54188e-005
0.0091992	1.667e-005
0.00920921	1.78806e-005
0.00921922	1.90383e-005
0.00922923	2.01318e-005
0.00923924	2.11503e-005
0.00924925	2.20838e-005
0.00925926	2.29233e-005
0.00926927	2.36607e-005
0.00927928	2.42891e-005
0.00928929	2.48024e-005
0.0092993	2.5196e-005
0.00930931	2.54665e-005
0.00931932	2.56114e-005
0.00932933	2.56298e-005
0.00933934	2.55219e-005
0.00934935	2.52892e-005
0.00935936	2.49343e-005
0.00936937	2.44612e-005
0.00937938	2.38748e-005
0.00938939	2.31812e-005
0.0093994	2.23876e-005
0.00940941	2.1502e-005
0.00941942	2.05332e-005
0.00942943	1.94911e-005
0.00943944	1.83858e-005
0.00944945	1.72282e-005
0.00945946	1.60298e-005
0.00946947	1.48021e-005
0.00947948	1.3557e-005
0.00948949	1.23066e-005
0.0094995	1.10627e-005
0.00950951	9.83716e-006
0.00951952	8.64157e-006
0.00952953	7.48711e-006
0.00953954	6.38451e-006
0.00954955	5.3439e-006
0.00955956	4.37476e-006
0.00956957	3.48581e-006
0.00957958	2.68493e-006
0.00958959	1.97907e-006
0.0095996	1.37421e-006
0.00960961	8.75321e-007
0.00961962	4.86278e-007
0.00962963	2.09865e-007
0.00963964	4.77419e-008
0.00964965	4.37003e-010
0.00965966	6.7347e-008
0.00966967	2.46751e-007
0.00967968	5.35837e-007
0.00968969	9.30729e-007
0.0096997	1.42654e-006
0.00970971	2.01742e-006
0.00971972	2.69663e-006
0.00972973	3.4566e-006
0.00973974	4.28901e-006
0.00974975	5.18488e-006
0.00975976	6.13467e-006
0.00976977	7.12837e-006
0.00977978	8.1556e-006
0.00978979	9.20571e-006
0.0097998	1.02679e-005
0.00980981	1.13313e-005
0.00981982	1.23851e-005
0.00982983	1.34187e-005
0.00983984	1.44218e-005
0.00984985	1.53842e-005
0.00985986	1.62965e-005
0.00986987	1.71496e-005
0.00987988	1.79352e-005
0.00988989	1.86457e-005
0.0098999	1.92742e-005
0.00990991	1.98147e-005
0.00991992	2.02621e-005
0.00992993	2.06122e-005
0.00993994	2.08619e-005
0.00994995	2.1009e-005
0.00995996	2.10524e-005
0.00996997	2.09918e-005
0.00997998	2.08284e-005
0.00998999	2.05638e-005
0.01	2.02012e-005
