43	895.621
43.5	895.077
44	894.532
44.5	893.987
45	893.442
45.5	892.897
46	892.352
46.5	891.807
47	891.262
47.5	890.717
48	890.172
48.5	889.627
49	889.082
49.5	888.537
50	887.992
50.5	887.447
51	886.902
51.5	886.357
52	885.812
52.5	885.267
53	884.722
53.5	884.177
54	883.632
54.5	883.087
55	882.542
55.5	881.997
56	881.452
56.5	880.907
57	880.363
57.5	879.818
58	879.273
58.5	878.729
59	878.184
59.5	877.639
60	877.095
60.5	876.55
61	876.006
61.5	875.462
62	874.918
62.5	874.373
63	873.829
63.5	873.285
64	872.741
64.5	872.198
65	871.654
65.5	871.11
66	870.567
66.5	870.023
67	869.48
67.5	868.936
68	868.393
68.5	867.85
69	867.307
69.5	866.764
70	866.222
70.5	865.679
71	865.137
71.5	864.594
72	864.052
72.5	863.51
73	862.968
73.5	862.426
74	861.884
74.5	861.343
75	860.802
75.5	860.26
76	859.719
76.5	859.178
77	858.637
77.5	858.097
78	857.556
78.5	857.016
79	856.476
79.5	855.936
80	855.396
80.5	854.857
81	854.317
81.5	853.778
82	853.239
82.5	852.7
83	852.161
83.5	851.623
84	851.085
84.5	850.547
85	850.009
85.5	849.471
86	848.934
86.5	848.397
87	847.86
87.5	847.323
88	846.786
88.5	846.25
89	845.714
89.5	845.178
90	844.642
90.5	844.107
91	843.572
91.5	843.037
92	842.502
92.5	841.968
93	841.434
93.5	840.9
94	840.366
94.5	839.833
95	839.3
95.5	838.767
96	838.234
96.5	837.702
97	837.17
97.5	836.638
98	836.107
98.5	835.576
99	835.045
99.5	834.514
100	833.984
100.5	833.454
101	832.924
101.5	832.395
102	831.866
102.5	831.337
103	830.809
103.5	830.28
104	829.753
104.5	829.225
105	828.698
105.5	828.171
106	827.645
106.5	827.118
107	826.593
107.5	826.067
108	825.542
108.5	825.017
109	824.493
109.5	823.969
110	823.445
110.5	822.921
111	822.398
111.5	821.876
112	821.353
112.5	820.832
113	820.31
113.5	819.789
114	819.268
114.5	818.748
115	818.228
115.5	817.708
116	817.189
116.5	816.67
117	816.151
117.5	815.633
118	815.116
118.5	814.598
119	814.081
119.5	813.565
120	813.049
120.5	812.533
121	812.018
121.5	811.503
122	810.989
122.5	810.475
123	809.962
123.5	809.449
124	808.936
124.5	808.424
125	807.912
125.5	807.401
126	806.89
126.5	806.38
127	805.87
127.5	805.36
128	804.851
128.5	804.343
129	803.835
129.5	803.327
130	802.82
130.5	802.314
131	801.807
131.5	801.302
132	800.797
132.5	800.292
133	799.788
133.5	799.284
134	798.781
134.5	798.278
135	797.776
135.5	797.274
136	796.773
136.5	796.272
137	795.772
137.5	795.273
138	794.773
138.5	794.275
139	793.777
139.5	793.279
140	792.782
140.5	792.286
141	791.79
141.5	791.295
142	790.8
142.5	790.305
143	789.812
143.5	789.319
144	788.826
144.5	788.334
145	787.842
145.5	787.351
146	786.861
146.5	786.371
147	785.882
147.5	785.394
148	784.905
148.5	784.418
149	783.931
149.5	783.445
150	782.959
150.5	798.154
151	797.434
151.5	796.717
152	796.004
152.5	795.293
153	794.585
153.5	793.88
154	793.178
154.5	792.479
155	791.783
155.5	791.089
156	790.399
156.5	789.711
157	789.027
157.5	788.345
158	787.666
158.5	786.99
159	786.317
159.5	785.646
160	784.978
160.5	784.314
161	783.652
161.5	782.992
162	782.336
162.5	781.682
163	781.031
163.5	780.383
164	779.737
164.5	779.095
165	778.455
165.5	777.817
166	777.183
166.5	776.551
167	775.922
167.5	775.295
168	774.671
168.5	774.05
169	773.432
169.5	772.816
170	772.203
170.5	771.592
171	770.984
171.5	770.379
172	769.776
172.5	769.175
173	768.578
173.5	767.983
174	767.39
174.5	766.8
175	766.213
175.5	765.628
176	765.046
176.5	764.466
177	763.889
177.5	763.314
178	762.742
178.5	762.172
179	761.604
179.5	761.039
180	760.477
180.5	759.917
181	759.36
181.5	758.804
182	758.252
182.5	757.701
183	757.154
183.5	756.608
184	756.065
184.5	755.524
185	754.986
185.5	754.45
186	753.916
186.5	753.385
187	752.856
187.5	752.329
188	751.805
188.5	751.283
189	750.763
189.5	750.246
190	749.73
190.5	749.217
191	748.707
191.5	748.198
192	747.692
192.5	747.188
193	746.686
193.5	746.187
194	745.69
194.5	745.195
195	744.702
195.5	744.211
196	743.722
196.5	743.236
197	742.752
197.5	742.27
198	741.79
198.5	741.312
199	740.836
199.5	740.362
200	739.891
200.5	739.421
201	738.954
201.5	738.489
202	738.025
202.5	737.564
203	737.105
203.5	736.648
204	736.193
204.5	735.74
205	735.289
205.5	734.84
206	734.393
206.5	733.948
207	733.504
207.5	733.063
208	732.624
208.5	732.187
209	731.752
209.5	731.318
210	730.887
210.5	730.457
211	730.03
211.5	729.604
212	729.18
212.5	728.758
213	728.338
213.5	727.919
214	727.503
214.5	727.088
215	726.676
215.5	726.265
216	725.856
216.5	725.448
217	725.043
217.5	724.639
218	724.237
218.5	723.837
219	723.438
219.5	723.042
220	722.647
220.5	722.253
221	721.862
221.5	721.472
222	721.084
222.5	720.697
223	720.313
223.5	719.93
224	719.548
224.5	719.169
225	718.791
225.5	718.414
226	718.039
226.5	717.666
227	717.295
227.5	716.925
228	716.556
228.5	716.19
229	715.824
229.5	715.461
230	715.099
230.5	714.738
231	714.379
231.5	714.022
232	713.666
232.5	713.311
233	712.959
233.5	712.607
234	712.257
234.5	711.909
235	711.562
235.5	711.216
236	710.872
236.5	710.53
237	710.189
237.5	709.849
238	709.511
238.5	709.174
239	708.838
239.5	708.504
240	708.171
240.5	707.84
241	707.51
241.5	707.181
242	706.854
242.5	706.528
243	706.203
243.5	705.88
244	705.558
244.5	705.237
245	704.918
245.5	704.6
246	704.283
246.5	703.967
247	703.653
247.5	703.34
248	703.028
248.5	702.718
249	702.408
249.5	702.1
250	701.793
250.5	701.487
251	701.183
251.5	700.879
252	700.577
252.5	700.276
253	699.976
253.5	699.677
254	699.379
254.5	699.083
255	698.787
255.5	698.493
256	698.2
256.5	697.908
257	697.616
257.5	697.326
258	697.037
258.5	696.75
259	696.463
259.5	696.177
260	695.892
260.5	695.608
261	695.325
261.5	695.044
262	694.763
262.5	694.483
263	694.204
263.5	693.926
264	693.649
264.5	693.373
265	693.098
265.5	692.824
266	692.551
266.5	692.278
267	692.007
267.5	691.736
268	691.467
268.5	691.198
269	690.93
269.5	690.663
270	690.397
270.5	690.131
271	689.867
271.5	689.603
272	689.34
272.5	689.078
273	688.816
273.5	688.556
274	688.296
274.5	688.037
275	687.779
275.5	687.521
276	687.264
276.5	687.008
277	686.753
277.5	686.498
278	686.244
278.5	685.991
279	685.739
279.5	685.487
280	685.235
280.5	684.985
281	684.735
281.5	684.486
282	684.237
282.5	683.989
283	683.741
283.5	683.495
284	683.248
284.5	683.003
285	682.758
285.5	682.513
286	682.269
286.5	682.026
287	681.783
287.5	681.541
288	681.299
288.5	681.058
289	680.817
289.5	680.576
290	680.337
290.5	680.097
291	679.858
291.5	679.62
292	679.382
292.5	679.144
293	678.907
293.5	678.671
294	678.434
294.5	678.199
295	677.963
295.5	677.728
296	677.493
296.5	677.259
297	677.025
297.5	676.792
298	676.558
298.5	676.325
299	676.093
299.5	675.861
300	675.629
300.5	653.108
301	653.211
301.5	653.311
302	653.408
302.5	653.502
303	653.592
303.5	653.68
304	653.764
304.5	653.846
305	653.925
305.5	654
306	654.073
306.5	654.142
307	654.209
307.5	654.272
308	654.333
308.5	654.39
309	654.445
309.5	654.496
310	654.545
310.5	654.591
311	654.634
311.5	654.674
312	654.711
312.5	654.745
313	654.776
313.5	654.804
314	654.83
314.5	654.852
315	654.872
315.5	654.889
316	654.903
316.5	654.914
317	654.923
317.5	654.928
318	654.931
318.5	654.931
319	654.928
319.5	654.922
320	654.914
320.5	654.902
321	654.888
321.5	654.872
322	654.852
322.5	654.83
323	654.805
323.5	654.777
324	654.747
324.5	654.713
325	654.678
325.5	654.639
326	654.598
326.5	654.554
327	654.507
327.5	654.458
328	654.406
328.5	654.351
329	654.294
329.5	654.234
330	654.172
330.5	654.107
331	654.039
331.5	653.969
332	653.896
332.5	653.821
333	653.743
333.5	653.662
334	653.579
334.5	653.493
335	653.405
335.5	653.314
336	653.221
336.5	653.125
337	653.027
337.5	652.926
338	652.822
338.5	652.717
339	652.608
339.5	652.497
340	652.384
340.5	652.268
341	652.15
341.5	652.03
342	651.907
342.5	651.781
343	651.653
343.5	651.523
344	651.391
344.5	651.255
345	651.118
345.5	650.978
346	650.836
346.5	650.692
347	650.545
347.5	650.395
348	650.244
348.5	650.09
349	649.934
349.5	649.775
350	649.614
350.5	649.451
351	649.286
351.5	649.118
352	648.948
352.5	648.776
353	648.602
353.5	648.425
354	648.246
354.5	648.065
355	647.881
355.5	647.696
356	647.508
356.5	647.318
357	647.126
357.5	646.931
358	646.735
358.5	646.536
359	646.335
359.5	646.132
360	645.927
360.5	645.72
361	645.51
361.5	645.299
362	645.085
362.5	644.869
363	644.651
363.5	644.431
364	644.209
364.5	643.985
365	643.759
365.5	643.531
366	643.301
366.5	643.068
367	642.834
367.5	642.598
368	642.359
368.5	642.119
369	641.876
369.5	641.632
370	641.386
370.5	641.137
371	640.887
371.5	640.635
372	640.381
372.5	640.125
373	639.866
373.5	639.606
374	639.345
374.5	639.081
375	638.815
375.5	638.547
376	638.278
376.5	638.006
377	637.733
377.5	637.458
378	637.181
378.5	636.902
379	636.622
379.5	636.339
380	636.055
380.5	635.769
381	635.481
381.5	635.191
382	634.9
382.5	634.606
383	634.311
383.5	634.014
384	633.716
384.5	633.416
385	633.113
385.5	632.81
386	632.504
386.5	632.197
387	631.888
387.5	631.577
388	631.265
388.5	630.951
389	630.635
389.5	630.318
390	629.999
390.5	629.678
391	629.356
391.5	629.032
392	628.706
392.5	628.379
393	628.05
393.5	627.719
394	627.387
394.5	627.054
395	626.718
395.5	626.382
396	626.043
396.5	625.703
397	625.362
397.5	625.019
398	624.674
398.5	624.328
399	623.981
399.5	623.632
400	623.281
400.5	622.929
401	622.575
401.5	622.22
402	621.864
402.5	621.506
403	621.146
403.5	620.785
404	620.423
404.5	620.059
405	619.694
405.5	619.328
406	618.96
406.5	618.59
407	618.219
407.5	617.847
408	617.474
408.5	617.099
409	616.723
409.5	616.345
410	615.966
410.5	615.586
411	615.204
411.5	614.821
412	614.437
412.5	614.052
413	613.665
413.5	613.277
414	612.887
414.5	612.497
415	612.105
415.5	611.712
416	611.317
416.5	610.922
417	610.525
417.5	610.127
418	609.727
418.5	609.327
419	608.925
419.5	608.522
420	608.118
420.5	607.713
421	607.307
421.5	606.899
422	606.49
422.5	606.08
423	605.669
423.5	605.257
424	604.844
424.5	604.43
425	604.014
425.5	603.598
426	603.18
426.5	602.762
427	602.342
427.5	601.921
428	601.499
428.5	601.076
429	600.652
429.5	600.227
430	599.801
430.5	599.374
431	598.946
431.5	598.517
432	598.087
432.5	597.656
433	597.224
433.5	596.791
434	596.358
434.5	595.923
435	595.487
435.5	595.05
436	594.613
436.5	594.174
437	593.735
437.5	593.294
438	592.853
438.5	592.411
439	591.968
439.5	591.524
440	591.079
440.5	590.634
441	590.187
441.5	589.74
442	589.292
442.5	588.843
443	588.394
443.5	587.943
444	587.492
444.5	587.04
445	586.587
445.5	586.133
446	585.679
446.5	585.224
447	584.768
447.5	584.311
448	583.854
448.5	583.396
449	582.937
449.5	582.477
450	582.017
450.5	592.056
451	591.407
451.5	590.76
452	590.114
452.5	589.469
453	588.826
453.5	588.184
454	587.544
454.5	586.904
455	586.266
455.5	585.63
456	584.994
456.5	584.361
457	583.728
457.5	583.097
458	582.467
458.5	581.838
459	581.211
459.5	580.585
460	579.96
460.5	579.337
461	578.715
461.5	578.094
462	577.475
462.5	576.856
463	576.24
463.5	575.624
464	575.01
464.5	574.397
465	573.785
465.5	573.175
466	572.566
466.5	571.958
467	571.352
467.5	570.747
468	570.143
468.5	569.54
469	568.939
469.5	568.339
470	567.74
470.5	567.142
471	566.546
471.5	565.951
472	565.357
472.5	564.765
473	564.174
473.5	563.584
474	562.995
474.5	562.407
475	561.821
475.5	561.236
476	560.653
476.5	560.07
477	559.489
477.5	558.909
478	558.33
478.5	557.753
479	557.176
479.5	556.601
480	556.027
480.5	555.455
481	554.883
481.5	554.313
482	553.744
482.5	553.177
483	552.61
483.5	552.045
484	551.481
484.5	550.918
485	550.356
485.5	549.796
486	549.236
486.5	548.678
487	548.121
487.5	547.566
488	547.011
488.5	546.458
489	545.906
489.5	545.355
490	544.805
490.5	544.256
491	543.709
491.5	543.163
492	542.618
492.5	542.074
493	541.531
493.5	540.99
494	540.449
494.5	539.91
495	539.372
495.5	538.835
496	538.299
496.5	537.765
497	537.231
497.5	536.699
498	536.168
498.5	535.638
499	535.109
499.5	534.581
500	534.055
500.5	533.529
501	533.005
501.5	532.482
502	531.96
502.5	531.439
503	530.919
503.5	530.4
504	529.883
504.5	529.366
505	528.851
505.5	528.337
506	527.824
506.5	527.312
507	526.801
507.5	526.291
508	525.782
508.5	525.275
509	524.768
509.5	524.263
510	523.758
510.5	523.255
511	522.753
511.5	522.252
512	521.752
512.5	521.253
513	520.756
513.5	520.259
514	519.763
514.5	519.269
515	518.775
515.5	518.283
516	517.791
516.5	517.301
517	516.812
517.5	516.324
518	515.836
518.5	515.35
519	514.865
519.5	514.381
520	513.899
520.5	513.417
521	512.936
521.5	512.456
522	511.977
522.5	511.5
523	511.023
523.5	510.547
524	510.073
524.5	509.599
525	509.127
525.5	508.655
526	508.185
526.5	507.715
527	507.247
527.5	506.779
528	506.313
528.5	505.847
529	505.383
529.5	504.919
530	504.457
530.5	503.996
531	503.535
531.5	503.076
532	502.617
532.5	502.16
533	501.703
533.5	501.248
534	500.793
534.5	500.34
535	499.887
535.5	499.436
536	498.985
536.5	498.536
537	498.087
537.5	497.639
538	497.193
538.5	496.747
539	496.302
539.5	495.859
540	495.416
540.5	494.974
541	494.533
541.5	494.093
542	493.654
542.5	493.216
543	492.779
543.5	492.343
544	491.907
544.5	491.473
545	491.04
545.5	490.607
546	490.176
546.5	489.745
547	489.316
547.5	488.887
548	488.459
548.5	488.032
549	487.606
549.5	487.181
550	486.757
550.5	486.334
551	485.911
551.5	485.49
552	485.07
552.5	484.65
553	484.231
553.5	483.813
554	483.397
554.5	482.981
555	482.565
555.5	482.151
556	481.738
556.5	481.325
557	480.914
557.5	480.503
558	480.093
558.5	479.684
559	479.276
559.5	478.869
560	478.463
560.5	478.057
561	477.653
561.5	477.249
562	476.846
562.5	476.444
563	476.043
563.5	475.643
564	475.243
564.5	474.845
565	474.447
565.5	474.05
566	473.654
566.5	473.259
567	472.864
567.5	472.471
568	472.078
568.5	471.686
569	471.295
569.5	470.905
570	470.515
570.5	470.127
571	469.739
571.5	469.352
572	468.966
572.5	468.581
573	468.196
573.5	467.812
574	467.429
574.5	467.047
575	466.666
575.5	456.746
576	456.482
576.5	456.218
577	455.954
577.5	455.69
578	455.427
578.5	455.163
579	454.899
579.5	454.635
580	454.372
580.5	454.108
581	453.844
581.5	453.581
582	453.317
582.5	453.054
583	452.79
583.5	452.527
584	452.263
584.5	452
585	451.737
585.5	451.473
586	451.21
586.5	450.947
587	450.684
587.5	450.42
588	450.157
588.5	449.894
589	449.631
589.5	449.368
590	449.105
590.5	448.842
591	448.579
591.5	448.316
592	448.053
592.5	447.79
593	447.528
593.5	447.265
594	447.002
594.5	446.739
595	446.477
595.5	446.214
596	445.951
596.5	445.689
597	445.426
597.5	445.164
598	444.901
598.5	444.639
599	444.376
599.5	444.114
600	443.851
600.5	443.589
601	443.327
601.5	443.064
602	442.802
602.5	442.54
603	442.278
603.5	442.016
604	441.753
604.5	441.491
605	441.229
605.5	440.967
606	440.705
606.5	440.443
607	440.181
607.5	439.919
608	439.657
608.5	439.396
609	439.134
609.5	438.872
610	438.61
610.5	438.348
611	438.087
611.5	437.825
612	437.563
612.5	437.302
613	437.04
613.5	436.779
614	436.517
614.5	436.256
615	435.994
615.5	435.733
616	435.471
616.5	435.21
617	434.949
617.5	434.687
618	434.426
618.5	434.165
619	433.904
619.5	433.642
620	433.381
620.5	433.12
621	432.859
621.5	432.598
622	432.337
622.5	432.076
623	431.815
623.5	431.554
624	431.293
624.5	431.032
625	430.771
625.5	430.51
626	430.249
626.5	429.989
627	429.728
627.5	429.467
628	429.206
628.5	428.946
629	428.685
629.5	428.424
630	428.164
630.5	427.903
631	427.643
631.5	427.382
632	427.122
632.5	426.861
633	426.601
633.5	426.341
634	426.08
634.5	425.82
635	425.559
635.5	425.299
636	425.039
636.5	424.779
637	424.518
637.5	424.258
638	423.998
638.5	423.738
639	423.478
639.5	423.218
640	422.958
640.5	422.698
641	422.438
641.5	422.178
642	421.918
642.5	421.658
643	421.398
643.5	421.138
644	420.878
644.5	420.619
645	420.359
645.5	420.099
646	419.839
646.5	419.58
647	419.32
647.5	419.06
648	418.801
648.5	418.541
649	418.282
649.5	418.022
650	417.763
650.5	417.503
651	417.244
651.5	416.984
652	416.725
652.5	416.465
653	416.206
653.5	415.947
654	415.688
654.5	415.428
655	415.169
655.5	414.91
656	414.651
656.5	414.391
657	414.132
657.5	413.873
658	413.614
658.5	413.355
659	413.096
659.5	412.837
660	412.578
660.5	412.319
661	412.06
661.5	411.801
662	411.542
662.5	411.283
663	411.024
663.5	410.766
664	410.507
664.5	410.248
665	409.989
665.5	409.731
666	409.472
666.5	409.213
667	408.955
667.5	408.696
668	408.437
668.5	408.179
669	407.92
669.5	407.662
670	407.403
670.5	407.145
671	406.886
671.5	406.628
672	406.369
672.5	406.111
673	405.853
673.5	405.594
674	405.336
674.5	405.078
675	404.819
675.5	404.561
676	404.303
676.5	404.045
677	403.787
677.5	403.528
678	403.27
678.5	403.012
679	402.754
679.5	402.496
680	402.238
680.5	401.98
681	401.722
681.5	401.464
682	401.206
682.5	400.948
683	400.69
683.5	400.432
684	400.175
684.5	399.917
685	399.659
685.5	399.401
686	399.143
686.5	398.886
687	398.628
687.5	398.37
688	398.113
688.5	397.855
689	397.597
689.5	397.34
690	397.082
690.5	396.825
691	396.567
691.5	396.309
692	396.052
692.5	395.794
693	395.537
693.5	395.28
694	395.022
694.5	394.765
695	394.507
695.5	394.25
696	393.993
696.5	393.735
697	393.478
697.5	393.221
698	392.964
698.5	392.706
699	392.449
699.5	392.192
700	391.935
700.5	391.678
701	391.421
701.5	391.164
702	390.907
702.5	390.649
703	390.392
703.5	390.135
704	389.878
704.5	389.621
705	389.364
705.5	389.108
706	388.851
706.5	388.594
707	388.337
707.5	388.08
708	387.823
708.5	387.566
709	387.31
709.5	387.053
710	386.796
710.5	386.539
711	386.283
711.5	386.026
712	385.769
712.5	385.513
713	385.256
713.5	384.999
714	384.743
714.5	384.486
715	384.23
715.5	383.973
716	383.717
716.5	383.46
717	383.204
717.5	382.947
718	382.691
718.5	382.434
719	382.178
719.5	381.922
720	381.665
720.5	381.409
721	381.153
721.5	380.896
722	380.64
722.5	380.384
723	380.127
723.5	379.871
724	379.615
724.5	379.359
725	379.103
725.5	378.846
726	378.59
726.5	378.334
727	378.078
727.5	377.822
728	377.566
728.5	377.31
729	377.054
729.5	376.798
730	376.542
730.5	376.286
731	376.03
731.5	375.774
732	375.518
732.5	375.262
733	375.006
733.5	374.75
734	374.495
734.5	374.239
735	373.983
735.5	373.727
736	373.471
736.5	373.215
737	372.96
737.5	372.704
738	372.448
738.5	372.193
739	371.937
739.5	371.681
740	371.426
740.5	371.17
741	370.914
741.5	370.659
742	370.403
742.5	370.148
743	369.892
743.5	369.636
744	369.381
744.5	369.125
745	368.87
745.5	368.615
746	368.359
746.5	368.104
747	367.848
747.5	367.593
748	367.337
748.5	367.082
749	366.827
749.5	366.571
750	366.316
750.5	366.061
751	365.805
751.5	365.55
752	365.295
752.5	365.04
753	364.784
753.5	364.529
754	364.274
754.5	364.019
755	363.764
755.5	363.508
756	363.253
756.5	362.998
757	362.743
757.5	362.488
758	362.233
758.5	361.978
759	361.723
759.5	361.468
760	361.213
760.5	360.958
761	360.703
761.5	360.448
762	360.193
762.5	359.938
763	359.683
763.5	359.428
764	359.173
764.5	358.918
765	358.663
765.5	358.408
766	358.154
766.5	357.899
767	357.644
767.5	357.389
768	357.134
768.5	356.879
769	356.625
769.5	356.37
770	356.115
770.5	355.86
771	355.606
771.5	355.351
772	355.096
772.5	354.842
773	354.587
773.5	354.332
774	354.078
774.5	353.823
775	353.569
775.5	353.314
776	353.059
776.5	352.805
777	352.55
777.5	352.296
778	352.041
778.5	351.787
779	351.532
779.5	351.278
780	351.023
780.5	350.769
781	350.514
781.5	350.26
782	350.005
782.5	349.751
783	349.497
783.5	349.242
784	348.988
784.5	348.733
785	348.479
785.5	348.225
786	347.97
786.5	347.716
787	347.462
787.5	347.207
788	346.953
788.5	346.699
789	346.445
789.5	346.19
790	345.936
790.5	345.682
791	345.428
791.5	345.173
792	344.919
792.5	344.665
793	344.411
793.5	344.157
794	343.903
794.5	343.648
795	343.394
795.5	343.14
796	342.886
796.5	342.632
797	342.378
797.5	342.124
798	341.87
798.5	341.616
799	341.362
799.5	341.108
800	340.854
800.5	340.6
801	340.346
801.5	340.092
802	339.838
802.5	339.584
803	339.33
803.5	339.076
804	338.822
804.5	338.568
805	338.314
805.5	338.06
806	337.806
806.5	337.552
807	337.298
807.5	337.045
808	336.791
808.5	336.537
809	336.283
809.5	336.029
810	335.775
810.5	335.522
811	335.268
811.5	335.014
812	334.76
812.5	334.506
813	334.253
813.5	333.999
814	333.745
814.5	333.491
815	333.238
815.5	332.984
816	332.73
816.5	332.477
817	332.223
817.5	331.969
818	331.716
818.5	331.462
819	331.208
819.5	330.955
820	330.701
820.5	330.447
821	330.194
821.5	329.94
822	329.686
822.5	329.433
823	329.179
823.5	328.926
824	328.672
824.5	328.418
825	328.165
825.5	327.911
826	327.658
826.5	327.404
827	327.151
827.5	326.897
828	326.644
828.5	326.39
829	326.137
829.5	325.883
830	325.63
830.5	325.376
831	325.123
831.5	324.869
832	324.616
832.5	324.362
833	324.109
833.5	323.856
834	323.602
834.5	323.349
835	323.095
835.5	322.842
836	322.588
836.5	322.335
837	322.082
837.5	321.828
838	321.575
838.5	321.322
839	321.068
839.5	320.815
840	320.561
840.5	320.308
841	320.055
841.5	319.801
842	319.548
842.5	319.295
843	319.042
843.5	318.788
844	318.535
844.5	318.282
845	318.028
845.5	317.775
846	317.522
846.5	317.268
847	317.015
847.5	316.762
848	316.509
848.5	316.255
849	316.002
849.5	315.749
850	315.496
850.5	315.243
851	314.989
851.5	314.736
852	314.483
852.5	314.23
853	313.976
853.5	313.723
854	313.47
854.5	313.217
855	312.964
855.5	312.71
856	312.457
856.5	312.204
857	311.951
857.5	311.698
858	311.445
858.5	311.192
859	310.938
859.5	310.685
860	310.432
860.5	310.179
861	309.926
861.5	309.673
862	309.42
862.5	309.166
863	308.913
863.5	308.66
864	308.407
864.5	308.154
865	307.901
865.5	307.648
866	307.395
866.5	307.142
867	306.889
867.5	306.635
868	306.382
868.5	306.129
869	305.876
869.5	305.623
870	305.37
870.5	305.117
871	304.864
871.5	304.611
872	304.358
872.5	304.105
873	303.852
873.5	303.599
874	303.346
874.5	303.093
875	302.84
875.5	302.587
876	302.334
876.5	302.081
877	301.827
877.5	301.574
878	301.321
878.5	301.068
879	300.815
879.5	300.562
880	300.309
880.5	300.056
881	299.803
881.5	299.55
882	299.297
882.5	299.044
883	298.791
883.5	298.538
884	298.285
884.5	298.032
885	297.779
885.5	297.526
886	297.273
886.5	297.02
887	296.767
887.5	296.514
888	296.261
888.5	296.008
889	295.755
889.5	295.502
890	295.249
890.5	294.996
891	294.744
891.5	294.491
892	294.238
892.5	293.985
893	293.732
893.5	293.479
894	293.226
894.5	292.973
895	292.72
895.5	292.467
896	292.214
896.5	291.961
897	291.708
897.5	291.455
898	291.202
898.5	290.949
899	290.696
899.5	290.443
900	290.19
900.5	289.937
901	289.684
901.5	289.431
902	289.178
902.5	288.925
903	288.672
903.5	288.419
904	288.166
904.5	287.913
905	287.66
905.5	287.407
906	287.154
906.5	286.901
907	286.648
907.5	286.395
908	286.142
908.5	285.889
909	285.636
909.5	285.384
910	285.131
910.5	284.878
911	284.625
911.5	284.372
912	284.119
912.5	283.866
913	283.613
913.5	283.36
914	283.107
914.5	282.854
915	282.601
915.5	282.348
916	282.095
916.5	281.842
917	281.589
917.5	281.336
918	281.083
918.5	280.83
919	280.577
919.5	280.324
920	280.071
920.5	279.818
921	279.565
921.5	279.312
922	279.059
922.5	278.806
923	278.553
923.5	278.299
924	278.046
924.5	277.793
925	277.54
925.5	277.287
926	277.034
926.5	276.781
927	276.528
927.5	276.275
928	276.022
928.5	275.769
929	275.516
929.5	275.263
930	275.01
930.5	274.757
931	274.504
931.5	274.251
932	273.998
932.5	273.745
933	273.491
933.5	273.238
934	272.985
934.5	272.732
935	272.479
935.5	272.226
936	271.973
936.5	271.72
937	271.467
937.5	271.214
938	270.96
938.5	270.707
939	270.454
939.5	270.201
940	269.948
940.5	269.695
941	269.442
941.5	269.188
942	268.935
0	942
