1800
0 42.5  955.272
1 43  891.852
2 43.5  966.421
3 44  856.784
4 44.5  888.122
5 45  954.402
6 45.5  936.887
7 46  872.887
8 46.5  902.444
9 47  890.498
10 47.5  925.161
11 48  968.315
12 48.5  951.432
13 49  920.247
14 49.5  942.38
15 50  887.992
16 50.5  921.86
17 51  921.348
18 51.5  899.23
19 52  961.937
20 52.5  948.294
21 53  887.349
22 53.5  921.004
23 54  890.24
24 54.5  897.688
25 55  960.945
26 55.5  957.847
27 56  824.027
28 56.5  964.667
29 57  924.867
30 57.5  929.976
31 58  899.096
32 58.5  900.164
33 59  908.328
34 59.5  906.089
35 60  949.063
36 60.5  896.909
37 61  880.166
38 61.5  888.576
39 62  888.165
40 62.5  895.485
41 63  919.878
42 63.5  960.774
43 64  869.232
44 64.5  967.503
45 65  908.064
46 65.5  891.031
47 66  887.523
48 66.5  844.394
49 67  941.024
50 67.5  937.967
51 68  919.857
52 68.5  903.807
53 69  946.945
54 69.5  905.79
55 70  907.883
56 70.5  892.997
57 71  896.852
58 71.5  955.593
59 72  903.06
60 72.5  886.44
61 73  845.72
62 73.5  842.604
63 74  903.849
64 74.5  941.211
65 75  910.78
66 75.5  859.583
67 76  909.448
68 76.5  819.389
69 77  944.061
70 77.5  879.737
71 78  886.758
72 78.5  880.497
73 79  922.772
74 79.5  903.895
75 80  876.202
76 80.5  865.784
77 81  933.007
78 81.5  914.083
79 82  856.425
80 82.5  844.875
81 83  914.071
82 83.5  901.359
83 84  884.312
84 84.5  874.812
85 85  894.918
86 85.5  883.246
87 86  882.609
88 86.5  889.04
89 87  835.485
90 87.5  911.006
91 88  860.741
92 88.5  892.993
93 89  904.478
94 89.5  878.625
95 90  894.616
96 90.5  865.136
97 91  894.556
98 91.5  860.792
99 92  866.926
100 92.5  861.041
101 93  888.734
102 93.5  935.569
103 94  819.588
104 94.5  818.564
105 95  865.943
106 95.5  846.935
107 96  853.558
108 96.5  791.705
109 97  857.861
110 97.5  923.766
111 98  852.912
112 98.5  861.981
113 99  878.331
114 99.5  866.982
115 100  875.764
116 100.5  864.504
117 101  832.258
118 101.5  861.925
119 102  892.778
120 102.5  843.712
121 103  825.682
122 103.5  883.376
123 104  893.365
124 104.5  904.618
125 105  858.413
126 105.5  861.745
127 106  860.991
128 106.5  890.254
129 107  823.24
130 107.5  854.252
131 108  874.918
132 108.5  830.221
133 109  893.247
134 109.5  880.671
135 110  842.709
136 110.5  806.706
137 111  923.739
138 111.5  862.519
139 112  837.469
140 112.5  866.231
141 113  880.891
142 113.5  816.192
143 114  789.342
144 114.5  789.123
145 115  883.766
146 115.5  833.171
147 116  847.609
148 116.5  813.969
149 117  888.513
150 117.5  861.835
151 118  856.955
152 118.5  893.608
153 119  875.967
154 119.5  833.99
155 120  869.631
156 120.5  881.271
157 121  849.195
158 121.5  864.565
159 122  823.363
160 122.5  821.644
161 123  880.816
162 123.5  834.199
163 124  823.156
164 124.5  841.61
165 125  797.062
166 125.5  839.983
167 126  885.255
168 126.5  875.705
169 127  867.438
170 127.5  851.895
171 128  844.611
172 128.5  844.178
173 129  834.778
174 129.5  826.174
175 130  817.645
176 130.5  817.041
177 131  875.311
178 131.5  801.153
179 132  792.094
180 132.5  817.516
181 133  856.167
182 133.5  779.687
183 134  852.24
184 134.5  773.903
185 135  841.338
186 135.5  852.303
187 136  830.101
188 136.5  785.899
189 137  827.554
190 137.5  842.875
191 138  821.095
192 138.5  807.492
193 139  771.473
194 139.5  849.748
195 140  870.82
196 140.5  846.841
197 141  885.921
198 141.5  803.969
199 142  830.204
200 142.5  811.454
201 143  834.02
202 143.5  785.606
203 144  828.038
204 144.5  818.925
205 145  835.47
206 145.5  836.957
207 146  894.448
208 146.5  779.543
209 147  773.396
210 147.5  815.563
211 148  853.199
212 148.5  798.611
213 149  810.346
214 149.5  826.548
215 150  830.577
216 150.5  749.446
217 151  824.358
218 151.5  842.604
219 152  796.198
220 152.5  787.092
221 153  801.929
222 153.5  774.922
223 154  852.859
224 154.5  768.307
225 155  805.631
226 155.5  820.576
227 156  892.305
228 156.5  853.415
229 157  822.251
230 157.5  800.159
231 158  804.7
232 158.5  872.148
233 159  794.341
234 159.5  823.466
235 160  825.695
236 160.5  834.225
237 161  755.94
238 161.5  805.933
239 162  843.237
240 162.5  853.671
241 163  776.65
242 163.5  830.302
243 164  767.533
244 164.5  773.876
245 165  773.954
246 165.5  832.949
247 166  749.395
248 166.5  782.365
249 167  795.266
250 167.5  768.174
251 168  847.522
252 168.5  811.464
253 169  803.878
254 169.5  767.435
255 170  749.18
256 170.5  840.137
257 171  796.623
258 171.5  809.662
259 172  817.098
260 172.5  782.839
261 173  798.596
262 173.5  797.284
263 174  791.492
264 174.5  760.506
265 175  793.766
266 175.5  791.038
267 176  783.239
268 176.5  804.27
269 177  798.212
270 177.5  740.483
271 178  742.756
272 178.5  790.025
273 179  770.282
274 179.5  815.251
275 180  787.266
276 180.5  715.347
277 181  774.078
278 181.5  736.136
279 182  835.222
280 182.5  832.081
281 183  754.972
282 183.5  756.895
283 184  801.848
284 184.5  753.703
285 185  743.429
286 185.5  781.643
287 186  795.799
288 186.5  756.855
289 187  862.512
290 187.5  797.631
291 188  801.964
292 188.5  754.879
293 189  746.791
294 189.5  789.276
295 190  753.93
296 190.5  762.032
297 191  744.739
298 191.5  791.602
299 192  777.807
300 192.5  771.93
301 193  785.633
302 193.5  748.165
303 194  738.601
304 194.5  759.554
305 195  745.176
306 195.5  784.565
307 196  709.004
308 196.5  770.683
309 197  780.525
310 197.5  787.385
311 198  707.133
312 198.5  715.413
313 199  733.841
314 199.5  738.228
315 200  720.243
316 200.5  777.335
317 201  770.673
318 201.5  746.357
319 202  770.996
320 202.5  783.13
321 203  693.195
322 203.5  767.894
323 204  706.765
324 204.5  788.633
325 205  770.9
326 205.5  726.431
327 206  739.346
328 206.5  786.411
329 207  686.242
330 207.5  722.583
331 208  777.744
332 208.5  740.355
333 209  771.657
334 209.5  716.236
335 210  728.222
336 210.5  738.329
337 211  698.965
338 211.5  743.848
339 212  753.504
340 212.5  739.572
341 213  775.899
342 213.5  736.23
343 214  721.39
344 214.5  715.844
345 215  745.73
346 215.5  744.266
347 216  705.116
348 216.5  736.093
349 217  670.214
350 217.5  726.053
351 218  693.811
352 218.5  760.802
353 219  737.815
354 219.5  741.148
355 220  728.605
356 220.5  744.527
357 221  713.316
358 221.5  751.984
359 222  750.958
360 222.5  743.391
361 223  740.267
362 223.5  725.929
363 224  738.773
364 224.5  688.996
365 225  771.549
366 225.5  739.921
367 226  710.664
368 226.5  771.883
369 227  687.212
370 227.5  790.966
371 228  722.349
372 228.5  715.361
373 229  745.179
374 229.5  690.598
375 230  755.73
376 230.5  721.014
377 231  746.439
378 231.5  735.714
379 232  661.094
380 232.5  751.334
381 233  697.544
382 233.5  749.17
383 234  794.23
384 234.5  756.262
385 235  718.065
386 235.5  664.502
387 236  698.719
388 236.5  725.171
389 237  696.463
390 237.5  683.902
391 238  721.509
392 238.5  783.578
393 239  736.444
394 239.5  701.949
395 240  673.465
396 240.5  726.347
397 241  727.424
398 241.5  743.766
399 242  768.436
400 242.5  712.865
401 243  696.128
402 243.5  693.728
403 244  672.289
404 244.5  680.237
405 245  713.383
406 245.5  709.779
407 246  674.123
408 246.5  744.95
409 247  720.466
410 247.5  693.963
411 248  661.718
412 248.5  670.619
413 249  679.811
414 249.5  685.393
415 250  701.793
416 250.5  743.22
417 251  714.804
418 251.5  684.271
419 252  744.089
420 252.5  731.616
421 253  763.111
422 253.5  701.831
423 254  680.598
424 254.5  757.562
425 255  740.93
426 255.5  741.456
427 256  692.328
428 256.5  687.53
429 257  734.682
430 257.5  714.076
431 258  698.311
432 258.5  732.628
433 259  723.256
434 259.5  657.255
435 260  706.167
436 260.5  713.669
437 261  672.011
438 261.5  706.23
439 262  714.2
440 262.5  702.851
441 263  712.767
442 263.5  670.792
443 264  704.488
444 264.5  708.261
445 265  690.923
446 265.5  702.125
447 266  716.556
448 266.5  673.076
449 267  683.667
450 267.5  688.749
451 268  697.416
452 268.5  731.782
453 269  689.529
454 269.5  682.338
455 270  691.802
456 270.5  634.536
457 271  691.929
458 271.5  614.632
459 272  719.91
460 272.5  712.168
461 273  635.209
462 273.5  672.435
463 274  701.746
464 274.5  657.507
465 275  708.897
466 275.5  681.489
467 276  678.125
468 276.5  691.063
469 277  742.364
470 277.5  696.046
471 278  713.957
472 278.5  717.568
473 279  672.384
474 279.5  690.199
475 280  679.644
476 280.5  683.187
477 281  648.102
478 281.5  691.068
479 282  651.554
480 282.5  672.014
481 283  754.281
482 283.5  657.855
483 284  673.834
484 284.5  651.883
485 285  676.764
486 285.5  653.719
487 286  672.829
488 286.5  670.175
489 287  669.116
490 287.5  657.249
491 288  724.647
492 288.5  670.13
493 289  653.596
494 289.5  686.195
495 290  660.741
496 290.5  709.081
497 291  676.239
498 291.5  722.828
499 292  641.049
500 292.5  674.498
501 293  669.618
502 293.5  697.849
503 294  679.009
504 294.5  675.226
505 295  692.073
506 295.5  598.601
507 296  625.935
508 296.5  662.016
509 297  629.35
510 297.5  681.441
511 298  649.593
512 298.5  742.489
513 299  681.811
514 299.5  618.851
515 300  623.494
516 300.5  679.819
517 301  680.434
518 301.5  617.349
519 302  651.117
520 302.5  660.306
521 303  685.635
522 303.5  665.019
523 304  706.336
524 304.5  732.089
525 305  666.403
526 305.5  675.389
527 306  666.802
528 306.5  677.098
529 307  597.432
530 307.5  657.318
531 308  691.199
532 308.5  668.116
533 309  660.641
534 309.5  613.979
535 310  627.253
536 310.5  642.027
537 311  643.22
538 311.5  649.881
539 312  694.979
540 312.5  619.374
541 313  670.93
542 313.5  656.838
543 314  621.785
544 314.5  633.039
545 315  650.715
546 315.5  654.089
547 316  684.984
548 316.5  593.994
549 317  603.8
550 317.5  695.804
551 318  678.93
552 318.5  635.325
553 319  664.736
554 319.5  620.34
555 320  630.459
556 320.5  639.633
557 321  667.072
558 321.5  699.884
559 322  640.987
560 322.5  600.983
561 323  607.225
562 323.5  649.472
563 324  599.583
564 324.5  611.603
565 325  655.438
566 325.5  629.635
567 326  599.651
568 326.5  652.284
569 327  625.595
570 327.5  613.629
571 328  677.363
572 328.5  650.08
573 329  653.883
574 329.5  636.135
575 330  642.472
576 330.5  633.584
577 331  687.044
578 331.5  639.338
579 332  576.888
580 332.5  691.923
581 333  654.929
582 333.5  637.209
583 334  612.699
584 334.5  591.209
585 335  556.713
586 335.5  641.698
587 336  632.069
588 336.5  626.174
589 337  613.119
590 337.5  622.811
591 338  596.429
592 338.5  627.565
593 339  643.994
594 339.5  650.87
595 340  611.098
596 340.5  603.553
597 341  626.464
598 341.5  608.136
599 342  616.416
600 342.5  595.825
601 343  635.993
602 343.5  665.039
603 344  602.364
604 344.5  634.838
605 345  553.906
606 345.5  612.266
607 346  642.964
608 346.5  651.714
609 347  610.086
610 347.5  645.339
611 348  633.363
612 348.5  660.098
613 349  617.559
614 349.5  621.547
615 350  583.826
616 350.5  620.061
617 351  667.874
618 351.5  664.183
619 352  587.443
620 352.5  626.533
621 353  630.134
622 353.5  685.934
623 354  626.684
624 354.5  626.446
625 355  597.6
626 355.5  579.376
627 356  598.128
628 356.5  592.707
629 357  655.396
630 357.5  613.267
631 358  636.444
632 358.5  562.278
633 359  599.333
634 359.5  623.322
635 360  568.812
636 360.5  560.749
637 361  634.753
638 361.5  573.115
639 362  571.435
640 362.5  576.089
641 363  592.423
642 363.5  617.237
643 364  561.239
644 364.5  645.782
645 365  579.341
646 365.5  636.052
647 366  621.279
648 366.5  573.631
649 367  612.747
650 367.5  624.326
651 368  610.215
652 368.5  662.817
653 369  646.288
654 369.5  593.712
655 370  593.578
656 370.5  561.658
657 371  600.706
658 371.5  552.164
659 372  535.617
660 372.5  590.802
661 373  589.109
662 373.5  610.289
663 374  570.991
664 374.5  579.302
665 375  625.464
666 375.5  629.308
667 376  634.141
668 376.5  604.298
669 377  606.765
670 377.5  538.226
671 378  583.953
672 378.5  575.403
673 379  590.047
674 379.5  556.973
675 380  599.452
676 380.5  587.26
677 381  577.002
678 381.5  592.258
679 382  606.108
680 382.5  593.92
681 383  571.721
682 383.5  599.022
683 384  625.174
684 384.5  614.997
685 385  608.319
686 385.5  646.554
687 386  574.361
688 386.5  580.572
689 387  579.505
690 387.5  616.172
691 388  587.276
692 388.5  623.228
693 389  567.119
694 389.5  566.583
695 390  579.222
696 390.5  599.014
697 391  549.578
698 391.5  536.053
699 392  627.768
700 392.5  585.383
701 393  660.444
702 393.5  642.212
703 394  616.447
704 394.5  563.352
705 395  568.384
706 395.5  588.95
707 396  557.648
708 396.5  562.595
709 397  613.493
710 397.5  566.262
711 398  577.503
712 398.5  567.613
713 399  556.859
714 399.5  582.993
715 400  623.281
716 400.5  556.689
717 401  579.71
718 401.5  558.723
719 402  556.262
720 402.5  594.486
721 403  559.589
722 403.5  564.135
723 404  579.501
724 404.5  597.701
725 405  580.566
726 405.5  564.307
727 406  532.527
728 406.5  561.381
729 407  557.829
730 407.5  564.22
731 408  515.176
732 408.5  599.149
733 409  547.909
734 409.5  592.998
735 410  578.369
736 410.5  592.817
737 411  591.776
738 411.5  554.477
739 412  515.552
740 412.5  573.141
741 413  476.121
742 413.5  588.676
743 414  581.513
744 414.5  622.84
745 415  562.757
746 415.5  590.507
747 416  508.111
748 416.5  542.235
749 417  495.302
750 417.5  577.737
751 418  590.074
752 418.5  628.54
753 419  520.595
754 419.5  566.723
755 420  544.797
756 420.5  502.406
757 421  511.857
758 421.5  576.636
759 422  548.369
760 422.5  647.98
761 423  600.315
762 423.5  536.089
763 424  553.254
764 424.5  551.745
765 425  566.37
766 425.5  551.945
767 426  596.772
768 426.5  610.934
769 427  585.26
770 427.5  555.978
771 428  543.105
772 428.5  554.006
773 429  595.17
774 429.5  491.606
775 430  567.744
776 430.5  555.594
777 431  552.608
778 431.5  569.936
779 432  522.269
780 432.5  578.562
781 433  541.969
782 433.5  475.308
783 434  506.718
784 434.5  512.33
785 435  552.511
786 435.5  604.541
787 436  571.288
788 436.5  577.304
789 437  577.741
790 437.5  571.485
791 438  560.44
792 438.5  537.859
793 439  504.069
794 439.5  527.298
795 440  519.417
796 440.5  536.859
797 441  572.85
798 441.5  524.494
799 442  497.407
800 442.5  485.221
801 443  538.161
802 443.5  521.214
803 444  562.976
804 444.5  500.854
805 445  555.176
806 445.5  549.17
807 446  561.774
808 446.5  519.844
809 447  556.617
810 447.5  512.024
811 448  503.721
812 448.5  583.858
813 449  560.264
814 449.5  528.201
815 450  530.279
816 450.5  565.987
817 451  558.509
818 451.5  540.3
819 452  516.689
820 452.5  544.378
821 453  502.439
822 453.5  586.314
823 454  504.796
824 454.5  541.796
825 455  531.696
826 455.5  533.842
827 456  512.098
828 456.5  467.476
829 457  537.539
830 457.5  523.274
831 458  513.246
832 458.5  529.342
833 459  501.253
834 459.5  525.208
835 460  492.596
836 460.5  514.457
837 461  549.071
838 461.5  510.49
839 462  563.818
840 462.5  583.353
841 463  488.115
842 463.5  516.743
843 464  508.082
844 464.5  554.746
845 465  506.005
846 465.5  554.367
847 466  520.312
848 466.5  530.075
849 467  512.902
850 467.5  547.251
851 468  561.194
852 468.5  553.87
853 469  534.601
854 469.5  549.294
855 470  602.833
856 470.5  574.392
857 471  504.751
858 471.5  475.868
859 472  538.887
860 472.5  569.767
861 473  485.754
862 473.5  489.525
863 474  475.339
864 474.5  514.864
865 475  502.412
866 475.5  549.201
867 476  519.524
868 476.5  494.161
869 477  510.65
870 477.5  541.581
871 478  503.903
872 478.5  525.262
873 479  469.633
874 479.5  559.359
875 480  492.858
876 480.5  507.161
877 481  490.445
878 481.5  498.794
879 482  496.892
880 482.5  500.275
881 483  499.986
882 483.5  459.137
883 484  484.49
884 484.5  533.838
885 485  497.227
886 485.5  466.028
887 486  550.775
888 486.5  502.318
889 487  550.8
890 487.5  476.208
891 488  574.897
892 488.5  448.288
893 489  497.738
894 489.5  475.06
895 490  531.813
896 490.5  553.527
897 491  523
898 491.5  523.397
899 492  506.303
900 492.5  476.5
901 493  433.902
902 493.5  588.285
903 494  533.945
904 494.5  493.289
905 495  517.673
906 495.5  513.622
907 496  550.655
908 496.5  473.394
909 497  461.297
910 497.5  512.409
911 498  548.579
912 498.5  475.781
913 499  541.323
914 499.5  444.361
915 500  478.82
916 500.5  458.03
917 501  495.292
918 501.5  510.073
919 502  459.282
920 502.5  518.076
921 503  472.482
922 503.5  485.961
923 504  436.613
924 504.5  453.908
925 505  527.189
926 505.5  514.742
927 506  522.895
928 506.5  466.198
929 507  506.541
930 507.5  552.562
931 508  490.625
932 508.5  480.758
933 509  476.837
934 509.5  472.278
935 510  494.592
936 510.5  498.335
937 511  496.667
938 511.5  497.415
939 512  529.252
940 512.5  489.72
941 513  496.009
942 513.5  511.774
943 514  464.046
944 514.5  582.557
945 515  516.839
946 515.5  468.875
947 516  453.647
948 516.5  523.385
949 517  478.807
950 517.5  474.661
951 518  514.688
952 518.5  447.673
953 519  500.629
954 519.5  454.2
955 520  453.625
956 520.5  509.176
957 521  452.268
958 521.5  457.976
959 522  477.761
960 522.5  433.52
961 523  483.526
962 523.5  483.19
963 524  507.847
964 524.5  502.666
965 525  521.709
966 525.5  520.029
967 526  480.38
968 526.5  477.326
969 527  443.429
970 527.5  467.879
971 528  485.489
972 528.5  449.765
973 529  455.314
974 529.5  504.403
975 530  467.715
976 530.5  503.491
977 531  515.089
978 531.5  496.777
979 532  478.252
980 532.5  461.836
981 533  505.069
982 533.5  488.699
983 534  448.78
984 534.5  506.399
985 535  518.84
986 535.5  455.22
987 536  451.562
988 536.5  478.171
989 537  506.226
990 537.5  462.81
991 538  522.478
992 538.5  476.849
993 539  495.367
994 539.5  451.474
995 540  465.165
996 540.5  537.329
997 541  454.013
998 541.5  442.291
999 542  470.808
1000 542.5  401.907
1001 543  457.85
1002 543.5  429.706
1003 544  495.737
1004 544.5  535.319
1005 545  500.919
1006 545.5  456.869
1007 546  455.765
1008 546.5  457.71
1009 547  491.269
1010 547.5  498.931
1011 548  487.944
1012 548.5  453.773
1013 549  497.96
1014 549.5  468.796
1015 550  486.757
1016 550.5  482.908
1017 551  451.761
1018 551.5  461.218
1019 552  459.932
1020 552.5  517.77
1021 553  471.291
1022 553.5  489.52
1023 554  412.781
1024 554.5  440.531
1025 555  453.442
1026 555.5  534.759
1027 556  472.945
1028 556.5  462.418
1029 557  440.832
1030 557.5  411.348
1031 558  462.133
1032 558.5  475.348
1033 559  498.95
1034 559.5  484.029
1035 560  473.192
1036 560.5  491.31
1037 561  437.885
1038 561.5  410.973
1039 562  425.341
1040 562.5  460.391
1041 563  494.352
1042 563.5  438.758
1043 564  485.721
1044 564.5  479.437
1045 565  486.25
1046 565.5  443.009
1047 566  462.659
1048 566.5  436.451
1049 567  431.448
1050 567.5  462.42
1051 568  478.081
1052 568.5  473.037
1053 569  467.817
1054 569.5  478.814
1055 570  464.68
1056 570.5  452.59
1057 571  497.702
1058 571.5  477.427
1059 572  467.408
1060 572.5  414.104
1061 573  436.552
1062 573.5  479.349
1063 574  410.494
1064 574.5  371.603
1065 575  450.044
1066 575.5  451.139
1067 576  435.894
1068 576.5  437.592
1069 577  423.008
1070 577.5  452.44
1071 578  448.967
1072 578.5  396.255
1073 579  488.592
1074 579.5  421.575
1075 580  470.233
1076 580.5  405.889
1077 581  455.485
1078 581.5  425.313
1079 582  489.633
1080 582.5  443.627
1081 583  484.659
1082 583.5  415.867
1083 584  468.652
1084 584.5  510.904
1085 585  440.176
1086 585.5  502.085
1087 586  487.632
1088 586.5  404.357
1089 587  442.455
1090 587.5  447.735
1091 588  412.442
1092 588.5  449.689
1093 589  455.382
1094 589.5  464.994
1095 590  450.679
1096 590.5  432.296
1097 591  437.842
1098 591.5  443.234
1099 592  440.209
1100 592.5  422.129
1101 593  426.909
1102 593.5  454.189
1103 594  475.799
1104 594.5  472.327
1105 595  447.252
1106 595.5  496.983
1107 596  454.588
1108 596.5  396.641
1109 597  459.879
1110 597.5  390.23
1111 598  483.032
1112 598.5  531.358
1113 599  467.214
1114 599.5  504.757
1115 600  516.025
1116 600.5  491.735
1117 601  479.958
1118 601.5  516.069
1119 602  492.99
1120 602.5  494.754
1121 603  536.721
1122 603.5  548.69
1123 604  479.724
1124 604.5  507.934
1125 605  525.082
1126 605.5  549.429
1127 606  504.912
1128 606.5  608.449
1129 607  604.812
1130 607.5  584.133
1131 608  585.941
1132 608.5  597.961
1133 609  586.802
1134 609.5  657.14
1135 610  712.074
1136 610.5  653.159
1137 611  672.668
1138 611.5  715.179
1139 612  707.742
1140 612.5  698.712
1141 613  758.354
1142 613.5  752.056
1143 614  771.013
1144 614.5  804.81
1145 615  796.49
1146 615.5  796.45
1147 616  908.543
1148 616.5  870.666
1149 617  916.448
1150 617.5  828.4
1151 618  999.707
1152 618.5  969.553
1153 619  1029.09
1154 619.5  1074.56
1155 620  1058.37
1156 620.5  1143.48
1157 621  1143.93
1158 621.5  1204.93
1159 622  1228.57
1160 622.5  1246.36
1161 623  1288.62
1162 623.5  1368.91
1163 624  1414.33
1164 624.5  1402.45
1165 625  1467.95
1166 625.5  1512.49
1167 626  1544.14
1168 626.5  1664.82
1169 627  1658.6
1170 627.5  1746.46
1171 628  1792.18
1172 628.5  1780.75
1173 629  1877.77
1174 629.5  1918.88
1175 630  2008.17
1176 630.5  2065.86
1177 631  2111.72
1178 631.5  2148.96
1179 632  2270.18
1180 632.5  2284.15
1181 633  2368.05
1182 633.5  2439.9
1183 634  2510.18
1184 634.5  2542.6
1185 635  2642.85
1186 635.5  2694.85
1187 636  2715.64
1188 636.5  2830.33
1189 637  2852.36
1190 637.5  2967.83
1191 638  3074.73
1192 638.5  3139.54
1193 639  3131.71
1194 639.5  3256.07
1195 640  3304.52
1196 640.5  3332.28
1197 641  3411.15
1198 641.5  3431.05
1199 642  3568.12
1200 642.5  3581.84
1201 643  3654.7
1202 643.5  3712.11
1203 644  3813.87
1204 644.5  3892.66
1205 645  3901.96
1206 645.5  4000.95
1207 646  4006.18
1208 646.5  4075.6
1209 647  4127.99
1210 647.5  4178.31
1211 648  4252.71
1212 648.5  4315.67
1213 649  4260.02
1214 649.5  4367.97
1215 650  4390.2
1216 650.5  4440.5
1217 651  4495.28
1218 651.5  4503.7
1219 652  4500.11
1220 652.5  4474.44
1221 653  4560.38
1222 653.5  4612.92
1223 654  4640.17
1224 654.5  4603.2
1225 655  4660.46
1226 655.5  4681.49
1227 656  4663.61
1228 656.5  4693.26
1229 657  4670.7
1230 657.5  4644.22
1231 658  4695.55
1232 658.5  4674.17
1233 659  4629.47
1234 659.5  4618.06
1235 660  4635.91
1236 660.5  4583.22
1237 661  4574.27
1238 661.5  4568.56
1239 662  4480.28
1240 662.5  4481.95
1241 663  4494.29
1242 663.5  4382.73
1243 664  4335.41
1244 664.5  4310.3
1245 665  4288.97
1246 665.5  4235.37
1247 666  4259.32
1248 666.5  4147.38
1249 667  4167.92
1250 667.5  4046.01
1251 668  4009.99
1252 668.5  3887.13
1253 669  3896.13
1254 669.5  3837.78
1255 670  3771.11
1256 670.5  3687.01
1257 671  3597.29
1258 671.5  3622.5
1259 672  3486.06
1260 672.5  3461.57
1261 673  3387.79
1262 673.5  3409.79
1263 674  3245.63
1264 674.5  3228.9
1265 675  3103.42
1266 675.5  3078.02
1267 676  3036.21
1268 676.5  2965.21
1269 677  2835.68
1270 677.5  2794.37
1271 678  2736.09
1272 678.5  2681.5
1273 679  2587.08
1274 679.5  2566.86
1275 680  2497.08
1276 680.5  2417.18
1277 681  2357.94
1278 681.5  2221.65
1279 682  2197.65
1280 682.5  2174.1
1281 683  2132.34
1282 683.5  2070.33
1283 684  1975.06
1284 684.5  1921.71
1285 685  1882.25
1286 685.5  1817.9
1287 686  1809.26
1288 686.5  1754.37
1289 687  1624.92
1290 687.5  1596.89
1291 688  1557.44
1292 688.5  1544.25
1293 689  1425.75
1294 689.5  1412.12
1295 690  1372.43
1296 690.5  1310.29
1297 691  1241.86
1298 691.5  1200.76
1299 692  1212.42
1300 692.5  1096.12
1301 693  1122.44
1302 693.5  1085.93
1303 694  1084.29
1304 694.5  988.958
1305 695  1005.46
1306 695.5  981.247
1307 696  886.648
1308 696.5  914.279
1309 697  917.729
1310 697.5  844.628
1311 698  789.854
1312 698.5  776.416
1313 699  729.185
1314 699.5  766.096
1315 700  688.134
1316 700.5  700.655
1317 701  666.005
1318 701.5  617.131
1319 702  677.087
1320 702.5  614.42
1321 703  700.831
1322 703.5  632.944
1323 704  593.601
1324 704.5  567.812
1325 705  507.236
1326 705.5  567.708
1327 706  580.126
1328 706.5  517.082
1329 707  475.497
1330 707.5  546.237
1331 708  454.971
1332 708.5  505.626
1333 709  501.563
1334 709.5  496.527
1335 710  526.232
1336 710.5  463.527
1337 711  475.261
1338 711.5  450.519
1339 712  459.828
1340 712.5  451.191
1341 713  422.102
1342 713.5  409.645
1343 714  466.749
1344 714.5  417.039
1345 715  401.771
1346 715.5  429.551
1347 716  415.54
1348 716.5  423.593
1349 717  379.945
1350 717.5  424.835
1351 718  464.217
1352 718.5  438.457
1353 719  344.069
1354 719.5  363.271
1355 720  420.877
1356 720.5  355.838
1357 721  376.046
1358 721.5  325.214
1359 722  400.418
1360 722.5  426.531
1361 723  374.447
1362 723.5  410.128
1363 724  323.355
1364 724.5  403.877
1365 725  354.151
1366 725.5  371.431
1367 726  378.139
1368 726.5  335.686
1369 727  362.072
1370 727.5  392.074
1371 728  364.364
1372 728.5  352.831
1373 729  336.644
1374 729.5  329.12
1375 730  343.466
1376 730.5  336.864
1377 731  390.197
1378 731.5  361.942
1379 732  354.232
1380 732.5  327.061
1381 733  346.959
1382 733.5  343.496
1383 734  340.469
1384 734.5  414.047
1385 735  373.894
1386 735.5  434.786
1387 736  411.427
1388 736.5  338.118
1389 737  322.082
1390 737.5  379.571
1391 738  386.668
1392 738.5  399.453
1393 739  326.407
1394 739.5  390.893
1395 740  321.891
1396 740.5  367.699
1397 741  356.436
1398 741.5  410.218
1399 742  349.329
1400 742.5  315.387
1401 743  338.925
1402 743.5  347.171
1403 744  326.296
1404 744.5  340.124
1405 745  298.348
1406 745.5  401.063
1407 746  291.279
1408 746.5  326.488
1409 747  355.793
1410 747.5  381.035
1411 748  365.383
1412 748.5  408.872
1413 749  296.361
1414 749.5  320.263
1415 750  366.316
1416 750.5  347.203
1417 751  342.082
1418 751.5  378.564
1419 752  389.641
1420 752.5  289.68
1421 753  338.142
1422 753.5  355.212
1423 754  342.707
1424 754.5  279.074
1425 755  381.636
1426 755.5  315.05
1427 756  358.685
1428 756.5  375.105
1429 757  343.431
1430 757.5  370.156
1431 758  384.742
1432 758.5  348.246
1433 759  348.768
1434 759.5  333.404
1435 760  370.348
1436 760.5  372.843
1437 761  363.623
1438 761.5  341.918
1439 762  367.361
1440 762.5  421.938
1441 763  314.017
1442 763.5  285.621
1443 764  369.263
1444 764.5  342.688
1445 765  369.417
1446 765.5  347.617
1447 766  362.864
1448 766.5  388.544
1449 767  332.832
1450 767.5  329.929
1451 768  275.368
1452 768.5  331.332
1453 769  343.177
1454 769.5  384.88
1455 770  353.445
1456 770.5  376.007
1457 771  361.003
1458 771.5  342.971
1459 772  302.581
1460 772.5  367.883
1461 773  376.983
1462 773.5  300.731
1463 774  293.293
1464 774.5  384.953
1465 775  303.086
1466 775.5  369.756
1467 776  321.13
1468 776.5  364.867
1469 777  313.449
1470 777.5  343.862
1471 778  259.557
1472 778.5  357.808
1473 779  293.666
1474 779.5  353.562
1475 780  291.214
1476 780.5  322.257
1477 781  366.743
1478 781.5  316.233
1479 782  285.404
1480 782.5  340.765
1481 783  323.38
1482 783.5  386.89
1483 784  324.99
1484 784.5  382.927
1485 785  346.821
1486 785.5  331.786
1487 786  365.652
1488 786.5  323.572
1489 787  318.605
1490 787.5  275.651
1491 788  315.44
1492 788.5  369.06
1493 789  331.141
1494 789.5  355.288
1495 790  281.251
1496 790.5  400.103
1497 791  314.496
1498 791.5  358.817
1499 792  355.159
1500 792.5  356.878
1501 793  379.451
1502 793.5  320.071
1503 794  367.031
1504 794.5  355.495
1505 795  276.085
1506 795.5  283.866
1507 796  344.713
1508 796.5  353.677
1509 797  345.819
1510 797.5  374.167
1511 798  333.849
1512 798.5  276.811
1513 799  343.842
1514 799.5  340.802
1515 800  310.951
1516 800.5  331.533
1517 801  344.21
1518 801.5  339.996
1519 802  302.157
1520 802.5  328.372
1521 803  271.406
1522 803.5  327.012
1523 804  346.999
1524 804.5  311.156
1525 805  375.558
1526 805.5  295.193
1527 806  320.286
1528 806.5  338.218
1529 807  324.414
1530 807.5  330.475
1531 808  305.846
1532 808.5  315.833
1533 809  380.943
1534 809.5  307.768
1535 810  326.932
1536 810.5  333.624
1537 811  332.873
1538 811.5  290.329
1539 812  302.932
1540 812.5  321.048
1541 813  308.658
1542 813.5  343.553
1543 814  374.968
1544 814.5  267.333
1545 815  285.222
1546 815.5  273.261
1547 816  346.839
1548 816.5  320.916
1549 817  309.674
1550 817.5  312.879
1551 818  332.372
1552 818.5  338.359
1553 819  352.398
1554 819.5  380.76
1555 820  348.34
1556 820.5  304.071
1557 821  302.031
1558 821.5  300.588
1559 822  314.615
1560 822.5  377.673
1561 823  318.135
1562 823.5  296.253
1563 824  358.527
1564 824.5  290.564
1565 825  292.936
1566 825.5  289.422
1567 826  348.31
1568 826.5  279.172
1569 827  339.162
1570 827.5  374.613
1571 828  340.305
1572 828.5  288.752
1573 829  331.845
1574 829.5  364.481
1575 830  368.484
1576 830.5  304.701
1577 831  329.362
1578 831.5  286.08
1579 832  311.458
1580 832.5  321.145
1581 833  352.41
1582 833.5  302.264
1583 834  318.467
1584 834.5  281.732
1585 835  314.407
1586 835.5  306.459
1587 836  307.96
1588 836.5  308.283
1589 837  346.282
1590 837.5  315.26
1591 838  321.441
1592 838.5  343.776
1593 839  279.829
1594 839.5  282.632
1595 840  364.754
1596 840.5  324.252
1597 841  303.033
1598 841.5  292.038
1599 842  315.431
1600 842.5  355.946
1601 843  287.268
1602 843.5  361.67
1603 844  326.126
1604 844.5  293.14
1605 845  299.576
1606 845.5  361.79
1607 846  295.049
1608 846.5  367.095
1609 847  319.568
1610 847.5  292.471
1611 848  330.907
1612 848.5  316.275
1613 849  333.063
1614 849.5  264.037
1615 850  332.274
1616 850.5  343.114
1617 851  321.416
1618 851.5  345.109
1619 852  260.088
1620 852.5  323.448
1621 853  248.967
1622 853.5  328.542
1623 854  315.158
1624 854.5  316.902
1625 855  312.005
1626 855.5  338.246
1627 856  295.904
1628 856.5  307.49
1629 857  264.666
1630 857.5  304.707
1631 858  274.911
1632 858.5  277.661
1633 859  323.814
1634 859.5  300.507
1635 860  290.178
1636 860.5  313.469
1637 861  283.346
1638 861.5  361.176
1639 862  266.194
1640 862.5  284.694
1641 863  359.256
1642 863.5  356.4
1643 864  282.912
1644 864.5  301.61
1645 865  273.77
1646 865.5  366.009
1647 866  300.463
1648 866.5  283.171
1649 867  332.287
1650 867.5  290.463
1651 868  277.438
1652 868.5  300.232
1653 869  339.609
1654 869.5  242.016
1655 870  285.242
1656 870.5  311.284
1657 871  307.558
1658 871.5  344.325
1659 872  370.621
1660 872.5  317.39
1661 873  331.713
1662 873.5  339.259
1663 874  306.578
1664 874.5  333.619
1665 875  283.748
1666 875.5  328.276
1667 876  306.766
1668 876.5  316.517
1669 877  287.975
1670 877.5  285.715
1671 878  283.215
1672 878.5  258.934
1673 879  316.777
1674 879.5  320.519
1675 880  247.49
1676 880.5  285.947
1677 881  350.746
1678 881.5  386.532
1679 882  293.618
1680 882.5  274.334
1681 883  272.844
1682 883.5  322.793
1683 884  325.921
1684 884.5  320.395
1685 885  280.084
1686 885.5  307.779
1687 886  262.773
1688 886.5  316.84
1689 887  274.675
1690 887.5  312.885
1691 888  299.573
1692 888.5  278.165
1693 889  296.59
1694 889.5  316.266
1695 890  325.078
1696 890.5  301.44
1697 891  298.332
1698 891.5  230.61
1699 892  296.935
1700 892.5  336.012
1701 893  281
1702 893.5  332.165
1703 894  362.013
1704 894.5  301.002
1705 895  293.421
1706 895.5  252.707
1707 896  286.357
1708 896.5  291.747
1709 897  324.112
1710 897.5  277.851
1711 898  318.201
1712 898.5  311.346
1713 899  312.867
1714 899.5  294.535
1715 900  290.19
1716 900.5  305.76
1717 901  328.892
1718 901.5  321.959
1719 902  319.567
1720 902.5  295.105
1721 903  271.156
1722 903.5  293.953
1723 904  315.518
1724 904.5  332.45
1725 905  271.948
1726 905.5  293.191
1727 906  287.79
1728 906.5  265.236
1729 907  301.088
1730 907.5  285.527
1731 908  341.764
1732 908.5  283.932
1733 909  311.62
1734 909.5  293.121
1735 910  254.115
1736 910.5  227.957
1737 911  317.562
1738 911.5  262.732
1739 912  238.906
1740 912.5  305.118
1741 913  334.79
1742 913.5  263.653
1743 914  314.996
1744 914.5  312.567
1745 915  331.83
1746 915.5  250.769
1747 916  297.695
1748 916.5  347.807
1749 917  295.91
1750 917.5  355.288
1751 918  299.198
1752 918.5  312.535
1753 919  321.414
1754 919.5  294.206
1755 920  323.188
1756 920.5  339.698
1757 921  302.286
1758 921.5  323.538
1759 922  268.464
1760 922.5  277.238
1761 923  297.296
1762 923.5  301.827
1763 924  257.769
1764 924.5  314.062
1765 925  290.23
1766 925.5  264.213
1767 926  342.071
1768 926.5  287.85
1769 927  298.419
1770 927.5  312.22
1771 928  298.932
1772 928.5  274.505
1773 929  331.569
1774 929.5  315.664
1775 930  305.473
1776 930.5  310.228
1777 931  292.397
1778 931.5  251.303
1779 932  258.059
1780 932.5  285.17
1781 933  242.075
1782 933.5  293.679
1783 934  282.459
1784 934.5  355.457
1785 935  287.146
1786 935.5  298.428
1787 936  341.76
1788 936.5  300.722
1789 937  248.719
1790 937.5  250.831
1791 938  288.771
1792 938.5  290.861
1793 939  248.662
1794 939.5  296.426
1795 940  251.247
1796 940.5  353.65
1797 941  299.981
1798 941.5  240.089
1799 942  279.208
