0	12370000	0	0	-1000000	0	1000000
0.1000023195	12366243.73	-2344.199076	99928.83998	-68405.70194	-998548.8641	999110.0169
0.2000009936	12364983.19	-4905.83413	199881.3267	948714.086	-66630.86806	1046662.271
0.3000094323	12361643.06	-2375.945254	299800.8886	-30917.62032	1001081.804	998438.4417
0.4000077499	12350530.46	364.3912504	399056.7349	-1092906.558	-48608.60315	896210.0527
0.5000117052	12337368.8	-2675.787161	497886.6062	112454.186	-975283.1695	1017927.697
0.6000000071	12327898.67	-4177.031123	597033.0606	714188.7692	509631.2475	1109148.499
0.7000095015	12312510	193.840044	695245.3297	-986447.2129	568936.3864	838590.0574
0.8000023113	12290799.08	-1795.572978	792069.3465	-192993.1056	-1008728.853	972224.1323
0.9000050465	12274923.21	-3502.94982	889808.1049	490106.3389	712709.9256	1118856.71
1.000007594	12250403.34	842.219897	985416.2991	-1200084.266	-200050.4452	720956.0146
1.100006178	12226038.96	-4007.428058	1080712.235	715630.9093	-154060.5611	1210015.597
1.200002146	12200415.2	974.7769144	1175342.78	-1223868.804	258735.0432	659697.9057
1.300000298	12170948.31	-3834.359789	1268487.574	675765.6923	-82321.26346	1239582.163
1.40000236	12139573.62	1026.620689	1360569.63	-1215771.083	-390284.8354	607929.6179
1.50000343	12109981.82	-2118.8698	1452891.505	31759.19458	955677.702	1041955.605
1.600009975	12071649.69	-2764.765617	1541477.579	299452.9097	-761138.9774	1153687.745
1.700010291	12035611.07	906.0347681	1630351.536	-1124510.917	-645582.6355	564533.6638
1.800008358	12000190.84	1089.338307	1719007.071	-1180962.066	584665.7771	513317.1808
1.900004513	11961393.31	-555.485137	1805645.94	-521800.6803	1043750.768	798942.0409
2.000000045	11919954.52	-1498.336984	1890413.599	-137781.0415	1008489.501	981817.3516
2.100005706	11877097.6	-1356.898455	1973795.545	-178081.7883	1021875.228	961279.301
2.200000117	11832827.55	-115.5857323	2055692.582	-648284.2102	1043770.312	700193.63
2.300004884	11785901.17	1664.59534	2135319.791	-1328692.238	386692.9367	291625.6334
2.40000807	11736445.37	522.566938	2212551.357	-866825.2803	-977350.5278	541663.991
2.500001832	11690237.29	-2757.349383	2290863.906	429822.4539	21238.16529	1347145.723
2.600005493	11642028.96	1659.065854	2367062.691	-1277867.469	561351.1298	227902.7005
2.700001356	11589895.59	-2280.621752	2439649.49	274349.271	-553196.0252	1272284.023
2.800004146	11539616.72	2083.606582	2512458.555	-1410079.555	-83637.88822	68413.09877
2.900008428	11489586.24	-784.6755913	2584446.403	-276881.34	1070723.264	881412.7387
3.000005854	11435133.93	-2366.084543	2651963.228	353872.3086	-13157.11715	1369160.794
3.100003544	11380742.14	-1803.467351	2718233.203	151046.9336	-700774.366	1219057.058
3.200007308	11326885.87	-1744.511693	2783639.406	144068.8632	-699469.0765	1220650.308
3.300007119	11273618.83	-2151.152493	2848229.327	317462.5693	22699.97838	1377934.043
3.400005284	11220467.39	-254.8559871	2911587.891	-399786.9255	1134086.397	744324.1625
3.500002915	11163276.37	2256.207419	2969814.604	-1352186.007	-385666.794	-151175.8114
3.600008129	11108586.76	-1952.107971	3028776.682	288576.3269	14214.73869	1384384.934
3.700007742	11052591.32	2263.11457	3084835.489	-1316816.15	-476048.5624	-198426.2887
3.800000834	10999342.32	324.3228895	3141951.23	-552771.7068	1183788.511	541376.2111
3.900007289	10943016.39	-1638.55089	3194172.673	217449.3962	409023.7934	1336194.333
4.000004437	10887193.15	-1698.7621	3244979.571	257361.0502	-122948.6436	1385153.032
4.10000345	10832720.08	-1599.390503	3295281.798	236325.5909	272652.7756	1367410.209
4.200002491	10779125.7	33.65841723	3344555.223	-368021.4514	1186898.605	675153.2519
4.300001082	10723406.11	2600.666063	3389208.875	-1323866.762	-152508.7252	-473410.9041
4.400005519	10669468.55	-1407.579239	3433677.749	215690.6809	-351652.0375	1352707.794
4.500003724	10616558.98	2652.50802	3477037.306	-1299987.144	-124705.6906	-542661.8806
4.600003713	10565389.88	110.10323	3520179.933	-320101.3562	1206612.497	664546.0132
4.700003275	10512627.31	-1313.306577	3558728.921	234337.8879	229404.8069	1375666.816
4.800006965	10461289.74	-1286.228327	3596448.573	242804.025	-153431.9398	1384739.992
4.900006813	10411794	-1109.814842	3633884.153	195686.9321	479678.4846	1315908.498
5.000006443	10363369.25	1037.961471	3669956.713	-584291.3818	1271660.12	203676.5094
5.100003333	10313438.97	2331.564509	3700854.217	-1042321.743	-818115.5788	-494218.8632
5.20000455	10267669.9	-914.5237307	3734656.041	182017.9946	592601.6748	1271099.014
5.300004969	10220434.72	1826.776615	3763038.589	-808123.7365	-1135098.012	-241844.018
5.400002238	10177514.09	2336.564067	3794614.559	-971308.4362	874098.4449	-540843.6284
5.500000354	10134589.12	597.9512499	3822776.69	-309974.3298	1303690.258	452004.011
5.600000984	10092632.29	171.1155645	3848885.771	-131203.6557	1217620.373	707238.4515
5.700001081	10052268.63	1123.089086	3873848.921	-454540.8026	1331135.365	146530.882
5.80000063	10012612.06	2820.627264	3896119.822	-1045565.871	354494.4755	-883813.1453
5.900001376	9974035.306	842.3243938	3916189.835	-304119.0178	-1343653.469	319541.8236
6.000005159	9940086.885	241.2516423	3940094.939	-63210.5415	1228722.585	697312.8684
6.100002847	9904270.486	1621.144229	3956572.598	-534284.9609	-1298710.218	-167007.033
6.200005844	9873600.389	1919.383217	3977814.677	-614933.1199	1221389.203	-360646.1873
6.300004159	9842434.519	-685.2016545	3993782.929	340999.2775	371019.2833	1321387.22
6.400005762	9812714.505	-14.21260545	4007815.152	126696.9982	-1086047.004	896911.2417
6.500000129	9785617.375	1097.790643	4022013.164	-242636.174	-1382669.601	171325.6027
6.600004075	9760604.96	1325.834163	4035370.49	-296719.1125	-1382564.917	21725.99209
6.700001395	9737556.115	684.0690344	4047604.599	-43041.74602	-1338243.063	455250.3849
6.800002372	9716869.444	-413.6932356	4059440.2	370337.0675	-640701.5654	1205135.661
6.900002199	9698707.097	-107.6016769	4071164.1	288770.1041	950552.528	1006509.671
7.00000379	9681650.404	2517.54764	4079977.853	-604993.6123	1005803.667	-788886.3752
7.100004105	9665293.242	2051.685901	4084995.335	-413110.5426	-1268746.863	-468637.469
7.200003882	9653251.101	-483.2001404	4093313.431	501588.8126	278935.7331	1292518.286
7.300001827	9642622.403	2915.001226	4099187.909	-657302.6593	653932.2863	-1067860.374
7.40000316	9632862.452	292.3505928	4101478.699	286827.3993	-1153283.417	766594.6795
7.500003886	9627693.193	1888.043627	4107627.473	-241168.9568	1349820.62	-346152.8969
7.60000142	9621673.429	1198.406194	4106688.136	28321.82716	-1406817.437	141642.4125
7.70000247	9620963.88	1346.363795	4111054.899	5465.140073	1413566.936	42410.50655
7.800001536	9619213.503	1656.545324	4107916.051	-73095.49474	-1401929.73	-171026.552
7.90000453	9622778.14	994.3258126	4110093.733	186452.0836	1369549.534	299281.9632
8.000001379	9625417.576	2232.560588	4105009.707	-215353.8933	-1278638.912	-564539.8413
8.100002018	9633027.178	277.5302696	4104543.559	495373.4963	1048061.116	810045.0583
8.200002784	9640539.594	3185.163816	4098528.954	-489596.9907	-532649.818	-1215145.653
8.30000462	9651174.603	-215.5304354	4093440.066	727928.7966	-359014.4505	1158114.11
8.400003244	9664767.459	2304.753268	4088950.59	-124111.8814	1281818.357	-584412.4741
8.500004065	9678138.94	2820.237797	4078809.811	-275587.8956	-1028712.65	-930484.6026
8.600001552	9695008.913	188.4438964	4070394.495	677806.3885	-874710.8725	880601.7201
8.7000023	9714828.698	135.5345808	4062614.869	726540.5217	795196.1774	916407.0655
8.800003032	9736024.63	1501.595973	4052454.374	275122.1469	1387185.26	-4985.84345
8.900003944	9758791.249	2314.996182	4040357.773	16992.48031	1305932.72	-542449.0628
9.000003514	9783559.285	2269.505473	4027202.997	61836.03639	1320854.944	-501516.2237
9.100003829	9810233.063	1287.782972	4012859.445	439549.7258	1335473.444	152665.3838
9.200004685	9838087.984	-32.89375375	3996063.856	940359.1341	298954.4276	1013089.803
9.30000405	9867325.164	1599.604563	3977290.932	387672.1689	-1359457.022	-39835.85348
9.400001067	9900856.575	3385.307214	3961777.584	-224309.9625	770162.693	-1164703.596
9.50000359	9933833.262	122.2895175	3940943.63	977525.0455	-492033.9789	895738.4378
9.600003576	9970371.353	3219.197041	3922093.773	-110494.9368	971590.0132	-1021667.125
9.700001081	10005905.86	2587.519612	3897458.504	145588.6589	-1263254.045	-618864.4115
9.800003811	10044972.06	393.4306796	3874813.181	970809.8162	-744303.5462	709605.899
9.900004031	10085746.02	96.91369293	3851107.654	1108812.535	15398.85396	877666.0174
10.00000174	10127261.29	140.0946635	3824860.568	1123396.632	-169908.1791	842087.4164
10.10000115	10169542.74	1084.100564	3796246.994	807156.7804	-1123793.395	292551.4279
10.20000356	10214339.9	3884.358532	3768061.307	-195919.8147	-571377.4148	-1278727.209
10.30000391	10261431.17	1365.367811	3739930.793	760114.4125	1185096.345	133314.4137
10.40000025	10306276.12	3202.555203	3705230.585	107528.3949	-1118080.078	-859263.9782
10.50000097	10355343.51	294.3086562	3673560.11	1215064.164	190556.3419	698074.0345
10.60000515	10405317.56	2337.016912	3640091.476	481721.7886	1276102.97	-373504.1196
10.70000222	10455051.93	3551.083691	3603367.038	54047.17092	1016900.106	-981322.1074
10.80000224	10506036.48	3281.094727	3565544.228	180468.1899	1133429.882	-826297.7273
10.90000561	10557669.38	1381.851195	3525888.915	920643.8542	1067570.446	112730.8125
11.00000378	10608093.51	1064.471841	3482176.296	1068233.779	-890015.3399	258358.8361
11.10000751	10662446.26	4528.396927	3440950.021	-216109.1618	349803.6691	-1353120.181
11.20000384	10714982.71	871.7068044	3395132.946	1195662.547	-680548.0424	327483.4899
11.30000314	10771231.3	2397.501093	3351436.836	641603.4308	1209009.769	-355865.7292
11.40000589	10825054.81	4604.398869	3302719.294	-174388.1487	533131.5273	-1298213.984
11.50000293	10879350.9	4891.772179	3252507.601	-260874.8075	15423.08816	-1389858.433
11.60000085	10934980.99	4835.238766	3201773.246	-216244.9126	411522.2684	-1335622.537
11.70000304	10991274.08	3122.781223	3149794.961	463801.5882	1178185.404	-629894.6269
11.80000366	11044864.13	826.1855919	3093256.378	1371484.544	-227995.0784	258937.0363
11.90000647	11100031.59	5087.14163	3036632.851	-244677.5526	-367017.7747	-1343663.22
12.00000156	11155936.91	894.0154061	2979062.893	1396018.599	108747.0224	198257.8042
12.10000298	11212097.02	4597.952785	2920113.013	-10775.47875	871481.8143	-1113733.961
12.20000844	11264667.06	5022.679881	2856453.632	-152516.4936	-669979.8477	-1236068.656
12.30000273	11318376.84	3654.909874	2792468.949	400083.5014	-1121250.931	-763367.2391
12.40000668	11372282.87	3495.1406	2727313.068	484883.4921	-1126983.272	-703417.8723
12.50000133	11425987.64	4762.614998	2660714.953	14828.0253	-909628.6659	-1082753.813
12.60000272	11480683.89	5718.319358	2593602.836	-335123.997	290070.7551	-1342963.463
12.70000571	11533864.14	2424.522629	2524095.097	968609.4538	956712.3266	-382749.5922
12.80000172	11581600.85	3296.961221	2449620.352	651505.7226	-1086206.193	-629044.0358
12.9000028	11635666.87	4337.908352	2378507.888	266910.2323	1058503.069	-899071.8445
13.0000023	11681186.58	4338.483708	2300697.782	288271.1591	-1060494.847	-890084.5003
13.10000227	11731983.01	1670.065801	2225371.463	1351467.821	339868.3106	-240882.2525
13.20000072	11780359.13	4745.315012	2147585.988	170960.8154	1020082.898	-964470.4661
13.30000507	11824618.46	6424.680756	2066561.004	-465162.2643	200024.3258	-1320459.896
13.40000593	11867921.81	6397.355198	1984298.453	-434543.61	-391483.4702	-1287599.528
13.50000513	11910781.65	6407.679499	1901105.466	-418832.9139	-477108.0064	-1263703.66
13.60000312	11953070.12	6756.707088	1816922.82	-535951.1998	-111105.2464	-1303998.442
13.70000987	11994675.3	6326.767866	1731695.588	-348262.1029	661807.3429	-1200301.857
13.80000161	12033720.03	3763.082237	1644659.228	674896.0463	990077.2201	-751174.0311
13.90000199	12067401.32	2305.746226	1554825.175	1265281.189	-344487.9873	-529520.1035
14.000002	12101206.97	6358.754372	1464624.589	-304727.8289	-770795.0854	-1145869.053
14.10000287	12138162.44	5089.897501	1375030.471	210765.4692	1023061.612	-953374.4565
14.20000671	12164890.42	3443.01951	1281422.745	874577.8855	-827462.5741	-741902.4267
14.30000414	12197353.27	6871.749984	1189288.535	-452365.3046	679087.5295	-1155078.248
14.40000633	12220960.42	3333.170558	1094117.545	952389.3056	-719947.0546	-758044.0944
14.50001012	12249636.41	6333.445193	999979.4365	-207506.2155	906436.0717	-1065511.529
14.6000042	12267634.04	5507.322432	902904.6635	132798.5391	-1007980.271	-983026.1045
14.70001163	12292150.41	3514.161909	807006.0816	930204.5922	674687.7934	-824327.4824
14.80000008	12309197.32	7961.47664	709331.8876	-798150.3712	222110.6809	-1146133.862
14.90000262	12322077.14	4987.889881	610794.9744	383237.4863	-976111.911	-948859.6136
15.00001174	12339391.4	3537.328408	512713.6322	966582.2288	535447.13	-882618.358
15.10000333	12351064.94	7531.177661	413694.2701	-585230.2717	729298.6275	-1060956.663
15.20000233	12356098.77	7539.182232	313950.8112	-574826.9815	-758825.7011	-1045828.617
15.30000569	12362831.09	3988.588	214318.7862	831366.3169	-625649.186	-957806.4227
15.40000442	12370367.66	4437.617991	114580.8642	667843.1447	768979.0055	-981150.7648
15.50000658	12371692.61	8048.301228	14556.84001	-735516.1204	674277.68	-1002180.446
15.60000278	12367318.41	8063.504095	-85399.03382	-729832.6815	-704491.6803	-985411.4519
15.70000188	12363978.69	4600.914766	-185271.692	639970.3919	-728079.8417	-1029726.974
15.80000649	12361905.56	4610.332917	-285234.6083	646979.339	698649.9484	-1045612.732
15.9000013	12353706.49	8434.541765	-384760.3926	-842042.4732	662617.0621	-922985.9709
16.00000024	12339397.41	7943.635675	-483514.2684	-639794.1646	-853610.4607	-928446.3411
16.10000088	12328022.28	4249.853727	-582418.3936	818649.5328	-267641.4093	-1121686.685
16.20000837	12315974.84	7150.913346	-681164.7056	-310068.7845	996340.6966	-954548.3567
16.3000007	12294379.74	8759.009008	-778075.1361	-932370.4718	-663744.7713	-830739.5391
16.40000685	12276019.23	4425.502388	-875322.3504	775407.2023	-94904.24025	-1178871.009
16.5000004	12255865.01	8915.659105	-971971.2434	-977681.125	662434.4492	-778023.2763
16.60000057	12227947.62	5941.869643	-1066416.21	195599.9029	-904898.3864	-1069064.82
16.70000302	12206075.16	7977.444791	-1162148.053	-595862.9599	963898.9996	-846076.8592
16.80000956	12173320.96	6092.540534	-1254356.729	149473.2376	-911822.8383	-1070624.52
16.90000175	12146521.62	9223.31357	-1348005.103	-1072008.443	643897.1328	-660450.1352
17.00000224	12112859.99	4885.960693	-1438946.764	633461.1896	69509.71133	-1262495.672
17.10000955	12076375.72	8417.00272	-1528287.286	-745518.626	-945433.969	-741860.2217
17.20000258	12043597.46	9554.103143	-1618583.796	-1186078.092	547372.7886	-541850.3385
17.3000015	12006723.77	6800.757599	-1706735.301	-103270.1748	998621.2117	-996037.623
17.40000896	11965868.74	5303.442077	-1792523.73	486966.1412	368953.2101	-1275436.202
17.50000231	11923715.59	5232.346597	-1876989.3	518297.8	-140287.4535	-1308314.496
17.60000226	11881008.03	5307.162025	-1960480.347	492028.8086	-185773.922	-1312781.666
17.70000859	11837831.92	5401.668777	-2043034.606	457597.1742	265949.1617	-1311440.38
17.80000158	11793771.54	6812.069185	-2124382.715	-91483.89283	984590.5176	-1011045.108
17.90000373	11746240.4	9802.040971	-2202936.623	-1257031.248	570224.0588	-307761.2131
18.00000197	11695312.81	8243.012198	-2278465.871	-645352.5237	-1068578.88	-664574.5236
18.10000142	11649586.77	6162.796777	-2356381.798	168416.4447	747932.4296	-1188374.092
18.20000901	11597004.48	9691.696793	-2428827.269	-1205572.994	-695482.0166	-250795.7748
18.30000089	11548994.25	7083.151101	-2503399.141	-187007.4292	1029694.206	-951187.712
18.40000669	11494092.04	6383.074868	-2571957.421	87586.56136	-812128.6169	-1154459.053
18.50000349	11441427.63	9339.313893	-2640943.968	-1060506.315	-895635.8116	-270486.3205
18.60000389	11389325.81	10220.7735	-2709201.824	-1400228.637	-195998.8489	30728.07976
18.70000643	11335676.95	10251.25472	-2774991.692	-1408964.56	-94615.92803	76594.345
18.80000124	11280486.54	9786.019414	-2838134.693	-1225511.218	-704509.6995	-42288.73197
18.90000617	11225293.55	7238.212936	-2899845.773	-236778.0773	-1071667.078	-891888.9033
19.00000693	11172974.91	6498.029578	-2962719.514	50211.68579	818123.4125	-1152455.148
19.10000826	11116079.57	10123.26478	-3019844.045	-1345379.238	-397092.6925	179644.3724
19.20000846	11062203.83	6342.767217	-3078228.588	113083.0362	706998.5231	-1219575.875
19.3000035	11004393.47	7829.079938	-3130990.44	-455401.0432	-1174257.174	-643218.4543
19.40000746	10950041.69	10097.45957	-3185457.788	-1322128.531	-415054.5171	282322.3245
19.50000334	10895660.88	10174.45057	-3238075.185	-1346497.675	250698.058	352270.4845
19.60000395	10840372.65	10210.065	-3287775.657	-1354396.682	-7291.46981	406886.3023
19.70000586	10784540.48	9210.200491	-3334776.536	-967298.7672	-1031613.419	10336.74215
19.80000013	10731000.35	6129.137569	-3382244.415	208587.4614	-394724.7074	-1341895.553
19.90000043	10678631.72	9445.173032	-3428937.259	-1044899.587	936542.8389	176273.5487
20.00000479	10623671.69	6388.825124	-3470144.271	117470.2726	-687190.6314	-1230434.79
20.10000261	10571178.81	9892.277453	-3511929.58	-1198501.429	-595983.1905	456506.6949
20.20000593	10520719.72	9590.79186	-3553830.516	-1077054.064	849158.6299	344795.8302
20.30000544	10469905.16	8882.891568	-3592668.017	-803167.0057	1163807.241	21805.19388
20.40000155	10419413.8	9510.211079	-3629178.684	-1028646.018	896746.7199	371123.552
20.50000318	10368850.72	9900.868733	-3662673.391	-1163588.256	-523610.9425	609831.084
20.60000685	10320345.75	6580.673614	-3696039.144	80272.95048	-839982.0499	-1134894.889
20.70000355	10274884.88	9068.074902	-3730748.884	-833008.9194	1120040.503	227168.245
20.80000022	10227369.47	6437.811861	-3759205.845	149427.1352	-714846.0571	-1211060.133
20.90000137	10182560.94	9589.313745	-3788374.746	-999924.7615	-816102.4871	578037.3708
21.00000029	10140227.63	9803.712882	-3817940.234	-1065330.151	572244.3543	733217.6135
21.10000445	10098437.05	9393.508325	-3844835.197	-901073.1345	954931.1611	525522.2962
21.20000425	10057469.36	9804.054485	-3869352.989	-1035365.942	538090.0114	799047.2489
21.30000545	10017289.64	9503.575663	-3891305.675	-909625.1643	-866808.9322	649017.9779
21.40000378	9979772.536	6504.693547	-3913735.5	191119.2253	-777189.1458	-1165954.748
21.50000175	9945227.254	8653.229588	-3937212.828	-570432.9812	1282411.013	173286.4913
21.60000533	9909140.024	7372.512794	-3953846.302	-91928.80765	-1269811.168	-615734.2709
21.70000398	9877844.584	9659.851105	-3974601.553	-895607.9235	685619.2168	853119.4154
21.80000349	9847155.353	6707.225628	-3992075.622	177752.1591	951323.3941	-1031207.045
21.90000582	9817061.776	6420.44273	-4006103.041	298267.7824	-656819.8	-1216397.994
22.00000052	9789470.566	7401.703032	-4020073.428	-31735.06581	-1294445.56	-568685.8344
22.10000385	9764133.693	7737.131058	-4033518.153	-130749.2754	-1366613.266	-339518.4928
22.20000511	9740851.33	7222.989905	-4046019.621	71571.03463	-1238819.24	-678383.7251
22.30000239	9719916.24	6345.930399	-4058097.273	401228.3345	-476451.7757	-1269649.373
22.40000238	9701404.532	6824.26177	-4069877.963	253333.6097	1020857.353	-945342.4499
22.50000175	9683996.42	9369.804015	-4078752.787	-617013.6612	987495.8091	802587.1722
22.60000313	9667356.918	8912.946137	-4083971.149	-430787.9474	-1251916.24	497119.1745
22.70000113	9654949.09	6304.485486	-4092321.389	505770.7821	184950.9118	-1307665.506
22.80000007	9644135.841	9623.803965	-4098602.677	-628936.153	775329.9712	1001650.014
22.9000051	9633944.548	7277.238346	-4100805.335	217883.9626	-1245193.606	-634050.0477
23.00000025	9628544.251	8414.915849	-4107269.941	-153717.134	1396661.361	160337.4083
23.10000058	9622182.548	8274.434179	-4106427.819	-75171.70741	-1410893.084	61073.07377
23.20000058	9621147.713	7826.91192	-4110923.651	107140.77	1386453.656	-257424.0013
23.30000119	9619127.834	8737.707654	-4108029.866	-179176.1183	-1350611.713	379135.753
23.40000183	9622307.484	7497.320558	-4110216.41	280648.6577	1293150.491	-498997.1326
23.50000462	9624736.108	9253.061868	-4105493.896	-299104.706	-1175530.134	727093.7211
23.60000176	9631899.792	6902.407738	-4104911.5	549775.8462	913922.0875	-928704.9785
23.70000162	9639260.458	10045.86944	-4099374.018	-514609.9096	-388475.7488	1258675.19
23.800005	9649448.495	6628.844214	-4094160.087	710975.87	-460754.4822	-1132350.926
23.9000021	9662805.038	9052.422607	-4089972.191	-105041.1299	1303760.59	537749.6488
24.00000438	9675859.873	9634.658038	-4079961.166	-274937.1197	-1034669.458	924050.1573
24.10000065	9692472.3	6963.02127	-4071785.381	696151.4106	-813527.468	-923875.6801
24.2000037	9712034.16	7109.374649	-4064242.508	678409.6613	919292.0041	-833464.1821
24.30000464	9732864.188	8680.770737	-4054106.08	159526.02	1388352.589	216860.641
24.40000389	9755252.176	9583.133506	-4042004.658	-124452.5285	1157986.539	802233.5964
24.50000029	9779712.965	9671.297717	-4028975.589	-121191.3825	1134106.157	836131.4926
24.6000023	9806250.161	8909.234149	-4015062.655	184303.6529	1367543.047	309609.719
24.70000392	9834191.086	7277.89989	-3999085.007	802123.3248	872431.3936	-771661.6069
24.80000335	9862984.79	7611.662638	-3980152.292	722486.3014	-1075384.331	-567064.4449
24.90000137	9895507.01	10686.12871	-3963492.855	-342827.3605	-59366.25192	1370746.165
25.00000482	9929475.864	7120.860754	-3945012.221	974741.3959	488214.9995	-900847.0044
25.10000069	9964377.92	10818.60158	-3923955.445	-319956.0519	-40268.31703	1376955.55
25.20000075	10000505.84	7939.247595	-3900910.748	759381.2486	-1117589.799	-417532.2277
25.30000289	10040218.01	7337.682638	-3879899.795	1016078.619	580458.129	-794136.3863
25.40000475	10080706.46	8351.222344	-3856254.47	686666.1719	1219395.831	-203870.979
25.50000653	10122166.15	8363.448364	-3830418.548	721854.7875	1197078.255	-214311.2622
25.60000609	10164441.95	7432.463175	-3802270.952	1104025.82	445347.634	-763408.4577
25.70000587	10207269.04	8635.563918	-3771541.435	703638.0493	-1223151.417	-93776.90392
25.80000367	10254136.46	11203.63205	-3743591.077	-206200.4001	509188.8289	1303153.15
25.90000516	10299941.82	7645.601939	-3710752.474	1150579.699	-481960.4459	-666243.5621
26.00000698	10349172.22	10338.83991	-3679755.02	189774.1438	1180481.992	755280.1072
26.1000013	10396510.42	11479.18148	-3643028.884	-195755.8521	-482053.5359	1315030.051
26.20000152	10445683.96	10566.10096	-3606001.723	184018.1783	-1148121.372	804956.2877
26.30000559	10496416.19	10775.9983	-3568306.447	144155.2423	-1102015.027	874518.2365
26.4000069	10548805.96	11883.0877	-3530090.052	-234138.2851	-223468.8986	1376677.491
26.5000015	10602601.92	10065.18303	-3491028.581	488870.9204	1243543.43	463254.7468
26.60000102	10653290.08	8766.550665	-3445588.217	1021704.941	-963887.5028	-164438.1235
26.70000715	10709049.89	11136.59289	-3403996.239	162438.6413	1080181.877	898232.0417
26.80000689	10760755.97	11227.88832	-3355290.882	167901.3466	-1073767.681	904893.4216
26.90000258	10815555.7	8740.118268	-3308065.383	1155332.379	-790355.1026	-201360.1423
27.00000496	10871109.2	8334.138458	-3259567.985	1351168.671	-179436.5561	-377022.2065
27.10000346	10925898.75	8542.502488	-3208230.61	1312965.665	-437699.0144	-290758.8955
27.20000265	10980252.56	10213.17828	-3154565.193	713345.9574	-1162961.287	372368.8895
27.30000458	11037090.33	12894.08772	-3101627.083	-278459.3923	207.574243	1386528.155
27.40000569	11093382.81	9064.29358	-3046321.019	1233830.805	685210.7785	-90264.79859
27.5000032	11146970.02	12856.87715	-2986777.249	-188683.8854	-561396.145	1284224.575
27.60000299	11202307.14	8958.58357	-2927327.805	1355411.097	-383559.2085	-125471.4745
27.7000074	11259274.67	10437.11255	-2867788.83	821863.916	1086328.839	380038.6258
27.80000712	11313618.73	12443.38667	-2804463.274	83019.86404	966846.258	1028744.874
27.90000176	11367469.52	12914.28378	-2739372.674	-62452.24478	824204.7065	1147513.102
28.00000039	11421404.24	12125.46009	-2673044.629	280569.7755	1077613.357	871797.026
28.10000146	11473800.1	9910.57983	-2604272.57	1178809.118	756512.9767	195184.9859
28.20000496	11523156.65	10468.79266	-2532126.478	999716.568	-933859.7556	358430.9426
28.3000072	11576490.19	14076.6874	-2461809.08	-370349.1465	245868.8044	1342531.207
28.40000595	11626445.83	9608.748335	-2388023.7	1407349.17	-44421.98803	131890.1095
28.50000642	11676825.87	14175.28317	-2313535.404	-339429.744	461203.0765	1293089.004
28.6000013	11722419.83	11746.9458	-2235070.892	643644.085	-1063447.075	674390.5469
28.70000864	11772173.84	9998.305277	-2158285.056	1360592.883	281767.0525	263428.0463
28.80000147	11819681.9	11985.73496	-2079252.12	617066.6418	1053747.329	713333.9508
28.90000979	11864203.34	13593.50373	-1997699.791	21113.16388	952928.8332	1044739.62
29.00000194	11907322.47	14039.27296	-1914680.704	-121366.9205	863405.1124	1113463.822
29.10001066	11949416.11	13535.82332	-1830422.211	106894.459	998546.6942	995729.9203
29.20000304	11989581	11912.43352	-1744591.142	773132.8624	961859.1219	690718.9057
29.30000137	12026141.38	10555.80163	-1656556.151	1334974.539	17723.96146	466399.8731
29.40000767	12060666.58	12990.51681	-1567188.202	410501.9173	-1035667.264	871138.0459
29.50000663	12098626.28	15607.35965	-1478669.423	-587047.7751	290288.9333	1253438.17
29.60000232	12132484.98	11316.98994	-1388010.236	1121785.753	584661.5239	632271.7979
29.70000431	12160238.59	14456.24471	-1294822.632	-81983.54154	-941321.6404	1052232.041
29.80000097	12194030.63	13222.77005	-1203164.414	427012.4681	1011486.848	891377.9827
29.90000705	12216498.74	14128.78132	-1107704.91	96759.04212	-1003148.386	992134.5696
30.00000457	12246169.68	12728.75014	-1013899.634	669210.5882	914774.1021	845781.0184
30.10000854	12265526.05	16009.57004	-917158.414	-594465.5398	-573870.672	1147729.574
30.20000561	12287343.15	11545.16862	-820751.1151	1178224.077	-127175.6221	771760.5755
30.30000643	12308302.03	15422.14668	-723840.7155	-321488.0192	874287.4603	1064080.303
30.40000977	12320225.43	15626.31235	-625143.2694	-382048.2378	-848559.8916	1064887.437
30.50000003	12335639.25	11904.17231	-526867.1118	1096520.248	-229075.2904	863231.057
30.60000702	12350268.68	14447.04633	-428211.2875	116623.4279	1003343.899	989797.9575
30.70001006	12356621.96	17115.54766	-328562.1883	-913530.9464	-103032.2428	1074637.412
30.80000079	12361116.19	14324.7706	-228795.2918	196386.1935	-990091.0558	990531.2536
30.9000056	12368307.09	12254.56944	-129083.2655	1022384.253	132023.3598	968142.6917
31.00000031	12372430.89	15098.37612	-29130.83482	-79853.63929	996855.3064	999951.4461
31.10000127	12369286.29	17516.50325	70877.91943	-1016387.413	-37560.6212	982621.9148
31.20000107	12363907.77	15041.71276	170708.8198	-35035.69505	-999842.3187	999543.8149
31.30000055	12361141.23	12597.15373	270600.39	933301.9325	14436.91115	1062421.328
31.40000087	12355879.66	15437.2776	370366.1124	-172110.5998	999079.9112	986010.7873
31.50000584	12342612.52	17774.68	469291.2409	-1081640.949	-237382.222	879603.6259
31.60000726	12328501.03	14155.71088	567867.7804	344048.37	-879239.4818	1052885.869
31.70000991	12317809.95	13879.57397	666809.3461	457088.4561	789182.515	1080861.278
31.80001153	12298992.51	18031.33927	764279.0032	-1167073.473	122404.7844	789275.9824
31.90001037	12277232.02	14151.17208	860870.8736	357551.3836	-830827.1513	1087144.541
32.00000274	12260043.26	15542.17401	958212.3132	-186430.9634	1013130.53	968922.094
32.10000509	12231576.08	16823.04795	1052588.312	-688112.6794	-909613.8779	836124.1138
32.20001132	12209690.83	14272.90289	1148355.467	311358.7881	821093.9378	1108539.783
32.30000309	12177657.24	17102.34486	1240830.068	-799346.8336	-873695.0948	773111.5838
32.40000489	12151909.41	15445.56157	1334894.162	-152228.8862	1013503.428	974493.288
32.50000722	12115521.22	14636.39767	1424933.847	161883.6574	-888231.3998	1088502.945
32.60001089	12083574.33	18390.6739	1516056.284	-1313997.44	7680.356848	522830.5079
32.70000547	12049982.86	15491.31621	1606136.366	-183115.6738	1020716.35	961564.7575
32.80000681	12010203.61	13548.99799	1693112.465	571858.0671	3979.019525	1293430.523
32.9000041	11969124.72	14646.52876	1778819.528	135224.4234	-867327.4429	1108809.029
33.00000543	11927909.47	15923.92988	1863783.191	-372688.8075	-1053917.338	866233.9743
33.10000943	11885538.27	16199.23378	1947502.276	-488752.268	-1058581.363	800329.132
33.20000537	11841797.74	15375.14224	2029791.989	-175242.8803	-1020827.549	962912.7933
33.30000489	11797696.55	13920.04892	2111163.033	383823.9335	-453332.924	1283420.605
33.40000039	11753639.85	14626.69885	2191846.825	96480.77603	850088.4197	1126073.327
33.50000443	11705000.52	18285.56909	2268972.763	-1342999.105	379984.9111	227958.05
33.60000213	11653722.15	14982.25682	2343435.52	-64069.94654	-962661.7779	1034010.321
33.70000451	11607361.95	16842.8454	2420204.656	-802133.6003	1036204.371	531847.9006
33.800009	11553358.44	14469.23237	2490738.434	111634.5484	-795476.7079	1163939.232
33.90000695	11502600.72	18295.07475	2562446.455	-1390563.26	-251245.4735	56652.73021
34.00000624	11452270.53	16746.36286	2633432.386	-800379.1241	1064460.891	475727.0951
34.10000663	11398930.96	14877.80573	2700964.737	-87168.80567	968824.453	1026538.25
34.20000691	11344974.59	14522.73134	2766737.147	37312.81498	849107.3972	1130320.478
34.30000591	11291092.67	15459.06289	2831254.273	-339004.9892	1108072.368	810710.3331
34.40000393	11235796.42	17748.97665	2893156.781	-1237428.402	684663.9037	2507.656349
34.50000882	11178311.84	16652.04199	2951560.826	-824604.9507	-1095835.346	345212.3553
34.60000684	11125678.53	14238.42899	3012891.692	92808.72662	749102.0633	1195923.342
34.70000633	11068124.65	17255.39788	3067943.96	-1080875.371	-910903.0309	44318.18302
34.80000827	11015410.24	16398.36058	3126079.014	-763869.9176	1142327.031	334053.4441
34.9000046	10959145.71	13827.82039	3178889.762	210628.8048	438288.2084	1327983.039
35.00000694	10902948.19	13751.52234	3229863.438	227478.7719	-352341.8071	1350595.668
35.10000056	10848081.23	13678.85863	3280292.476	242429.7428	-239715.0978	1372503.002
35.20000697	10794522.86	14100.82048	3330198.181	68499.12859	776555.0693	1179944.954
35.3000022	10740233.34	17183.21875	3377171.788	-1113952.977	845171.9951	-211643.7204
35.40000008	10684118.43	15322.52013	3419703.8	-415133.8813	-1217208.197	588275.5008
35.50000005	10633320.81	16226.54605	3466354.377	-767732.8356	1180071.907	134225.8825
35.60000531	10579024.32	13604.31654	3506271.616	214647.164	-358014.9911	1351203.856
35.70000543	10526158.53	15684.74371	3545403.806	-575965.1544	-1252733.155	314521.5144
35.80000184	10475201.44	16666.26894	3584372.691	-950313.7014	-1024786.02	-216142.2751
35.90000084	10424726.67	16144.64123	3621250.765	-759423.7348	-1193007.471	2960.579101
36.00000422	10375562.44	14080.53485	3657082.013	5597.682891	-956015.8746	1042114.348
36.1000041	10329006.28	14382.05168	3693685.957	-113735.6955	1116846.84	860068.2117
36.20000129	10280094.88	16952.52474	3723822.718	-1067367.085	-733223.3063	-568428.6142
36.30000336	10235448.81	14158.16597	3757039.074	-37891.87555	1061515.762	933674.7257
36.40000648	10188722.16	14293.70402	3783799.123	-87443.37128	-1139880.178	832482.3341
36.5000066	10145222.25	16484.00596	3812035.502	-891251.7715	-999745.3834	-454069.8717
36.60000187	10103350.92	16966.80917	3839283.914	-1064993.161	-503149.1104	-782707.1868
36.70000192	10062266.28	16655.04809	3864124.876	-946310.4016	-827884.4906	-647382.3401
36.80000561	10022544.14	14910.61356	3887377.651	-306997.6876	-1332605.256	360438.1366
36.90000307	9985944.368	13268.23191	3911933.708	289940.6636	351521.1485	1338793.223
37.00000175	9949885.199	16752.32142	3933423.952	-962081.537	604662.7769	-841891.9423
37.10000597	9914430.623	13411.98973	3951772.17	249049.0535	-672926.129	1218665.251
37.20000084	9881959.225	16880.52804	3971075.935	-987237.3047	-89291.12915	-1008657.325
37.30000275	9851765.342	14446.83612	3990080.489	-107704.8646	1309855.799	522185.2619
37.40000066	9821523.529	13129.83995	4004505.997	373580.896	-108173.3191	1359682.26
37.50000267	9793456.237	13764.08524	4018288.257	160209.8716	-1053248.512	930053.9603
37.60000043	9767759.569	14160.89904	4031752.504	32580.74943	-1254744.114	651579.3917
37.70000081	9744216.082	13792.55528	4044466.752	176903.3866	-1089948.349	883582.3606
37.80000147	9723012.545	13134.84621	4056751.945	423105.2248	-293474.2377	1317138.884
37.90000281	9704141.265	13777.93398	4068570.289	211477.2484	1093065.426	872058.1105
38.00000115	9686375.749	16235.36254	4077494.161	-632483.3718	960486.2803	-823061.8992
38.10000479	9669456.699	15763.32034	4082918.43	-443630.5417	-1239740.626	-515979.7693
38.20000228	9656692.545	13103.93256	4091318.992	506828.7388	101965.244	1316331.158
38.3000035	9645679.169	16329.19221	4097975.056	-598748.316	879566.4227	-931591.8432
38.40000204	9635077.948	14277.60281	4100130.829	144183.3719	-1318039.944	491916.5174
38.50000439	9629418.03	14952.60768	4106854.179	-69600.67799	1412376.584	18658.29889
38.6000031	9622751.912	15340.84088	4106185.35	-175086.2066	-1379715.752	-256377.1933
38.70000341	9621351.369	14325.35439	4110726.826	202796.7212	1321831.19	460038.9067
38.80000118	9619104.503	15803.50286	4108165.346	-280036.9475	-1260665.354	-576456.5675
38.90000082	9621858.017	14019.88792	4110276.03	367972.314	1181501.436	684580.6982
39.00000516	9624111.878	16256.19114	4105989.9	-377279.1973	-1042375.081	-878131.3097
39.10000014	9630801.019	13546.02528	4105232.547	597322.45	758691.0062	1033244.331
39.20000039	9638027.209	16885.63039	4100207.927	-533129.8992	-233994.1441	-1288805.358
39.30000087	9647756.95	13486.83375	4094847.747	688597.9912	-570879.3101	1095412.991
39.40000347	9660882.399	15789.67494	4090970.157	-83314.52109	1325588.656	-485667.9997
39.50000266	9673624.095	16457.08307	4081098.29	-278203.2372	-1032704.006	-925270.4443
39.60000475	9689973.744	13742.22998	4073149.681	711542.2913	-754300.6593	961633.0294
39.70000545	9709265.564	14085.47368	4065823.675	628000.3336	1024149.509	746145.6719
39.80000183	9729716.958	15828.2973	4055690.56	53653.30127	1352155.16	-410850.0302
39.90000049	9751716.046	16772.78579	4043565.437	-239544.1648	956836.1954	-1013451.078
40.00000073	9775841.833	16958.85831	4030607.739	-265143.2856	849022.1749	-1099481.871
40.10000549	9802177.806	16475.23822	4017009.191	-52822.78688	1203618.805	-740615.6402
40.20000292	9830199.561	14869.77391	4001850.409	561397.1707	1251887.5	342944.4607
40.30000335	9858879.254	13970.8895	3983350.516	929872.7763	-484691.4334	948899.8022
40.40000286	9890217.959	17245.33637	3965225.258	-196914.6266	-852922.4441	-1110742.065
40.50000238	9924961.436	14998.51318	3948737.088	652650.9806	1204760.306	350141.8321
40.60000042	9958446.255	17192.56215	3925833.864	-88715.31671	-1016008.219	-979722.8652
40.70000449	9995778.149	14143.72464	3905417.225	1059635.523	-77075.88016	933398.0214
40.80000056	10035060.97	15935.32742	3884259.683	457417.7227	1332774.37	-120339.1329
40.90000437	10074614.91	17475.70312	3859633.665	-54493.69475	1004555.796	-993930.6263
41.00000419	10115818.95	17687.83333	3833933.097	-84173.75639	927948.7533	-1063873.061
41.10000494	10158789.92	16648.52717	3807391.527	344825.6565	1308208.358	-411929.7999
41.2000018	10202011.63	14627.9764	3777732.311	1139870.433	327041.5858	770544.7407
41.30000228	10246005.79	17373.78415	3745927.957	181065.6175	-1200344.103	-725526.8962
41.40000529	10294558.25	16217.693	3717624.343	657183.3753	1251452.623	-44456.0931
41.50000588	10340411.02	18419.14963	3682200.267	-106015.4426	-772865.5825	-1179592.946
41.60000344	10388922.04	15596.2836	3647583.403	997467.0116	-938355.5619	352914.1544
41.70000076	10439486.84	15059.2184	3612885.293	1251542.945	45756.10101	656922.0933
41.8000013	10490137.41	15170.6578	3575447.609	1265183.929	107339.6424	622726.1255
41.90000629	10540690.52	15722.29443	3535191.101	1114563.903	-786392.469	373274.9549
42.00000002	10592683.97	18737.52119	3494255.618	32616.99127	-956347.7396	-1041314.138
42.10000511	10647843.47	17668.79987	3454735.912	487375.7157	1236305.239	-483750.212
42.20000154	10698704.37	17705.91903	3407548.02	530080.6944	-1227687.577	-460214.8082
42.30000118	10754910.15	16199.34067	3364483.012	1155088.502	776240.1043	251439.5623
42.40000224	10809654.21	19110.64325	3317445.705	101503.9386	1010464.247	-984204.7333
42.50000252	10863736.19	20098.27142	3267566.723	-221593.6196	367182.4172	-1347617.654
42.6000009	10918978.19	20163.78066	3216975.25	-193893.6071	489519.0144	-1312545.772
42.70000171	10975091.26	18913.60479	3165358.358	338008.1377	1147524.664	-754279.5537
42.80000762	11029301.8	16368.64478	3109936.625	1370985.167	215927.1677	271615.7778
42.9000061	11083160.98	19966.36069	3052521.231	42296.2024	-925949.4294	-1068095.822
43.00000641	11140953.49	17423.42787	2997223.928	1074699.331	914748.1208	-90869.26184
43.10000343	11194567.99	21103.71071	2936385.127	-291613.2779	-183959.3531	-1371539.519
43.20000319	11248110.34	18464.20915	2874036.713	782779.8804	-1102354.273	-414814.0737
43.30000361	11303734.22	17085.78636	2812093.926	1369684.098	-345957.0498	65415.52641
43.40000605	11358342.19	17112.32308	2747868.997	1412762.434	-9325.447521	63366.72427
43.50000035	11411272.09	17409.96224	2680976.355	1350726.629	-418214.1595	-25189.09178
43.60000474	11463113.3	19282.63698	2612028.79	675376.4147	-1099977.039	-577855.7022
43.70000687	11517013.64	22104.07527	2543468.195	-372665.2964	-88830.76425	-1361333.784
43.80000816	11570176.23	18618.6446	2473143.838	1034274.192	897812.5437	-352433.7276
43.90000156	11617418.46	20928.1565	2397656.212	184935.218	-1025569.895	-956036.2736
44.00000454	11670389.76	18819.26725	2325029.506	1055461.093	857167.7788	-388928.3729
44.10000758	11717340.63	22771.92317	2247515.205	-439210.3195	-33720.55046	-1343859.077
44.20000477	11762823.32	20123.75512	2168287.42	642934.8502	-1056027.393	-686615.558
44.30000311	11810650.89	18374.35487	2089618.362	1372845.14	-184516.5383	-285043.6246
44.40000513	11856954.66	18808.06693	2009210.226	1248350.594	542541.3749	-383757.2829
44.50001031	11900838.85	19279.48458	1926698.284	1108314.597	732859.5721	-484309.4074
44.6000077	11942452.02	19080.72812	1842327.837	1229612.422	533712.6473	-450781.6555
44.70000853	11981481.32	18908.44201	1756088.514	1339741.491	-144283.7535	-429272.5648
44.80000268	12018473.44	20642.46023	1668392.839	701777.7354	-981508.7282	-737664.3048
44.90001121	12056715.96	23834.24315	1580669.102	-509751.4925	-437240.1564	-1244578.026
45.00000561	12095259.21	22123.79071	1492425.175	198326.111	1023602.986	-955459.9316
45.10001019	12125360.45	19700.27159	1400454.104	1185617.679	-475124.6623	-607097.4177
45.20000655	12157676.17	24500.70854	1308899.411	-661065.31	-126415.1539	-1243789.317
45.3000023	12188506.77	19901.00079	1216362.532	1176053.36	422726.0654	-661967.649
45.40001041	12213997.29	24567.78804	1121828.899	-621147.1099	-436833.2224	-1193043.588
45.50000143	12240918.45	19980.09559	1027357.447	1208680.557	199483.4952	-706609.9671
45.60000006	12264400.55	24984.82558	931652.9702	-724436.2811	290012.74	-1179442.532
45.70000014	12282697.51	21313.57468	834513.4533	743225.1653	-843351.6648	-858122.5573
45.80000978	12305951.8	22053.40942	738095.5577	478763.3792	961119.3058	-920345.2107
45.90000046	12319636.01	25432.74377	639704.441	-822027.4604	-190224.3418	-1134938.568
46.00000886	12332186.99	21730.41361	541025.7017	652919.9949	-854160.4136	-918752.1256
46.10000435	12347977.83	21372.23628	442576.3961	813987.6876	707804.0149	-914569.5824
46.20000881	12357240.2	25299.689	343199.0861	-706826.4925	613444.1666	-1060227.6
46.30001134	12360699.25	24843.29415	243326.0283	-510665.5035	-821524.0089	-1031658.396
46.40000966	12366013.77	21407.28916	143564.4907	852837.8891	-574338.277	-970980.4728
46.50000652	12371773.93	22040.52715	43683.27828	618005.9715	795026.2966	-992976.2369
46.60000977	12371240.02	25630.039	-56355.69652	-777475.4144	646012.5961	-989039.7898
46.70001006	12365131.82	25483.4151	-156208.8054	-710089.36	-739877.3955	-973834.9658
46.80000424	12360308.41	21970.36319	-255980.7565	676400.1712	-673694.5074	-1043368.832
46.90000741	12356590.37	22332.40661	-355844.1897	540665.8506	780239.1697	-1048287.783
47.00000368	12346120.85	26184.11229	-455081.1155	-964925.398	516093.7147	-895860.622
47.10000644	12330246.96	24802.35363	-553488.788	-420264.1752	-961600.8823	-947998.8219
47.20000315	12318347.85	21608.21596	-652237.2809	833665.0326	82370.22195	-1139393.593
47.30001046	12303358.22	25637.54017	-750409.1378	-747021.3422	827276.4763	-870386.5498
47.40000298	12279833.57	24903.4047	-846706.4418	-461580.8832	-975196.3638	-914294.887
47.50000404	12262321.35	22257.92041	-943996.4437	571696.1622	598760.1856	-1146581.763
47.60000643	12236911.9	26799.24314	-1039194.497	-1214730.025	-178503.7498	-701831.4455
47.70000526	12211571.91	21865.07556	-1134051.097	712772.5321	-36426.08024	-1220912.961
47.80000228	12183856.02	26887.03855	-1227878.317	-1265263.963	-13749.03202	-631599.6114
47.90000221	12154895.11	22088.12634	-1320960.338	605525.4017	355056.1126	-1227710.937
48.00000592	12120336.13	25769.89903	-1411696.355	-849628.5474	-868518.4016	-723745.2022
48.10000139	12090716.39	25432.68513	-1503769.866	-730937.5103	948979.7493	-751776.4239
48.20001045	12053466.11	22044.43328	-1592480.557	581895.9104	183026.4375	-1275891.246
48.30000395	12013628.82	23711.10979	-1679461.733	-87018.61281	-993560.3766	-1002629.313
48.40001095	11975083.78	26061.25281	-1766387.913	-1025229.325	-789641.7968	-570412.7136
48.50000668	11935602.27	26805.65856	-1852291.247	-1335234.536	-245294.4007	-396206.2469
48.60000254	11893798.66	26843.30101	-1936436.543	-1369478.253	-61625.47749	-347464.5525
48.70000953	11849546.94	26674.25091	-2018618.221	-1323825.204	-363414.3843	-339730.5024
48.80000604	11803365.03	25448.8631	-2098942.081	-865959.6592	-962613.9142	-568760.3371
48.90000343	11757485.24	22651.64918	-2178620.612	204664.368	-738168.4476	-1188789.233
49.00000649	11713032.84	23159.56721	-2258408.288	-18882.48659	935387.843	-1060515.457
49.10000671	11662142.63	26582.93957	-2333299.343	-1379047.672	-259465.7559	-175798.2937
49.20000972	11612864.82	21947.01841	-2408243.628	404195.889	2321.570207	-1355219.648
49.30000037	11561528.75	26407.16551	-2480767.232	-1360010.189	-368927.6793	-119434.7205
49.40000216	11512353.75	23536.30555	-2553820.584	-268925.6951	1064961.928	-890805.8505
49.50000597	11457702.74	21947.70319	-2621718.329	322845.7632	-320986.7445	-1338931.71
49.60000914	11403498.89	23323.24215	-2688678.239	-238952.5525	-1061317.223	-903608.0066
49.70000712	11349785.88	23904.40368	-2754741.71	-492121.3475	-1131865.02	-690433.3105
49.8000077	11295817.25	23015.41738	-2819288.666	-175275.6024	-1033206.401	-949612.0242
49.90000235	11242669.19	21686.06831	-2883200.779	310005.8775	-72408.31053	-1377916.323
50.00000393	11189462.52	24151.4287	-2945719.022	-672371.1944	1143236.453	-490843.5488
50.10000308	11131300.74	24836.12289	-3002129.508	-962001.0898	-1018321.094	-193845.4353
50.20000356	11078794.24	22808.71277	-3062291.108	-210108.0362	1067253.136	-903783.9106
50.30000509	11020597.06	22784.52983	-3115210.843	-226345.3099	-1085921.787	-877235.2435
50.40000691	10966031.44	25523.54245	-3169979.417	-1305011.084	-482801.2816	252683.5821
50.500007	10911914.7	25474.15375	-3223427.976	-1311737.197	434343.8033	301149.4403
50.60000138	10856874.66	25374.552	-3273985.681	-1297949.774	454277.7793	330087.9953
50.700003	10801043.13	25285.19988	-3321622.374	-1286598.669	-460640.7048	363969.7861
50.80000117	10745915.81	22476.25075	-3367880.77	-240833.8865	-1131937.538	-812844.6654
50.90000739	10694449.06	22422.57009	-3416287.15	-247938.3329	1141889.395	-796627.3863
51.00000113	10638585.16	23808.34278	-3457085.083	-792927.345	-1166443.585	-103322.7355
51.10000249	10588109.75	24026.55067	-3502140.241	-899295.8609	1089812.028	59805.5046
51.20000369	10535596.85	21282.19827	-3542153.929	112885.9808	706422.0083	-1219928.154
51.30000298	10483491.98	20871.07547	-3580044.785	246222.8086	-82543.5734	-1390165.777
51.40000553	10433195.92	20813.05013	-3617610.352	246368.1523	111801.4922	-1388093.354
51.50000583	10384545.96	21751.51739	-3654628.665	-124941.6219	1111200.508	-865807.7278
51.60000163	10335344.92	24546.31592	-3687931.521	-1179869.047	400179.9324	669152.4884
51.7000041	10286671.67	21336.0383	-3718856.466	-2036.324658	-997543.6523	-1002448.261
51.80000035	10241851.51	24084.61803	-3752278.609	-1034619.91	784596.7158	560329.9341
51.90000566	10196484.78	20648.15376	-3781611.978	219332.824	484290.5027	-1310479.234
52.00000612	10151412.33	21284.7735	-3807934.976	-24885.36349	-1082938.154	-909189.5693
52.10000607	10108770.64	22267.21256	-3834482.27	-394539.3248	-1325827.487	-294143.1549
52.20000055	10067750.13	21885.27563	-3859948.787	-263491.1798	-1307186.281	-470995.1446
52.30000158	10028704.55	20502.8476	-3884875.578	230424.2647	-600848.5861	-1259319.513
52.40000566	9991970.925	21390.70288	-3909809.014	-100754.9374	1233333.934	-684642.8634
52.50000493	9954310.385	23875.25113	-3929161.123	-998222.2498	-443120.3808	898441.2437
52.60000488	9919974.169	20197.54684	-3950054.397	323369.8785	243156.8837	-1355103.927
52.70000251	9886111.149	23456.85455	-3967538.577	-844832.702	-851120.9486	749567.0995
52.80000182	9856191.124	22353.17605	-3987667.544	-450523.0445	1337603.799	88572.35573
52.90000237	9826044.904	20174.42334	-4002932.399	330990.6516	480305.2076	-1288313.664
53.00000053	9797564.028	20265.24069	-4016634.297	304449.3069	-678553.9472	-1202861.239
53.10000569	9771485.149	20621.29949	-4030085.125	184558.7605	-1038553.04	-941990.2591
53.20000028	9747651.603	20396.12194	-4042954.714	271698.0614	-885408.9836	-1068752.121
53.30000542	9726159.582	19959.69931	-4055409.678	433610.0987	-87630.64276	-1343243.52
53.40000336	9706915.707	20755.19212	-4067238.152	162602.2282	1164679.449	-785545.8597
53.50000187	9688787.889	23113.49431	-4076201.177	-651103.4832	924124.75	849739.7842
53.60000322	9671594.784	22610.30247	-4081839.486	-454227.5772	-1229800.283	530347.5952
53.70000147	9658478.806	19912.43165	-4090299.284	505730.8781	24256.49046	-1320472.605
53.80000048	9647259.39	23024.33152	-4097316.066	-564309.2436	976807.3777	852878.9038
53.90000534	9636264.225	21274.68899	-4099460.651	72263.82904	-1367438.128	-353399.0742
54.00000475	9630316.983	21490.80388	-4106383.512	14853.99616	1400191.537	-198098.5074
54.10000319	9623381.027	22398.75106	-4105959.139	-271839.6267	-1314577.792	444958.9253
54.20000515	9621575.754	20841.58279	-4110466.152	292565.3946	1221243.276	-650361.7075
54.30000139	9619142.077	22845.88882	-4108319.495	-372905.5206	-1134701.159	757228.3363
54.40000139	9621431.474	20569.24845	-4110276.23	445998.9833	1037742.383	-850985.1078
54.50000286	9623544.401	23234.77481	-4106496.585	-447396.6118	-880145.3124	1012511.976
54.60000276	9629735.373	20217.07483	-4105514.886	635042.6231	589636.8759	-1117608.707
54.70000471	9636835.89	23701.12658	-4101021.402	-543972.1714	-77093.07406	1303131.204
54.80000363	9646108.771	20353.81565	-4095517.387	662437.6798	-676374.2961	-1050568.48
54.90000149	9658999.494	22508.75636	-4091946.144	-56193.76015	1348387.109	422722.6825
55.00000464	9671430.001	23281.48701	-4082215.807	-283243.9151	-1027121.706	929942.9475
55.10000213	9687504.545	20533.53386	-4074475.329	721413.4109	-708423.9966	-988786.1912
55.20000164	9706520.498	21052.75858	-4067356.187	579272.0352	1107326.087	-662021.7864
55.30000047	9726588.574	22946.26312	-4057215.088	-43162.31424	1285334.701	588261.6105
55.40000559	9748191.173	23886.33751	-4045048.492	-329046.288	710820.6998	1177481.411
55.50000481	9771966.805	24105.65307	-4032137.49	-360531.4948	497915.8776	1273615.649
55.60000133	9798041.761	23887.3476	-4018752.533	-236644.1876	887330.4555	1075473.938
55.70000167	9826075.123	22589.29086	-4004288.801	273397.4248	1376562.969	174150.0552
55.80000414	9854885.673	20818.8099	-3986667.985	959330.5349	229338.9116	-1013453.792
55.90000567	9885189.721	23257.4828	-3967328.919	142895.5405	-1312996.439	505589.969
56.00000242	9920065.079	23279.52117	-3951718.335	183766.583	1324324.6	460862.4487
56.10000302	9953003.404	22791.90575	-3928461.471	419085.7715	-1346655.132	104341.1342
56.20000625	9991106.45	21820.71954	-3909954.574	822845.1711	1012261.457	-546125.0474
56.30000286	10029002.2	24690.28614	-3887052.096	-159233.7073	822297.5319	1139504.891
56.40000214	10067702.07	25155.2271	-3861600.536	-269774.7769	-341034.9539	1345703.062
56.50000036	10108553.81	25166.19702	-3835906.895	-215877.5489	-569715.2205	1276252.895
56.60000327	10151562.73	25479.64704	-3809985.921	-273256.4838	153740.1257	1379019.531
56.70000578	10196298.64	23941.5724	-3783174.575	350107.9137	1301117.831	429554.234
56.80000063	10239901.55	22031.04894	-3751225.651	1120827.552	-515773.6397	-691175.1953
56.90000648	10286800.44	25911.1308	-3720967.473	-251440.5698	202126.5955	1376925.009
57.00000403	10333351.12	22601.77725	-3687002.587	1041855.381	-832894.0074	-469920.1403
57.10000091	10383629.65	23323.1051	-3655313.525	836644.0323	1131493.049	-140535.5593
57.20000352	10433178.22	25358.25814	-3619587.263	143081.335	1120990.034	850240.5988
57.3000008	10483551.7	25798.00505	-3582153.106	43941.18211	999970.1073	999064.0406
57.40000159	10535149.67	24743.59848	-3543611.344	505768.0991	1256291.592	407345.1434
57.50000505	10586163.93	22848.68104	-3501709.245	1289674.905	153887.1656	-559515.309
57.60000223	10637711.51	26179.39591	-3458073.881	102224.8009	-1030449.414	963184.3523
57.7000043	10693341.8	24157.03372	-3417022.33	933228.0099	1062013.105	-34837.41881
57.80000671	10745753.24	27377.08569	-3369781.363	-218640.2281	-343526.9055	1354321.127
57.90000783	10799210.53	24920.51291	-3321617.567	785836.2668	-1156901.762	209856.322
58.00000399	10854640.55	23842.34616	-3273604.328	1266568.732	-555474.3869	-295384.2479
58.10000199	10909672.72	24002.62476	-3223110.238	1276197.524	-549704.6493	-262953.7577
58.20000683	10964176.39	25397.35404	-3170137.31	813002.6239	-1126802.119	263331.9537
58.30000478	11020423.44	28282.65489	-3117143.726	-226904.1147	-397586.6241	1338073.017
58.40000132	11077761.68	25611.80852	-3063386.363	867265.0943	1087460.572	255501
58.50000066	11130112.22	27237.63198	-3003109.331	312664.0649	-1113883.202	813329.82
58.60000445	11187788.4	25037.55035	-2946277.724	1228716.476	699795.2618	-23289.75837
58.70000471	11242801.67	28671.77518	-2885422.115	-107558.41	745554.1061	1196904.45
58.80000826	11295685.22	29239.27283	-2821264.08	-259186.2754	-423936.1833	1324047.049
58.90000863	11349271.33	28950.14216	-2756397.701	-80217.42411	-795475.2297	1166526.607
59.00000674	11403293.95	29519.73818	-2690591.64	-235564.813	-543523.3034	1284169.63
59.10000057	11457958.38	29802.04545	-2623996.701	-280786.446	463585.9417	1306233.917
59.20000515	11511276.23	26978.79488	-2555091.11	882133.1219	1016404.873	434467.8242
59.30000137	11559558.51	26920.90999	-2481430.489	971688.8934	-947816.2262	396818.7192
59.40000442	11613108.89	30092.66312	-2410460.543	-202486.2639	691935.7064	1216644.686
59.50000274	11660123.6	27035.52336	-2334017.932	1054034.53	-858688.4103	389442.4524
59.6000068	11712368.79	28355.52462	-2260023.131	598835.4388	1076245.687	695047.7233
59.70000744	11757760.67	31195.71042	-2180814.423	-449608.3323	-112327.2222	1336126.844
59.80000246	11802313.94	29462.54538	-2100360.523	287324.6052	-1051514.281	900978.5169
59.90000713	11847678.23	27863.95081	-2019600.236	970446.4837	-879888.1974	532945.0091
60.00000208	11891752.8	27519.21436	-1937380.788	1161849.977	-665426.1859	455315.9596
60.10000891	11933692.34	27960.90741	-1853337.243	1044178.733	-786423.5068	539656.2257
60.20000617	11973791.13	29457.94504	-1767762.977	511448.9856	-1040282.483	810081.6565
60.3000041	12013647.72	31846.43265	-1681449.476	-372877.136	-639357.8536	1205066.047
60.40001063	12053931.77	31867.82831	-1594630.378	-331773.9407	718188.782	1172233.307
60.50000108	12089190.56	28194.29208	-1505145.514	1155808.293	565593.4935	586695.1423
60.600004	12119336.97	30442.80454	-1413288.14	321636.9366	-1029235.716	914999.1928
60.70000109	12155361.78	32084.46751	-1323069.922	-278005.5635	821099.8467	1117366.524
60.80000992	12182033.13	28657.9662	-1229247.631	1108217.616	-555823.1907	680378.0541
60.90000376	12212337.35	33071.45725	-1136203.328	-582189.6001	510112.9598	1183570.884
61.00000198	12235237.01	29187.30352	-1040685.749	979425.0578	-677056.6166	763099.5311
61.10000269	12262699.85	32157.23435	-946009.1218	-149459.5846	938860.6534	1046996.899
61.20000681	12279444.35	32042.91387	-848540.5326	-70623.75655	-970243.612	1026469.492
61.30001159	12301990.22	29180.6098	-752052.6267	1083312.967	417179.6022	807709.2269
61.40001066	12319280.85	33682.33027	-654290.0416	-652620.6368	584332.2534	1110244.172
61.50000152	12329944.68	32359.60783	-555352.6655	-106983.1846	-973741.576	1019991.148
61.60000865	12344615.41	29326.48727	-456809.2549	1107185.334	8529.673805	879811.2762
61.70001132	12356943.23	32368.38907	-357762.3514	-63641.66884	991333.8259	1006581.832
61.80000013	12361362.7	34590.16437	-257947.4017	-915338.4624	-204333.2916	1058491.098
61.90000448	12364435.1	31672.46362	-158070.7038	246395.8835	-977747.7869	991614.0046
62.00000187	12369988.57	29790.80699	-58227.98548	999064.3851	173234.7131	985829.645
62.10000442	12372278.35	32712.67275	41798.81144	-134461.1468	992857.2292	998075.5095
62.20000395	12367307.9	35022.26219	141721.9123	-1030500.466	-83873.19219	964901.0716
62.30000538	12360343.53	32361.98403	241419.3841	20253.22431	-997280.9738	1002507.09
62.40000993	12356152.78	30112.54767	341223.8939	907283.827	130535.6832	1076938.481
62.50000647	12348821.57	33347.10684	440774.5526	-358795.6451	970525.1003	964026.3041
62.60000987	12333375.75	35007.47185	539295.5188	-1010220.589	-469258.1553	871350.1852
62.70000104	12318707.19	30932.70816	637649.726	585666.0075	-672567.8506	1097564.492
62.80001053	12306315.65	32293.32209	736270.0155	46859.51616	982309.3678	1016303.346
62.90000775	12284055.06	35180.94092	832885.9104	-1092831.815	-433808.0317	785830.2713
63.0000059	12263465.67	30502.2534	929521.1093	732571.5638	-260943.0881	1181205.998
63.10000407	12242539.74	34794.7949	1025854.723	-962668.7794	692979.4362	770096.3072
63.2000094	12213482.56	31621.38561	1119772.807	267771.9495	-856306.753	1093177.446
63.30000666	12190029.32	34361.96795	1214904.158	-823388.2728	853269.9135	770689.4362
63.40000714	12157017.82	31079.23617	1306751.823	445476.9539	-654446.3992	1171857.583
63.50000789	12127234.39	35456.34008	1399196.373	-1291169.718	92462.65551	569501.0251
63.60000549	12095321.84	31335.39468	1490505.823	301224.0296	769675.7529	1147546.652
63.70000842	12056395.71	31680.0644	1578595.752	142391.1973	-885149.7261	1093725.153
63.80000252	12019954.87	34916.59079	1667075.452	-1152234.115	-615939.3283	541271.9164
63.90000443	11983493.46	35092.0634	1755056.827	-1248924.56	466624.8474	471644.6707
64.00000342	11944081.19	33890.57253	1841152.787	-808177.0681	956417.6415	657354.6394
64.10000053	11902243.24	33291.8189	1925442.836	-605105.4089	1039124.517	744357.2278
64.20000675	11858622.4	33746.99848	2008129.047	-815837.5046	975290.2871	619046.0582
64.30000074	11812775.97	34867.54328	2088827.015	-1287725.584	479791.2467	334010.749
64.4000031	11764317.92	34440.72931	2167173.831	-1155429.828	-721257.5911	380485.7413
64.50000351	11717015.41	30800.05016	2245300.223	230555.7197	-689313.8067	1213132.53
64.60000982	11671708.26	32551.90824	2323876.05	-492841.3158	1088086.657	757083.1298
64.7000002	11618322.3	33220.57266	2396236.15	-790811.4615	-1039104.86	543026.9997
64.80000783	11571458.87	32246.87177	2472027.151	-452430.7257	1099144.143	766282.3181
64.9000077	11516814.35	30683.09626	2541284.312	117698.2952	-781776.1578	1172592.491
65.00000835	11464708.97	33988.38312	2611210.953	-1209746.21	-713056.9551	167522.7914
65.10000131	11413520.24	34272.41516	2680707.853	-1361756.753	381220.7011	17009.49581
65.20000439	11360503.28	33727.592	2747599.731	-1191733.882	751867.3145	120274.2566
65.30000752	11305974.33	33973.60202	2811953.626	-1328319.33	484472.011	-29234.01071
65.40000077	11249881.89	33770.1485	2873536.537	-1290018.509	-578457.1495	-35207.55302
65.50000208	11194529.08	30446.29076	2934274.135	-46568.13325	-934404.7406	1060527.788
65.60000006	11142299.53	31366.52619	2996426.032	-447661.7172	1152169.536	687098.4993
65.70000504	11083871.28	31855.40382	3051146.5	-675642.6975	-1159267.392	446772.9393
65.80000542	11031321.05	32593.03356	3109911.92	-1003857.767	990984.7155	101088.4656
65.90000643	10975352.5	29402.97	3163557.031	179364.6118	539841.8803	1294758.31
66.00000383	10918796.85	29264.96468	3214705.303	190945.1969	-500143.2965	1308967.767
66.10000685	10863568.33	29289.89528	3265315.511	139239.9181	-635179.7286	1255849.895
66.20000329	10809649.73	28884.35362	3315376.973	250871.1624	123821.0168	1386265.493
66.30000115	10756405.31	30831.78527	3364179.884	-532528.7208	1218761.974	480658.312
66.40000762	10700190.3	32372.13463	3407301.732	-1152151.853	-767020.3685	-290216.9219
66.50000019	10648249.96	28921.02475	3453205.668	115154.1096	685725.3655	1231470.769
66.60000469	10593397.28	31026.18283	3493145.036	-713912.6543	-1208390.887	173551.6854
66.70000324	10542753.99	32365.952	3535890.782	-1255097.606	340525.5435	-555672.883
66.80000567	10492024.46	31291.65268	3575995.239	-885185.5404	1097251.024	-111744.1267
66.90000434	10441375.5	31230.93595	3613517.877	-893894.4243	1083561.671	-163850.1251
67.00000044	10390880.66	32040.61714	3648401.53	-1224167.815	227420.4806	-670591.5943
67.10000355	10340846.59	30152.54419	3680921.95	-546866.3538	-1282199.415	238541.0919
67.20000051	10295144.25	28489.58735	3716606.229	37299.58221	924957.4435	1069140.996
67.30000275	10246984.89	30954.25594	3745557.175	-897015.3853	-1034687.456	-353249.5816
67.40000615	10203589.07	30156.46637	3778352.675	-630783.1647	1265650.765	15515.83204
67.50000008	10158926.4	27759.69557	3805832.512	227886.2541	473705.0008	1312886.677
67.60000467	10115555.02	27641.43297	3831783.265	250022.9632	-412757.6414	1329330.526
67.70000081	10074350.67	27526.8274	3857518.131	270532.6358	-336042.4879	1346806.422
67.80000013	10035307.74	27663.94813	3883033.69	199336.5608	693776.5568	1216116.37
67.90000476	9997358.982	30110.69467	3906527.35	-704119.2521	1181983.612	-327308.4477
68.00000476	9958947.153	29912.77321	3925181.151	-639426.1599	-1230332.71	-278236.6074
68.10000192	9925479.923	27870.89003	3948186.396	80304.32892	1054670.634	938733.7577
68.20000267	9890496.517	29494.43323	3964330.731	-506465.7007	-1312461.647	-144695.9571
68.30000041	9860410.959	30178.587	3984799.485	-761711.2345	1004074.66	-641584.0339
68.40000469	9830550.522	27565.70144	4001241.691	166523.0826	990268.9691	995809.9377
68.50000595	9801773.659	26965.46441	4015081.763	379375.4759	-197522.6237	1347983.331
68.60000152	9775304.266	27180.88334	4028493.652	302892.9587	-735319.6159	1169427.603
68.7000033	9751157.027	27056.03985	4041481.889	347983.214	-626681.1463	1219089.178
68.80000222	9729349.982	26830.04805	4054050.437	429392.6578	124951.9185	1341644.127
68.90000382	9709725.956	27757.3552	4065877.988	106276.6835	1232667.14	685008.7513
69.00000368	9691232.34	30003.01087	4074872.98	-672411.7981	877724.9114	-881737.69
69.10000393	9673768.412	29447.15441	4080730.946	-460171.7961	-1225334.518	-535534.5342
69.2000042	9660310.865	26728.64521	4089270.037	502951.5255	-41708.13488	1321098.102
69.30000228	9648869.954	29722.24381	4096615.727	-530097.8586	1057866.405	-774541.7551
69.40000324	9637501.408	28280.40847	4098788.466	-2030.719764	-1398494.061	210262.3071
69.50000104	9631241.142	28034.45183	4105857.977	98004.75737	1360185.484	374553.7553
69.60000053	9624069.14	29441.7327	4105747.491	-363211.423	-1216937.34	-622206.5364
69.7000055	9621822.309	27382.88448	4110144.65	373998.5855	1087331.189	823307.928
69.80000155	9619238.602	29857.66268	4108488.224	-455294.0718	-976281.9755	-916286.425
69.90000328	9621030.014	27151.72755	4110221.544	512606.5153	865798.4293	993794.5666
70.00000321	9623029.719	30177.59025	4107005.179	-505547.2592	-696388.7502	-1122258.739
70.10000365	9628700.799	26915.2681	4105755.464	663101.4277	403876.1309	1182023.929
70.20000286	9635691.701	30491.42991	4101827.231	-546817.7204	92944.26051	-1300904.203
70.3000015	9644496.943	27238.28038	4096158.273	629575.2594	-787194.913	991947.1568
70.40000164	9657155.253	29217.01546	4092896.14	-26211.83109	1368958.259	-353929.6909
70.50000423	9669279.354	30113.87634	4083319.426	-292149.6382	-1013409.053	-942152.1532
70.60000418	9685072.545	27327.0582	4075772.666	729269.0404	-666131.0353	1012144.313
70.70000372	9703807.089	28019.78446	4068850.228	529262.4377	1178506.519	575329.1735
70.80000031	9723483.127	30030.5692	4058687.255	-129421.5663	1194324.982	-746215.7171
70.90000112	9744693.438	30907.19967	4046493.353	-387102.2103	451893.7822	-1282943.447
71.0000003	9768114.726	31098.90602	4033621.483	-402854.4555	127718.8449	-1349591.118
71.10000159	9793876.635	31105.85613	4020347.373	-352957.9669	466443.0668	-1287575.838
71.20000589	9821816.702	30283.40536	4006391.953	-6913.25967	1239786.572	-680353.924
71.30000547	9850872.681	28148.45235	3989869.954	813956.2455	868562.0836	763593.5683
71.40000352	9880517.078	29105.35826	3969979.983	538320.2444	-1291930.887	202795.2112
71.50000452	9914771.023	31332.10388	3953921.322	-203839.0257	817006.2435	-1136200.004
71.60000228	9948161.907	28509.47172	3932045.225	879613.1533	-860165.818	697420.5808
71.70000565	9985903.488	30418.96779	3913529.36	251195.7288	1329116.546	-412734.676
71.8000026	10022426.72	32036.79376	3888904.393	-265139.3527	-438239.4722	-1318198.501
71.90000418	10061115.63	30785.94505	3864006.377	258683.6227	-1303215.158	-484471.9137
72.00000132	10101901.35	30381.0945	3838767.413	476304.4804	-1320928.024	-168176.0878
72.10000003	10144192.17	31398.17854	3812269.169	175040.5681	-1228098.946	-679068.3162
72.20000275	10188778.44	32802.46932	3785785.525	-271905.7907	20448.71578	-1387677.589
72.30000061	10234649.75	30201.92409	3757762.279	756835.0912	1184122.419	158286.8947
72.40000652	10278697.79	31330.8158	3723718.336	420931.5761	-1292193.802	-391218.3352
72.50000442	10328077.1	30425.90527	3694330.381	828258.8826	1132441.58	177660.61
72.60000035	10375644.7	33518.50101	3659225.387	-242728.109	214611.0049	-1376599.136
72.70000619	10423898.93	32929.30112	3622153.946	56444.58755	-1022473.579	-975377.7678
72.80000711	10474046.58	32618.56626	3584880.102	251682.6716	-1186515.412	-727211.8054
72.90000541	10525584.92	33684.77023	3546731.117	-70019.41928	-799335.2689	-1164543.004
73.00000667	10579118.95	33942.06852	3508487.489	-90133.24755	759044.4481	-1189843.487
73.10000603	10631472.12	30572.26077	3466154.714	1264566.726	404806.0921	486829.5642
73.20000186	10683730.43	34538.30453	3421362.551	-151885.7353	-587387.9744	-1277460.798
73.30000123	10738052.29	30860.79946	3376724.309	1326147.075	-165932.6514	462385.4353
73.40000671	10793950.61	33126.94232	3331668.817	546115.0023	1216354.676	-471423.0653
73.50000078	10848156.41	34999.51519	3282525.944	-83724.38878	753549.1509	-1193798.1
73.6000062	10903047.56	35371.44373	3232111.006	-142919.124	630824.2952	-1257630.642
73.70000378	10958898.51	34519.21029	3180774.384	265927.7898	1117614.693	-824754.393
73.80000458	11013578.89	32092.41968	3126347.069	1282858.082	561889.2224	196355.9111
73.9000047	11066702.24	34486.20087	3068679.378	450140.5216	-1161878.848	-668887.9238
74.00000822	11125153.02	34607.49128	3014521.417	483738.0078	1163394.516	-642269.9906
74.1000056	11177304.68	35615.72155	2952760.495	181446.2685	-1039322.865	-941745.8436
74.20000745	11233521.99	32677.82753	2893246.696	1399519.84	-144928.8394	142617.8472
74.30000349	11289850.16	34003.32909	2832303.403	968597.2628	995866.7983	-264704.8595
74.40000192	11344341.8	35285.50758	2768328.434	554252.8467	1135650.875	-634902.2549
74.50000224	11398088.1	35112.28743	2702398.344	703339.3233	1106995.198	-529032.5408
74.60000367	11450443.54	33823.46718	2634117.56	1286205.379	579692.4434	-98144.75963
74.70000598	11500512.64	34629.98737	2562980.622	1055143.087	-889941.3123	-307697.1339
74.80000635	11553482.76	38515.90285	2492912.48	-380284.4805	-122569.314	-1356598.864
74.90000308	11605560.56	34468.69875	2421043.315	1273953.228	578402.7573	-206139.3279
75.00000117	11653686.31	38813.34339	2345491.639	-343100.6652	-429144.9645	-1303118.004
75.10000334	11702749.71	34643.5144	2269610.644	1359868.033	-321687.6405	-217430.4373
75.20000231	11753124.85	37127.58118	2193593.879	462180.4091	1080116.945	-787233.5458
75.30000623	11798066.43	39651.73248	2113418.937	-451605.6199	218372.9254	-1322257.777
75.40000431	11841648.65	39444.98418	2031744.453	-300138.029	-640473.1485	-1224627.008
75.50000995	11884994.17	39018.81893	1949231.995	-64774.28993	-898459.6701	-1090217.645
75.60000295	11927523.21	39439.45358	1865607.91	-162878.3021	-831464.4872	-1132315.091
75.70000476	11969343.03	40430.45785	1780928.599	-486569.8294	-374704.5204	-1273909.857
75.80000295	12010678.65	40379.49338	1695318.49	-404415.4483	592396.8657	-1218816.68
75.90000657	12049105.25	37619.48267	1607752.219	737066.779	961249.0111	-729885.5405
76.00000681	12081607.07	36689.64733	1517254.453	1160954.554	-558982.3744	-582857.8126
76.10000492	12115807.83	41162.28821	1427005.729	-536343.8418	-458851.3551	-1225475.711
76.20000035	12151105.79	38151.91734	1336584.516	696693.2545	944521.1586	-788985.6085
76.30000051	12176704.83	39366.31801	1242489.706	272491.8116	-1021750.637	-939028.1403
76.40001073	12209589.51	39697.71377	1150257.631	190381.4076	1017974.493	-963059.1116
76.5000059	12230805.64	39892.46594	1054321.871	160303.7786	-1011112.856	-975681.0401
76.60000555	12259250.3	38605.04531	959954.0718	707642.4017	887033.7803	-844045.795
76.70000061	12277809.48	42290.15554	862918.7518	-697020.2621	-410801.699	-1159915.824
76.80000089	12297278.45	37832.24225	765870.2826	1088820.073	-409805.2379	-804071.2138
76.90000448	12317970.08	40624.34704	668744.0054	27975.37191	998767.2419	-1000840.335
77.00000146	12329114.78	42615.33971	569864.1995	-721449.1717	-506680.696	-1105796.439
77.10000833	12341179.69	38737.06491	471026.0481	828291.2322	-698555.6494	-908819.9159
77.20000638	12355195.5	39214.2978	372206.4776	666095.9714	819050.6861	-940995.2873
77.30000351	12362244.2	42977.94751	272576.8277	-787433.0157	521149.2877	-1052783.295
77.40000172	12364130.95	42219.69573	172620.607	-471156.8166	-857852.5694	-1020833.103
77.50001144	12367924.69	38863.05581	72743.95371	861576.0122	-535720.5537	-985236.1462
77.60001063	12371926.42	39637.27728	-27237.86232	570485.6491	817283.3679	-1003291.593
77.70000697	12369533.27	43210.11506	-127234.552	-820790.4118	613575.1994	-974591.4912
77.80000333	12361691.4	42863.64916	-226931.6437	-678683.87	-781474.0243	-963683.8455
77.90000905	12355475.76	39289.32421	-326589.5631	726832.5973	-590901.1866	-1059504.678
78.00000297	12350069.63	40143.14009	-426300.6068	391910.0343	870822.9158	-1043107.844
78.10000481	12337153.58	43879.83557	-525166.646	-1076252.933	302663.4359	-866068.3979
78.20000336	12320058.9	41429.89532	-623227.4505	-121393.223	-1005251.518	-987285.7088
78.30000097	12307619.37	39326.74384	-721820.9711	694193.2054	489702.5994	-1130613.62
78.40001189	12288958.07	43877.45624	-819189.6948	-1102292.067	405958.7901	-787495.8159
78.50000867	12265029.11	40552.78773	-915150.8927	186703.437	-923762.1128	-1054421.825
78.60001043	12246791.29	41346.66237	-1012157.736	-142933.3733	1010164.43	-979355.8474
78.70001128	12217069.61	42535.13849	-1105963.549	-629443.6533	-944379.4048	-843770.2455
78.80000554	12194326.35	40584.09713	-1201337.45	111650.0324	934960.2613	-1055169.93
78.90000789	12160585.01	41972.0443	-1293020.72	-458200.0944	-1012706.076	-874344.9422
79.00000079	12133866.48	42496.41229	-1386570.023	-692989.1087	950721.2409	-784789.9193
79.10000302	12097889.24	39159.09602	-1476459.312	584086.4921	-302178.6402	-1252010.798
79.20000964	12061721.34	42938.78887	-1565689.768	-931002.6385	-835465.0499	-659721.3334
79.30001095	12028036.57	43437.9438	-1655437.473	-1162941.055	595421.6706	-541332.7412
79.40000611	11990404.14	40911.83381	-1743020.29	-212191.6918	1027372.115	-948409.8399
79.50000833	11949360.24	39371.5696	-1828450.04	350371.7229	628175.3733	-1217635.149
79.60000609	11907018.15	38967.67462	-1912561.574	465795.0903	346205.8174	-1289641.991
79.7000096	11864063.13	39047.83294	-1995666.029	389421.0282	495778.9985	-1265920.395
79.80000867	11820292.5	40028.17635	-2077623.107	-40993.3213	957692.157	-1039781.362
79.90000466	11774064.31	42453.2939	-2157429.747	-1036741.153	846667.6152	-456422.7553
80.00000679	11723888.29	42648.93381	-2233993.987	-1161258.485	-725812.9567	-353092.4573
80.10000516	11676409.25	38514.8531	-2311271.437	401787.6301	-247916.3123	-1333080.719
80.20000071	11628554.07	42561.90034	-2387447.752	-1230454.219	649736.1513	-252636.7943
80.30000608	11576122.85	38505.30502	-2459545.605	298909.1974	-492685.0645	-1291477.727
80.40000591	11525077.54	42653.6634	-2531526.895	-1371773.84	-333012.7282	-85668.2899
80.50000588	11475304.61	40597.21871	-2603399.999	-627851.5066	1106858.119	-616982.6501
80.60000592	11421583.26	38282.43107	-2671157.874	216118.2392	592469.2213	-1265809.278
80.70000455	11367291.5	37830.11187	-2737193.082	334889.8416	86546.79005	-1371261.626
80.8000086	11313582.01	37783.53909	-2802405.276	294407.603	299587.9493	-1350396.691
80.90000884	11260175.43	38873.44395	-2866555.497	-187108.545	1038601.775	-941433.3462
81.00000672	11204514.42	41669.43337	-2927308.852	-1324836.107	485342.3877	96187.60742
81.10000069	11147188.42	38930.63012	-2984939.586	-321970.492	-1120161.043	-800983.2953
81.20000821	11094994.21	39691.43158	-3045859.279	-676599.2632	1155497.425	-455015.5358
81.30000511	11036961.52	37748.78909	-3099459.717	16686.92681	-861135.3122	-1121680.668
81.40000269	10981929.69	40920.9611	-3154270.21	-1259214.816	-613718.4284	194236.2927
81.50000524	10928075.09	40831.54488	-3208530.597	-1281782.976	540090.9312	255605.5312
81.60000797	10873223.73	40386.90387	-3259879.5	-1166513.388	780962.4717	171301.2962
81.70000745	10817661.57	40702.77553	-3308440.53	-1339522.918	196061.2081	408947.8642
81.8000008	10761665.65	39288.38224	-3354343.299	-851254.3346	-1124348.385	-105862.0176
81.90000436	10709060.24	36272.93415	-3402007.897	237987.0336	205029.3874	-1378885.464
82.00000122	10655290.99	40231.15783	-3446065.367	-1313452.28	36768.30452	522963.8625
82.10000515	10602970.09	36308.52931	-3489516.095	117000.5293	684681.8941	-1231877.259
82.20000641	10548823.14	37001.17971	-3528160.715	-190629.1281	-1134791.272	-822137.0359
82.30000602	10497292.6	38619.58398	-3567544.528	-846750.8372	-1130902.712	63812.82753
82.40000089	10446636.31	38623.01277	-3605385.523	-893204.1561	-1083847.739	165711.8383
82.50000624	10396679.35	37067.0565	-3641374.855	-355429.9882	-1257528.93	-540638.9877
82.60000454	10349152.46	35325.66467	-3677862.648	245718.8662	190510.6597	-1379611.513
82.70000455	10301855.26	38721.42494	-3711731.674	-1057279.207	778087.7869	526060.9037
82.80000391	10253869.64	35445.68961	-3741388.491	120014.5071	-783107.4545	-1171468.836
82.90000636	10208887.42	38806.1007	-3772269.111	-1157502.296	-197202.0209	788225.7275
83.00000221	10165882.87	37041.89991	-3802804.172	-545680.2121	1299617.519	-115010.4855
83.10000505	10122795.34	35466.10673	-3829744.118	-543.1588291	1055720.593	-940985.5124
83.20000323	10081272.33	35283.19456	-3855540.071	34956.22776	1024075.337	-974703.9381
83.30000121	10041458.83	36391.64243	-3880373.669	-397517.0431	1336241.743	-237567.2657
83.4000062	10002103.72	38151.57591	-3902089.357	-1056955.636	200233.8501	918014.8088
83.50000136	9964154.456	35449.39372	-3922095.91	-97841.87988	-1249845.874	-654455.6958
83.60000315	9930663.554	36155.01174	-3945680.489	-379532.1768	1354523.907	-145671.935
83.70000132	9895247.359	35325.02025	-3961683.686	-91892.95251	-1280057.827	-594144.4643
83.80000447	9864464.435	37673.47801	-3981552.845	-951601.5751	373869.2754	977075.3335
83.90000137	9834967.233	35230.9769	-3999297.832	-93562.81371	1307686.604	-530284.5897
84.00000071	9806041.706	33920.24526	-4013539.294	365269.4263	314146.2831	-1329620.382
84.10000568	9779209.77	33865.5079	-4026975.57	378278.6342	-349444.2435	-1317115.787
84.2000038	9754725.85	33798.0189	-4040032.82	396626.1053	-326494.4065	-1317607.353
84.30000351	9732585.47	33752.99379	-4052683.776	407934.4923	351372.1995	-1307718.252
84.40000402	9712569.845	34785.33068	-4064485.77	42220.53255	1293598.611	-569929.8735
84.50000057	9693712.555	36897.62521	-4073513.882	-694167.8868	825527.7685	914677.4561
84.60000097	9675980.098	36281.19253	-4079595.639	-463993.6749	-1223453.358	536536.8127
84.70000451	9662185.852	33551.10459	-4088223.746	499032.8227	-102098.4674	-1319296.079
84.80000293	9650514.543	36419.91792	-4095879.887	-495018.5061	1128149.718	694431.3453
84.90000131	9638789.451	35284.04378	-4098115.31	-74959.64262	-1410485.657	-70080.40025
85.00000455	9632192.837	34603.51647	-4105284.423	172958.2646	1298008.504	-534096.7715
85.10000067	9624812.486	36457.25982	-4105543.285	-444837.8954	-1093110.556	779248.7148
85.2000043	9622092.993	33956.05782	-4109766.43	444808.1516	923682.3576	-974144.04
85.30000149	9619391.601	36832.37956	-4108666.338	-524968.4164	-789931.3639	1049007.437
85.40000059	9620652.994	33769.0052	-4110111.069	567293.4556	664799.2126	-1111854.371
85.50000031	9622568.437	37083.78593	-4107517.327	-551448.5304	-489751.2273	1206668.245
85.60000264	9627698.868	33645.42725	-4105957.523	679873.1038	204200.4355	-1223141.343
85.70000042	9634590.231	37252.6251	-4102615.149	-540268.4796	267379.4845	1279303.788
85.80000011	9642926.465	34137.97813	-4096778.832	590819.2312	-895758.7071	-921167.1808
85.90000382	9655349.167	35914.63122	-4093819.076	6605.967095	1386334.302	279344.8867
86.00000132	9667172.391	36953.83203	-4084409.569	-304754.3786	-991228.1975	961556.7739
86.10000493	9682673.314	34125.95222	-4077035.431	734058.8037	-633340.7485	-1029581.065
86.20000568	9701122.921	34977.4075	-4070303.69	481240.6407	1235313.908	-492348.4473
86.30000118	9720404.585	37079.28035	-4060114.406	-204401.7652	1085374.072	883279.7086
86.40000473	9741226.214	37849.38433	-4047896.198	-418624.6906	178578.3689	1338978.392
86.50000501	9764299.023	37950.38272	-4035073.605	-396295.1331	-247682.1958	1334767.282
86.60000012	9789722.023	38104.10075	-4021869.573	-392351.7849	4675.15336	1358689.891
86.70000334	9817453.365	37800.14496	-4008218.413	-225190.1577	889185.367	1076400.844
86.80000106	9846733.78	35819.337	-3992767.966	544774.1353	1272820.774	-288354.6776
86.90000259	9876173.218	35174.06937	-3973131.598	850645.3412	-827592.3056	-769086.1327
87.00000212	9909264.895	38676.56797	-3955667.988	-337799.0631	-50050.33528	1372365.388
87.10000461	9943694.222	35083.73734	-3936198.928	1026357.61	123792.9521	-965020.9127
87.20000213	9980038.347	38754.00082	-3915907.206	-225177.5016	678904.4744	1219993.364
87.30000598	10016183.76	37765.70169	-3891215.899	213199.9057	-1296771.863	522425.6278
87.40000445	10055613.43	35995.00051	-3868106.469	934294.2527	-854915.6372	-629454.9253
87.50000126	10096565.91	35803.89556	-3843668.862	1084912.067	-386575.2551	-820685.9197
87.60000243	10138288.31	36276.85918	-3816772.432	997278.7782	-785992.2223	-622616.4672
87.70000499	10181273.24	38347.9853	-3788322.577	323226.9331	-1292367.239	474669.6438
87.80000134	10227521.2	39949.72384	-3761422.781	-187062.6535	604192.7752	1264894.721
87.90000686	10272995.69	36455.81541	-3729941.529	1192318.08	7127.380683	-760478.0056
88.00000639	10320447.75	40510.71796	-3698223.38	-222393.2224	397935.9236	1338726.356
88.10000562	10367191.48	38563.10984	-3662381.345	595122.9383	-1267222.411	199940.1176
88.20000118	10417326.07	37107.23264	-3628371.024	1228302.736	-270524.5295	-646597.918
88.30000617	10468006.5	37308.5457	-3592195.672	1246656.802	243381.982	-621781.3347
88.40000058	10518577.82	37536.21929	-3553124.577	1258724.607	-274617.3464	-583264.6707
88.50000679	10569472.69	39488.05012	-3511873.163	622844.4417	-1237015.464	286107.5727
88.60000615	10623738.55	41917.82294	-3472378.321	-202793.6658	419858.1671	1335138.139
88.70000466	10676477.26	38156.91289	-3428468.591	1317986.472	-64898.36319	-508625.4632
88.80000768	10731063.02	42216.49032	-3384489.487	-125802.7575	665913.7279	1241262.492
88.90000571	10783299.92	41384.82239	-3335518.71	291339.9388	-1149265.438	770915.0362
89.00000221	10838186.3	39613.04279	-3287503.827	1065206.551	-926715.6028	-80828.1889
89.10000611	10893379.34	39513.97485	-3237768.387	1202817.026	-717974.1993	-194278.7953
89.20000643	10948066.93	40680.5545	-3185546.781	857106.4282	-1104967.362	210750.3237
89.30000661	11003880.64	43471.33776	-3132647.539	-115744.1708	-690802.1056	1228574.677
89.40000512	11061685.12	42233.47724	-3079884.703	455129.5538	1168893.158	653104.7962
89.50000373	11114059.78	41336.89368	-3020073.173	904201.6617	-1059164.841	246148.7264
89.60000101	11172327.21	42508.44559	-2964286.298	547188.5998	1160654.473	594529.9247
89.70000131	11225025.89	44781.85377	-2901775.128	-230460.1565	-474457.7363	1312165.376
89.80000495	11278746.47	42698.75059	-2838784.907	674420.3486	-1127821.58	522662.1074
89.90000783	11333456.78	41765.33192	-2775273.371	1133489.706	-831225.944	155770.7183
90.00000109	11387150.1	42161.02222	-2709588.565	1077210.381	-886485.1383	231866.1139
90.10000261	11439988.53	43988.28454	-2641962.162	463333.3183	-1114406.712	737170.2082
90.20000037	11494155.73	46352.81672	-2574136.769	-363832.4148	-120002.8507	1361332.175
90.30000704	11547971.29	43604.73822	-2504776.905	797425.3102	1050990.638	509442.3944
90.40000408	11595306.58	44126.19632	-2429754.577	689433.3824	-1073907.014	609430.3378
90.500004	11649157.44	45182.79471	-2358196.634	365070.8223	1083352.341	832508.8588
90.60000031	11694508.84	46210.85255	-2280050.833	54869.58644	-955730.3019	1040946.165
90.70000331	11743999.56	43007.63403	-2203649.186	1392425.111	-101295.6303	225591.4558
90.80000131	11792924.08	45054.64659	-2125961.032	676732.4626	1045570.356	669937.165
90.90000299	11837993.92	47373.44765	-2045177.529	-146309.1331	826644.1134	1138091.889
91.00000841	11881391	48266.52273	-1962726.609	-414484.5823	460489.2532	1271279.741
91.10000799	11924121.74	48480.55594	-1879226.632	-419662.3022	490286.716	1258372.953
91.20000158	11966050.7	47958.29346	-1794632.431	-139133.6577	865205.4604	1109982.584
91.3000104	12005907.9	46094.09192	-1708379.766	664735.9506	1002044.167	744334.3354
91.40000186	12041530.96	44583.17404	-1619720.97	1329054.267	-38996.79652	481761.3576
91.50000029	12075450.86	47652.06669	-1529916.466	195793.1571	-1020443.203	959354.3186
91.60001125	12113373.91	49446.42948	-1441116.814	-442446.1526	620100.7991	1191518.527
91.70000656	12144613.5	45209.95074	-1349324.074	1281222.364	109860.254	588557.5413
91.8000076	12173574.08	50019.44489	-1256396.745	-544276.0949	-522198.9167	1196274.143
91.90000949	12204703.77	46129.52578	-1163699.238	1037122.217	640960.6473	716621.906
92.00000023	12228286.3	50418.09979	-1068466.203	-590634.6609	-520469.3977	1174845.651
92.10001029	12254132.48	45968.55717	-973490.0982	1204231.233	164614.0209	723000.2505
92.20000476	12276835.54	50894.50514	-877432.5339	-680687.2495	442166.4951	1158081.888
92.30000195	12293198.92	48030.04585	-779782.2638	486152.1058	-960644.1341	916961.8193
92.40000729	12315034.95	47350.35668	-682920.523	791906.6732	781140.0232	873329.3109
92.50000808	12328992.22	51551.00285	-584473.8032	-819144.8418	265998.7575	1121715.824
92.60000327	12338704.01	49206.31909	-485348.5007	132880.7563	-1002286.33	988819.9117
92.7000073	12352235.8	46881.03319	-386527.091	1073417.563	189420.9498	901051.8516
92.80000964	12362354.11	50187.48468	-287159.8111	-198282.9141	965471.3545	1014174.024
92.90000076	12364937.37	52066.78146	-187219.8786	-914280.9933	-278793.8144	1042288
93.0000108	12366514.97	49069.67868	-87272.59299	278714.7076	-965667.721	994888.9208
93.10000496	12370416.32	47329.21857	12663.37884	974728.4671	210131.1485	1002870.538
93.20000735	12370876.16	50332.16596	112708.266	-193179.1853	986832.7378	994405.8277
93.30000967	12364045.03	52505.72748	212500.0048	-1039845.259	-147561.089	947073.1558
93.4000047	12355569.21	49602.95736	312020.4112	100793.4853	-985384.1208	1009385.362
93.50000648	12350015.95	47665.30912	411701.9295	858854.8424	278411.0234	1088510.754
93.60000352	12340420.47	51321.12187	510962.4518	-580264.8866	892034.4851	931432.8419
93.70000936	12322899.87	51967.88976	609033.8239	-843370.6409	-717448.5302	879769.0428
93.80000696	12308087	47814.9411	707246.3655	772638.2745	-316569.4288	1141408.732
93.90000362	12293126.16	50977.04249	805316.9676	-484230.3644	964662.4504	913754.5137
94.00001168	12268185.91	51359.91261	901142.9626	-654525.6906	-906634.1508	865800.5759
94.10000341	12249086.69	48095.848	997951.1344	601508.9113	532696.4447	1163796.171
94.20000949	12222497.53	52656.41663	1092648.83	-1213795.655	-235283.2162	686543.4556
94.30000093	12196581.54	47731.36032	1187150.665	686723.0031	165739.3519	1225129.375
94.40000279	12166401.7	52476.09858	1280009.738	-1207271.514	-374918.3312	633980.8655
94.5000092	12138152.9	48551.11448	1373119.763	293957.1425	797123.3972	1130567.773
94.60000614	12101185.29	49699.49354	1462701.186	-195393.5652	-1022516.669	957225.687
94.70000036	12069297.68	52381.57821	1553662.56	-1290072.315	255215.3463	520171.6541
94.80000715	12034355.69	49264.83837	1643006.179	-115290.2498	1001964.672	991350.0665
94.90000813	11994101.76	47419.7327	1729513.325	559227.5058	89710.82454	1295845.888
95.00000321	11952537.69	47929.282	1814728.001	308841.8376	-691946.8908	1194079.654
95.10000115	11910548.43	48538.43686	1899043.025	16607.86763	-937343.2307	1058825.692
95.20000095	11867643.08	48267.19494	1982200.124	66506.16042	-898459.6868	1090113.353
95.3000029	11824081.86	47288.95546	2064304.788	390203.2592	-464209.7498	1277595.681
95.40000887	11780358.64	47365.86585	2145626.037	298096.5662	609487.2438	1240831.873
95.50000068	11733818.89	50510.82153	2224532.939	-993256.7442	893903.229	463009.7813
95.60000681	11682150.94	50064.72945	2299350.847	-880937.0355	-982901.5865	507793.6698
95.70000968	11635790.82	47043.09723	2376617.412	230564.2314	651415.7844	1233895.3
95.80000859	11583072.84	50500.20929	2448675.059	-1182838.554	-731459.8104	256631.0592
95.9000095	11534965.73	48232.06649	2522918.8	-369600.594	1090457.115	821156.9162
96.00000173	11480311.96	46394.41484	2591323.909	278085.7332	-486280.3529	1298537.54
96.10000277	11426564.75	48518.58112	2659171.576	-617762.9481	-1118194.652	606637.9982
96.20000635	11373572.07	49530.40889	2726376.472	-1081937.18	-884985.8988	214969.5258
96.30000127	11319564.94	49191.0223	2791472.444	-1021245.783	-949281.4802	236477.7401
96.40000551	11264932.29	47361.81588	2854690.085	-384116.1534	-1126712.776	763526.7517
96.50000227	11211934.51	45390.75207	2917954.187	302902.8752	91276.59557	1378375.287
96.60000585	11157968.19	48811.22284	2978965.368	-1092563.875	893513.4181	89095.17806
96.7000047	11100059.91	46280.094	3034659.147	-185255.1415	-1053950.094	924591.6574
96.80000129	11047003.78	48803.99697	3093395.068	-1232372.101	683765.3682	-117149.1602
96.90000501	10991620.85	45118.00243	3148149.549	111565.3063	697778.9798	1225013.338
97.00000377	10934731.38	44785.05812	3199505.777	169229.1199	-569058.6341	1283562.923
97.10000643	10879205	45069.45124	3250358.392	-10956.34507	-902025.3118	1089142
97.20000776	10824811.75	44355.93644	3300466.043	189175.3794	-490457.1767	1312884.014
97.30000664	10771793.69	44643.22985	3350115.566	5875.266613	876371.1399	1109927.523
97.40000415	10717059.96	47879.05924	3395658.284	-1290050.002	379848.0549	-437591.6447
97.50000581	10662219.91	44045.71343	3438727.07	99473.65165	-730011.2124	1207140.681
97.60000739	10610076.19	47557.50865	3482752.704	-1295403.325	166320.9893	-542464.3338
97.70000237	10558643.93	44540.79865	3525231.453	-223460.0013	1149474.697	792952.4252
97.80000412	10506001.78	43151.83101	3563595.46	238045.5686	187352.8356	1381388.151
97.90000238	10454895.28	42962.39269	3601272.016	247683.781	-70600.68696	1390564.018
98.00000439	10405611.95	43094.37105	3638650.026	136196.5279	672701.4667	1236496.358
98.10000676	10357041.91	45403.2033	3674166.323	-781725.832	1176185.44	-74111.62903
98.20000663	10307065.06	45395.24531	3704599.292	-824935.8648	-1132652.739	-191255.3086
98.30000606	10262107.83	43133.76205	3739183.69	-45315.268	1057313.645	938101.4776
98.40000528	10214496.58	43988.60182	3766586.528	-403362.1654	-1306967.781	359352.45
98.50000463	10171220.59	45881.11463	3797191.77	-1148747.819	64173.21688	-822350.4403
98.60000029	10128944.69	44889.8961	3825903.516	-830206.281	1083675.245	-369331.1442
98.70000102	10087319.95	44481.06368	3852075.249	-721009.0964	1192369.644	-241661.9864
98.80000422	10046667.53	45142.60216	3876088.729	-997016.2558	668603.2913	-747615.0245
98.90000323	10006754.33	44694.24767	3897411.99	-862901.8905	-951633.8648	-591433.2718
99.00000126	9969966.708	41439.3771	3919967.777	280537.8153	-453829.2735	1309708.947
99.10000201	9935396.937	44420.44646	3942311.164	-828565.052	957887.0595	-629231.5441
99.20000472	9900376.25	41393.94824	3959623.11	238216.0141	-734915.4046	1184547.373
99.30000159	9868473.01	44649.88996	3978136.121	-952832.7388	-374844.2183	-975500.6838
99.40000451	9839239.411	43049.87565	3997009.633	-405883.0517	1354392.776	-29650.60084
99.50000287	9810327.358	41147.04009	4011944.407	256008.4883	800964.3117	1137064.565
99.60000023	9783177.144	40719.67433	4025474.652	394944.486	72959.30784	1355985.174
99.70000172	9758349.77	40639.34929	4038592.087	411493.0236	1856.924582	1353022.558
99.80000333	9735859.044	40734.99949	4051293.575	366993.5	578325.1692	1237277.564
99.90000388	9715444.923	41839.42159	4063056.992	-29625.37678	1343631.363	440201.2026
100.0000042	9696219.852	43805.5448	4072112.211	-719177.703	756577.5414	-954135.1349
