0	12370000	0	0	-1000000	0	3000000
0.1000018573	12356570	-1939.141561	299549.8134	-226637.0857	-995725.8448	2992852.431
0.2000080884	12326965.12	-3868.016434	597882.5508	543775.3029	192297.3489	3109233.048
0.3000119012	12274233.29	1002.522393	892940.1925	-1351822.088	712481.9084	2768563.991
0.4000039456	12195532.87	-1355.064304	1181794.99	-413740.1083	-908540.1815	3000562.258
0.5000069746	12103977.95	2341.235725	1466453.091	-1849501.939	582819.3625	2497931.979
0.6000034124	11990259.15	-538.5770781	1742653.105	-709907.6936	878625.2294	2953650.076
0.7000036516	11857251.15	-513.7384148	2009488.955	-710972.7331	709489.0288	2998523.485
0.8000036785	11707947.05	2693.918858	2266793.294	-1957565.787	991598.2916	2276986.829
0.9000030994	11538660.83	1357.07124	2510385.365	-1432007.127	-1038631.922	2621182.809
1.00000425	11358802.76	4164.636081	2744982.222	-2520898.469	-758622.3186	1752016.862
1.10000371	11164536.06	2131.279203	2966477.513	-1733387.7	-1096361.66	2406939.59
1.200006993	10960831.47	4880.669845	3177893.017	-2792385.383	680317.6413	1318996.506
1.300002316	10743265.62	5432.216834	3373156.578	-3001776.132	200972.6453	974140.6711
1.400006065	10516998.69	1753.365211	3556019.979	-1618425.137	531573.1541	2664231.608
1.500002059	10282707.98	3731.689278	3725780.303	-2369649.474	1297502.988	1643547.19
1.600003985	10040024.46	2211.546772	3880022.785	-1827528.59	581981.8917	2514246.672
1.70000393	9791118.239	5449.778449	4019786.465	-3001399.319	-900558.0493	424967.4404
1.800000067	9538792.714	2458.973773	4148336.912	-1965105.633	-465354.6528	2433475.888
1.900005112	9283334.828	3270.333512	4264891.644	-2263631.734	1239791.353	1827262.645
2.000001896	9024538.473	5089.322015	4366527.661	-2860696.121	1327948.752	230151.7298
2.100004334	8763675.082	5711.334644	4453345.917	-3034359.48	-716357.976	-528671.7267
2.200000429	8503389.133	2747.139566	4530354.464	-2173308.432	-148180.7377	2292329.149
2.300000483	8243368.607	4856.637498	4593642.34	-2739482.697	-1577963.039	-72575.49372
2.400000163	7985433.601	3807.956757	4646626.668	-2468481.318	-1699649.99	1008855.736
2.500001553	7730539.739	5538.756581	4690311.985	-2793341.532	430077.8807	-1418547.18
2.600001098	7479033.869	3586.322816	4720465.669	-2402254.433	-1746194.442	1086268.202
2.700002485	7232738.865	2836.217529	4743792.55	-2296052.819	326763.9856	2149736.437
2.800002271	6992299.485	3945.280979	4757718.204	-2367416.166	2085523.695	214316.6183
2.900000781	6758831.244	4756.734286	4760323.355	-2300108.406	-1572356.715	-1495725.804
3.000000438	6533534.757	4578.704583	4759303.018	-2169288.956	1754921.572	-1488098.015
3.10000171	6317589.9	4685.797896	4748574.132	-1996909.981	-1319001.241	-2067023.525
3.200000681	6111974.057	4748.250463	4734465.237	-1790731.511	163443.8375	-2601262.533
3.300000141	5917898.985	3195.620007	4716009.59	-2001025.714	2289097.694	869441.1077
3.400001383	5736932.079	3409.190299	4691455.711	-1794855.78	-2599875.029	138356.6422
3.500000327	5569454.853	3963.417632	4668227.518	-1375899.608	2322346.383	-1647303.113
3.60000107	5417632.34	2722.983608	4640771.452	-1818632.471	-1840116.038	1818391.846
3.700000916	5281663.312	3944.2008	4615997.068	-890083.4564	2130379.35	-2160841.332
3.800000325	5163641.814	3801.97625	4589901.224	-721489.5758	-2395385.037	-1934317.274
3.900000578	5063674.588	4093.038308	4568065.755	-222086.9154	-258847.5389	-3143831.318
4.000000283	4983364.384	3737.508172	4548386.873	-248811.1749	-2404485.291	-2038760.281
4.10000056	4923078.079	3755.874692	4533500.769	21015.30473	-2284698.234	-2186255.323
4.200000728	4883446.059	2383.422507	4523948.225	-1072797.38	-250415.5939	2964185.86
4.300000784	4864944.982	2749.980189	4519915.467	-518248.7699	2634840.043	1670040.766
4.400000001	4868232.845	3992.645186	4519855.106	904573.4629	-837815.9791	-2912011.545
4.500000591	4892641.984	4034.494589	4526174.094	1107373.646	-768591.413	-2860592.744
4.60000024	4938167.955	4061.653429	4537604.19	1264277.121	-1106439.29	-2679066.154
4.700000301	5004152.612	2584.608671	4554398.251	96117.25523	1132778.671	2950859.867
4.800001085	5090400.549	4182.674152	4573875.385	1547808.216	-1422879.11	-2362139.87
4.900000291	5195713.558	3635.212925	4596645.373	1222508.466	-2914325.967	-110350.3873
5.000000222	5318766.489	3519.574016	4623595.886	1247904.151	2837925.597	623629.323
5.100000067	5459569.624	3085.988613	4648255.748	1135775.016	-1893012.842	2264181.418
5.20000095	5616048.503	4732.306843	4674315.639	2005749.304	-1252748.002	-2099426.63
5.30000107	5787203.464	4266.409228	4700139.189	1857765.513	2535168.707	-348750.5205
5.40000115	5972283.628	3224.879462	4721275.637	1658627.177	612733.3554	2621738.683
5.500000002	6169771.752	3479.1094	4738606.786	1870905.988	-1217009.237	2240223.047
5.600001759	6378404.077	3514.325593	4752677.604	2026851.49	508199.7113	2373521.875
5.70000098	6597191.247	5902.335168	4759661.976	2276232.724	-503693.014	-2136599.62
5.800000916	6824902.782	6058.027616	4760064.457	2294832.352	-1019667.906	-1921983.829
5.900001877	7060516.912	5831.936852	4754767.661	2344501.084	1826832.546	-1079813.649
6.000002304	7302725.279	4283.208591	4737861.925	2606398.246	-611021.2035	1683253.182
6.100000504	7550596.02	6803.569377	4712765.834	2332978.613	-1209835.971	-1758837.035
6.200001691	7803285.716	7415.027583	4679328.466	2267691.409	383826.6903	-2170311.67
6.300000114	8059086.335	7039.876291	4632683.476	2415569.895	-1550255.582	-1327301.665
6.400001748	8318195.972	7679.06087	4578783.12	2329327.433	1262192.866	-1726587.061
6.500002256	8577616.833	7618.421575	4508450.44	2430779.795	-1499227.41	-1357802.181
6.600000458	8837985.113	7353.702934	4428326.287	2606148.256	-1571240.768	-859763.7566
6.700001361	9097813.451	8486.192764	4335987.819	2348850.854	-1350942.04	-1630293.002
6.800001604	9356211.977	9715.003988	4231418.395	2033096.343	-578746.8997	-2351929.269
6.900002672	9611748.841	10322.38278	4113404.661	1912207.417	-134542.6198	-2515027.053
7.00000504	9862645.574	10357.99928	3980607.369	1992624.993	-901994.8313	-2283823.759
7.100004495	10109237.15	7611.558954	3835692.552	3094541.431	-452683.9345	-467857.4444
7.200001008	10349136.26	11655.7828	3676444.874	1711112.371	-586291.8654	-2593907.535
7.30000017	10581674.71	12183.24432	3503687.394	1611023.722	-598323.3194	-2654545.493
7.400002888	10806399.52	8830.994503	3318337.939	2986796.76	153643.7946	-1027345.461
7.500002314	11019730.99	9407.201883	3117963.584	2876566.489	-354728.78	-1264726.345
7.600008839	11223638.64	14028.36337	2906239.998	1195198.004	507571.2219	-2883378.779
7.700007969	11413088.83	14893.33864	2680046.849	953586.4663	-557.1237629	-3015074.218
7.800004698	11591314.42	12743.57107	2443630.585	1881302.236	1080629.437	-2300639.459
7.900009977	11749349.28	15614.01561	2192296.983	849725.8659	-719025.1289	-2959893.379
8.00000599	11893494.47	14572.56286	1932130.354	1339043.931	-1052806.648	-2664312.203
8.100001772	12021317.1	16713.86815	1662904.252	575613.5162	-799558.5326	-3004891.884
8.200010214	12133875.53	17157.01555	1386142.311	469244.4451	873978.2943	-3002660.752
8.30000671	12219551.3	14659.32862	1099492.315	1508300.122	-690970.8462	-2692134.847
8.400008133	12292510.92	17843.91161	808992.5063	308714.6427	975918.5136	-2992035.816
8.50000128	12336318.05	19642.60387	512468.8504	-357784.8969	-676895.3204	-3068192.089
8.600000508	12362786.75	16472.22403	213886.1615	913213.6582	-646868.4067	-2957634.541
8.700003006	12370976.34	17266.16708	-85964.13471	616372.6468	739756.9256	-3012116.275
8.800000936	12353645.34	21460.4156	-385475.2241	-1026624.673	669875.1604	-2915014.417
8.900003046	12310927.56	21137.16587	-682219.2924	-912383.1525	-909033.0481	-2888116.324
9.000008221	12253975.06	18167.71944	-976333.0051	225712.0209	339640.5117	-3135872.83
9.100000633	12171965.96	23382.93458	-1264148.16	-1860208.326	-220895.3773	-2547710.78
9.20000824	12073815.19	20024.23178	-1546588.202	-599353.4921	887268.3276	-2975488.247
9.300003446	11951833.63	19224.46206	-1819008.659	-356575.9362	-199498.3543	-3135770.082
9.400002725	11814577.85	19451.4912	-2083321.474	-530972.0178	-42815.72032	-3117087.668
9.500004549	11662173.2	22336.80988	-2338521.378	-1757018.88	1079847.246	-2397251.464
9.600008476	11488681.4	20761.07101	-2578871.386	-1253509.261	-902799.4438	-2759287.535
9.70000434	11304044.51	21947.98425	-2809345.057	-1837993.719	-1135138.83	-2309380.637
9.80000592	11108813.87	20094.75157	-3029688.879	-1258355.815	444206.3651	-2866918.441
9.900002272	10897507.9	21470.3898	-3232956.663	-1931481.931	-1156792.779	-2220632.346
10.00000022	10679139.13	19830.697	-3426598.302	-1463470.11	57828.62224	-2802661.429
10.10000225	10448819.22	21544.61384	-3603457.622	-2269255.205	-1266576.56	-1801739.336
10.2000041	10213682.51	20050.97212	-3771095.232	-1882580.274	890447.2083	-2379704.873
10.30000539	9969878.326	20015.94173	-3922505.095	-2042621.825	1050450.328	-2173534.032
10.40000164	9719272.954	19384.64005	-4057944.948	-1989812.704	-804558.53	-2322354.619
10.50000477	9466043.451	22279.08659	-4183270.196	-3154533.643	181958.6507	125732.0395
10.60000012	9208709.851	18504.27048	-4293546.958	-2043939.772	-411814.1937	-2377544.8
10.70000096	8949868.4	21206.87268	-4392601.587	-3061726.678	686388.9402	393319.1713
10.80000025	8689256.591	17719.26936	-4477086.446	-2138956.858	-95509.91147	-2327174.556
10.90000276	8428517.293	18756.83122	-4548683.564	-2571715.048	-1671661.908	-769303.6971
11.00000175	8169297.435	17512.89633	-4610144.822	-2366544.386	-1401193.875	-1560808.571
11.10000217	7912397.404	19021.4373	-4661955.528	-2803632.088	1106196.31	957066.7886
11.20000247	7658029.056	18762.95231	-4699862.221	-2767628.402	-329077.8136	1493968.146
11.30000253	7408097.336	17985.78583	-4729673.703	-2629197.245	1158891.633	1320716.483
11.40000246	7163256.121	15793.99601	-4749241.027	-2357739.344	1726611.533	-1208254.03
11.50000181	6924627.117	14769.74923	-4758509.802	-2293614.817	-242420.1508	-2163461.01
11.60000148	6693426.552	14347.279	-4761278.866	-2284437.535	327671.7824	-2161938.101
11.70000051	6470678.176	16099.38348	-4756714.682	-2102321.24	633440.7361	2275741.25
11.80000162	6257525.92	15570.61892	-4745877.93	-1936738.943	906679.0236	2329586.962
11.90000129	6055114.936	13397.02348	-4729988.403	-2138203.248	1685701.731	-1608258.854
12.00000127	5864823.993	14413.80491	-4708176.988	-1630326.26	-1893701.028	1938022.885
12.10000107	5687364.231	12492.11587	-4685848.787	-2048469.581	1142617.521	-2120895.466
12.20000047	5524413.91	13933.99312	-4660081.921	-1103458.377	155538.8932	2959423.468
12.30000116	5377034.064	11995.13224	-4633282.736	-1788290.443	-1825239.721	-1862932.434
12.40000068	5245911.321	12073.01814	-4608885.119	-1446078.54	2693956.07	-807129.2017
12.50000007	5132777.817	12085.99406	-4584704.848	-1097130.31	2965856.548	147.9479798
12.60000009	5038779.114	11764.21634	-4561484.555	-995666.2917	-2965742.571	-461540.504
12.70000021	4963835.643	12616.49223	-4544313.822	91235.91379	139038.8405	3157901.868
12.80000078	4909553.732	10952.14581	-4530323.352	-1126253.722	-1399010.487	-2602752.814
12.90000016	4876084.044	12340.79531	-4521740.876	480269.4852	-1418118.799	2785368.969
13.00000041	4863942.902	11061.91855	-4518348.283	-548214.3563	-2332995.209	-2063151.564
13.1000001	4872789.436	11415.46531	-4522063.196	-32986.89135	3026147.236	-917248.4773
13.20000058	4903500.449	10928.19777	-4529049.416	-356020.1909	-406806.878	-3115727.489
13.30000038	4955069.103	12490.16239	-4541546.832	1177940.654	-2060464.794	2089722.625
13.40000084	5026962.801	12760.63011	-4559051.345	1406306.954	-1702376.103	2263673.2
13.50000024	5118475.479	13145.34837	-4580806.18	1652507.58	572429.4715	2634680.853
13.60000095	5229162.628	11930.35193	-4604001.783	748244.1759	-1890931.226	-2421674.989
13.7000003	5357546.162	13697.31671	-4629715.954	1827862.023	-1465935.649	2123665.015
13.80000006	5502588.719	14052.1355	-4656901.369	1900897.407	1634642.57	1927312.304
13.90000003	5663428.503	13665.81809	-4682893.69	1652650.906	2664571.532	-410857.0686
14.00000029	5838872.4	13371.90475	-4706325.501	1559612.69	1481552.797	-2317889.032
14.10000123	6027598.824	13657.49951	-4726753.056	1708425.248	269446.3074	-2647391.52
14.20000149	6228336.168	14312.70863	-4744058.756	1920383.852	1299265.799	-2150356.771
14.30000058	6440043.167	16814.56208	-4755597.835	2253751.486	793538.1766	2071449.106
14.40000127	6661504.245	16192.11457	-4761993.59	2250387.537	2192070.781	-361360.7974
14.50000027	6891573.809	17989.38605	-4758790.834	2303983.365	-1176111.788	1818906.736
14.60000023	7129114.573	17904.81321	-4748944.86	2391337.169	-1991798.03	560577.5191
14.70000242	7373087.19	18235.24476	-4730882.596	2486087.825	-1952050.626	94157.73846
14.8000006	7622460.935	17995.2254	-4703886.328	2703878.612	-1212741.812	-1103765.259
14.90000303	7876472.988	19818.4529	-4668613.273	2535809.245	1819235.176	509955.7322
15.00000029	8133184.884	19046.55808	-4619127.185	2935655.93	176182.3157	-1162275.377
15.10000048	8392627.614	21770.58656	-4560866.828	2459849.248	1593102.804	1187924.718
15.20000024	8653023.448	22067.2662	-4489699.344	2598703.677	1624641.465	779281.2784
15.30000026	8912921.595	21245.66068	-4404463.642	3105263.574	-205684.5089	-561277.1327
15.40000268	9172106.566	25084.69513	-4307652.035	2133732.587	-849173.8255	2173957.005
15.50000008	9430610.889	24070.90574	-4201023.607	2714335.316	1407923.702	806309.2707
15.60000267	9683789.254	23879.63604	-4076270.432	3055845.522	-772751.3564	254290.167
15.70000614	9933406.976	25943.01367	-3939821.653	2593337.546	-1328371.652	1228832.425
15.80000241	10178369.54	25583.23659	-3791133.745	2991404.045	-771657.6335	675312.0291
15.90000531	10418039.45	29165.84886	-3630457.385	1921248.396	1062596.719	2275893.849
16.00000702	10648521.58	28084.93235	-3453932.842	2582534.32	1132824.052	1430813.108
16.10000071	10868802.99	31936.01702	-3262635.423	1368018.308	245522.0073	2840465.605
16.2000051	11080964.55	30978.13389	-3060324.548	1972777.018	1175473.575	2174031.442
16.30000098	11277503.09	33313.03453	-2841299.969	1304810.639	-777518.7462	2773613.851
16.40000896	11464084.85	34562.34023	-2612477.146	1037723.215	-572836.3414	2931721.176
16.5000004	11639051.82	32914.0654	-2373374.245	1884613.024	1063572.772	2305872.223
16.60000872	11793538.39	36775.04023	-2119552.148	569930.4598	-172696.1717	3105697.233
16.70000726	11932811.63	37404.21725	-1856439.765	497992.6987	-526762.5971	3078071.545
16.80000143	12057215.27	38338.38712	-1585271.656	287152.6112	510672.7549	3107532.255
16.90000105	12160465.82	34778.92302	-1304725.547	1817759.783	443428.3161	2549337.306
17.00000013	12241963.55	40105.11113	-1016807.698	-156988.3664	-424730.743	3129689.833
17.10001167	12305306.45	36158.42553	-724038.9188	1480211.157	-264637.9695	2781895.339
17.20001051	12350285.03	39484.47747	-427596.1695	239610.5915	1006690.735	2988170.097
17.30001034	12367658.53	42485.03721	-128123.3063	-899615.8788	-111953.0753	3029547.455
17.40000983	12363829.68	40338.31545	171694.9839	-47576.94894	-992292.0022	3002181.376
17.50000648	12343393.05	38531.41487	470810.1825	642924.1818	159140.0866	3092138.892
17.60000754	12300204.8	42810.75804	767511.1478	-1081891.569	858199.7575	2844820.523
17.70001021	12229670.14	41971.47	1058636.011	-828186.1684	-1012065.813	2879206.568
17.80000266	12147960.46	42195.28988	1346474.993	-1019952.687	1027668.714	2811333.052
17.90000683	12038549.19	39966.84943	1624599.134	-278185.8715	-417944.549	3122168.313
18.00000688	11912532.19	41532.46203	1894820.811	-1050295.234	-1006591.674	2807784.38
18.10000723	11770776.98	40381.12102	2156422.258	-785294.0066	-671870.6618	2988628.973
18.20000046	11614954.67	42142.38803	2409233.782	-1684073.826	1094539.305	2442514.904
18.30000599	11437865.24	39884.064	2646656.705	-1035949.152	-533905.7759	2939686.034
18.40000017	11249806.43	39512.41335	2874061.266	-1147313.888	-421568.0047	2916496.402
18.5000055	11050565.29	42557.50352	3090447.117	-2594924.702	910077.4201	1561449.609
18.60000533	10838295.5	40364.00635	3292386.076	-2039567.756	1184229.668	2106599.977
18.7000062	10613641.52	41954.04612	3478222.708	-2935560.567	-646573.559	982052.3347
18.80000379	10382777.9	41584.6073	3653622.684	-3096773.14	-62969.98594	637205.5385
18.90000026	10144031.89	37083.60887	3815153.555	-1748469.727	375644.2547	2608015.531
19.00000461	9899099.528	38495.29223	3963644.965	-2586115.547	1340188.777	1231219.079
19.10000187	9648239.35	37562.99156	4097420.168	-2570745.422	1398518.415	1198087.734
19.20000039	9392943.54	35147.29057	4216972.936	-2057676.311	730328.6505	2287485.139
19.30000097	9134245.726	34947.70183	4321988.751	-2302771.139	-1302568.502	1732212.567
19.40000059	8874759.289	36212.05059	4416627.558	-2987263.3	-1001746.523	-269744.1014
19.50000139	8614604.174	35631.05239	4499245.386	-3057197.199	-80985.6646	-804354.7796
19.60000157	8354154.762	34108.32174	4567716.642	-2845128.612	-1322342.05	-395796.2664
19.70000269	8095783.779	31284.85777	4627769.159	-2354359.799	1311531.802	1654350.106
19.80000019	7839217.111	30294.65096	4674279.142	-2340874.319	1231725.786	1732962.496
19.9000019	7585788.755	30526.50212	4708028.651	-2525902.426	-1898343.995	126913.3907
20.00000256	7337380.524	28604.01314	4736306.154	-2351247.294	1442324.163	1546394.895
20.10000142	7094159.923	29787.67294	4752293.904	-2504521.676	414096.7009	-1885708.115
20.2000002	6857579.631	26694.64432	4759466.513	-2293532.026	-1202376.191	1814938.661
20.30000024	6628703.049	27675.48771	4759692.326	-2216787.265	-1480780.452	-1700924.301
20.40000179	6408639.635	25899.24788	4752769.292	-2151542.697	-2316624.972	64130.81614
20.50000123	6198416.022	26228.89673	4741314.056	-1870264.572	-33040.16377	-2549709.548
20.60000136	5999355.469	23384.66351	4723719.741	-2181083.37	-280415.1479	2272497.014
20.70000023	5812425.343	24117.85366	4703325.118	-1665032.833	2305493.554	-1382882.907
20.80000076	5639290.762	23720.49438	4677691.421	-1352666.536	-1762207.743	-2250537.072
20.90000099	5480624.763	21674.02411	4651979.967	-1865881.486	-1774365.778	1835786.58
21.00000045	5337555.506	21209.06243	4627020.67	-1725751.934	2061710.499	1664671.163
21.1000002	5211618.611	21260.04421	4601795.297	-1232618.955	2912145.99	-7499.66135
21.20000091	5103920.477	20078.31972	4577535.123	-1636081.549	569336.7095	2645579.875
21.30000058	5014925.621	20495.97199	4557528.061	-864343.6655	3041076.811	69006.22397
21.400001	4946115.48	21122.78053	4539974.081	156861.8825	281180.1061	-3145843.623
21.50000032	4897512.185	20475.7826	4528392.524	-53553.24752	2825773.442	-1418497.975
21.60000033	4870092.718	19850.04998	4521383.939	-354152.2711	3079474.538	625629.8737
21.70000074	4864309.017	20718.64237	4518650.403	743565.3	-1574950.918	-2639439.382
21.80000002	4879705.311	19758.22968	4522301.937	-61405.20171	-2856248.407	1355756.04
21.9000001	4915878.498	20638.0509	4533059.378	808104.6031	2785245.28	-1260704.438
22.00000082	4973486.299	21325.36819	4546452.211	1392272.451	-719342.4785	-2746656.845
22.10000032	5051149.029	20053.65115	4564992.649	216086.1155	-840967.3565	3040736.867
22.20000046	5148095.141	20817.8763	4587961.918	710817.5967	2498879.285	1802870.119
22.30000093	5264166.878	21404.99638	4610988.284	1009022.327	-2607110.022	1478124.242
22.40000107	5397506.573	22602.37963	4636806.273	1565007.069	-2706874.25	-472847.4014
22.50000021	5547305.041	23440.7995	4662983.262	1790702.671	-2413951.887	-982965.0215
22.60000069	5712438.806	24248.994	4688196.634	1933500.034	-2210550.8	-1172622.18
22.70000013	5891724.083	25001.03599	4711227.172	2015329.589	-2204154.145	-1039303.207
22.80000156	6083972.219	25268.38252	4730895.411	1978014.201	-2441791.325	353715.9084
22.90000003	6287876.314	25194.6311	4747689.901	1951406.221	623950.5705	2408879.293
23.00000069	6502516.654	27875.82897	4756620.448	2248219.008	-1772899.302	-1342512.33
23.10000111	6726528.596	28411.78837	4760071.828	2293495.399	-2129865.044	-451169.3104
23.20000003	6958880.069	30285.08339	4758190.731	2297605.968	966451.1925	-1946016.164
23.30000088	7198382.893	29118.21836	4745437.395	2553678.2	-784915.6576	1691932.346
23.40000156	7444130.909	32516.47892	4725986.039	2310231.91	1007027.978	-1910163.127
23.50000273	7694809.298	31179.36659	4695260.984	2782746.274	279207.0856	1475929.056
23.60000082	7949351.635	32479.4453	4653825.714	2839942.909	-897716.8898	1062463.486
23.70000056	8207444.711	34802.10428	4604561.559	2606176.219	1733276.26	-451219.3738
23.80000034	8466984.467	35078.37562	4541367.385	2886549.527	1223722.341	412717.1695
23.90000006	8726664.99	37708.00738	4464053.269	2511953.288	-1551422.29	-1132775.158
24.00000012	8987756.628	37395.22185	4379483.568	2984910.346	1032438.015	156147.2755
24.10000297	9246641.515	41486.80694	4279282.397	2057519.357	601780.5643	-2324752.514
24.20000464	9502321.439	40913.12198	4164227.359	2656093.426	-1404750.132	-985821.8797
24.30000037	9757127.921	42249.95906	4041295.452	2594900.701	1388364.765	-1157122.999
24.40000619	10004266.8	42443.4654	3898920.642	2956640.648	-922917.9607	-637572.3629
24.50000185	10246791.9	44526.42905	3745274.794	2617125.69	-1229621.677	-1280110.797
24.60000473	10484273.6	44558.90421	3580549.643	3016621.788	503429.1442	-804084.6259
24.70000391	10710257.87	47894.9102	3397820.519	2170108.775	-1209872.284	-1956230.293
24.80000432	10928956.23	47473.36681	3204305.807	2723871.64	-815994.1883	-1383718.459
24.90000315	11137215.38	52403.18873	2997735.122	1204246.175	-294427.0461	-2909141.431
25.00000384	11331654.68	51093.14372	2776541.891	2071338.739	-1099606.624	-2121419.596
25.10000559	11514293.74	54188.62426	2544292.15	1206913.92	-864689.1867	-2792072.957
25.20000827	11685386.81	52923.25772	2302083.88	2013377.321	981420.6616	-2232291.479
25.30000922	11836722.87	57206.66594	2046111.197	630669.7961	551662.3681	-3049249.783
25.40000152	11971926.48	58273.84809	1780546.792	473460.7296	599856.1303	-3068551.378
25.50000968	12089720.1	56338.04338	1506088.386	1461050.783	958069.7418	-2635798.357
25.60000435	12183047.58	57742.3445	1222045.338	1107838.037	-985043.8854	-2793274.678
25.70000676	12265539.06	59279.38206	934243.6422	663361.0009	1021568.598	-2918278.565
25.80000386	12318434.68	62044.37584	639284.477	-299822.612	-636148.8485	-3083086.286
25.90000184	12354165.93	58807.29871	341714.2362	1050668.195	-589588.141	-2923778.748
26.00000843	12371699.81	59996.71914	42258.22607	623064.9151	811406.9122	-2992224.747
26.10000188	12363379.16	64059.03303	-257650.0758	-973089.5889	622703.0385	-2943694.546
26.20000492	12330053.14	63735.44739	-555653.6684	-892760.4239	-871496.1219	-2905765.533
26.30000691	12281302.03	60279.52294	-851292.9706	373198.6205	28571.72866	-3140048.797
26.40000958	12210248.44	65285.71336	-1142208.515	-1722206.962	405067.7384	-2621053.854
26.5000004	12117031.19	60580.07327	-1426412.81	-51790.8753	-30163.77615	-3161709.641
26.60000058	12003294.13	63431.38275	-1702466.815	-1383890.379	-1029358.444	-2650522.328
26.70000841	11873729.6	64228.74291	-1970810.677	-1949923.73	-854389.6443	-2338336.114
26.80000192	11726212.29	61563.34967	-2228947.239	-1198348.269	-1000662.709	-2750024.649
26.90000643	11566409.22	62154.88345	-2479019.238	-1758248.755	1096636.049	-2388713.187
27.00000939	11386322.39	59250.17995	-2713874.601	-986147.8549	153805.2723	-3000642.656
27.10000474	11195318.19	59539.3798	-2938594.54	-1489242.189	931019.6178	-2629707.241
27.20000771	10988149.06	60843.52562	-3146899.456	-2398249.658	-1112960.788	-1734853.557
27.30000688	10772770.82	59946.13381	-3344631.675	-2484278.019	-1148390.585	-1584159.648
27.40000456	10549994.92	57753.06256	-3532007.269	-2109641.502	1202927.623	-2025432.76
27.50000582	10316059.39	57868.53018	-3702736.93	-2614033.984	1212465.374	-1302595.121
27.60000602	10074128.06	54267.58172	-3858592.37	-1759727.031	248617.3322	-2615635.716
27.70000197	9826968.376	56803.37767	-4002058.317	-3145042.135	272100.4556	-186202.3452
27.80000166	9574020.537	54495.70792	-4130156.065	-2783332.255	-1317428.947	-719334.7822
27.90000363	9318247.868	52348.18964	-4246610.765	-2507212.306	-1478061.677	-1236616.404
28.00000255	9059917.386	50713.5945	-4350149.359	-2420996.641	-1463671.523	-1412954.683
28.10000366	8800136.194	48705.20707	-4441252.849	-2233906.917	-1062378.318	-1970028.476
28.20000203	8540270.406	47465.87872	-4521501.778	-2298501.986	1144630.23	-1845727.569
28.30000027	8279802.747	48195.74486	-4585502.785	-2841775.087	-1294991.526	497304.0313
28.40000147	8021683.361	47230.8227	-4640809.348	-2889549.514	-474583.777	1193848.335
28.50000166	7766099.771	43109.12664	-4684526.332	-2266338.485	-266355.3545	-2189238.383
28.60000167	7514268.447	41989.33109	-4718487.193	-2320297.339	992045.3303	-1905798.08
28.70000235	7267019.444	40516.38798	-4741244.004	-2296445.179	279295.7061	-2155999.409
28.80000078	7025619.677	39308.16719	-4754777.28	-2296569.993	-727243.5587	-2048629.56
28.90000102	6791157.951	37998.13069	-4761101.029	-2290470.293	208563.1487	-2170310.404
29.00000002	6564644.496	38860.4475	-4759860.614	-2184239.037	1239090.493	1921914.3
29.10000054	6347230.596	36910.25975	-4751912.053	-2114462.622	2288394.789	540645.0868
29.20000138	6140258.68	35290.38822	-4735764.829	-2053336.071	-2362165.12	-451649.1212
29.30000015	5944445.279	33575.05724	-4718539.342	-2142768.666	1197807.283	-1993439.279
29.40000038	5761294.054	33488.10254	-4696735.847	-1759437.018	2600123.718	379127.9864
29.50000057	5592074.946	33252.78216	-4671586.781	-1284699.101	1556237.91	2434681.045
29.60000097	5437928.564	32511.11595	-4644877.528	-978048.8337	-560507.8507	2954530.661
29.70000076	5299905.095	31535.53349	-4618434.27	-846664.6076	-1782226.089	2471199.954
29.80000091	5178984.327	31021.66136	-4593928.587	-496793.2214	-104995.8378	3121245.324
29.90000008	5076469.079	28743.11872	-4571231.451	-1602245.721	398986.2155	-2696964.711
30.00000045	4993418.185	28610.53666	-4550834.945	-1159128.947	-2441704.436	-1641493.08
30.10000096	4930220.307	29401.81011	-4535404.526	71368.80886	-1961970.589	2479027.612
30.20000037	4887830.991	28265.89294	-4524375.213	-563221.9338	-2968532.332	-933057.7942
30.30000066	4866449.78	27791.86869	-4519120.286	-722865.2476	-1947469.364	-2384287.926
30.40000051	4866171.204	28629.92664	-4520372.777	273687.3316	3076229.595	679637.1984
30.50000082	4887638.905	29158.69242	-4525708.675	860908.5819	2230089.722	2070153.677
30.60000099	4930415.961	29603.45803	-4535647.625	1232098.68	-1240005.224	2635207.75
30.70000032	4993412.239	29552.46381	-4552303.867	988708.445	2851535.885	944033.2127
30.80000004	5076775.64	29184.32359	-4571832.135	467218.1404	2249971.525	-2172403.127
30.9000007	5179630.646	30925.85291	-4593418.692	1530017.429	-2255265.456	1604002.616
31.00000107	5300417.987	31979.08617	-4618947.224	1851498.67	-462212.8491	2521569.344
31.10000008	5438648.412	32720.92656	-4644708.7	1893386.112	-1439001.26	2084313.893
31.20000018	5593041.362	33148.5597	-4670273.19	1757626.724	-2577261.818	518140.733
31.30000129	5762344.644	33415.50136	-4695041.169	1604300.574	-2255509.738	-1529344.791
31.40000007	5945362.638	34003.70111	-4718141.09	1623194.456	-17658.52753	-2713840.072
31.50000101	6141009.381	36368.94986	-4737884.876	2032732.751	2413391.415	208661.0687
31.60000013	6348314.142	37313.49719	-4749817.401	2120481.031	-2301144.364	-456393.2664
31.70000017	6565688.528	39558.26948	-4758405.999	2266662.929	-1670347.686	1439506.086
31.80000159	6792211.516	39027.86946	-4761077.845	2323666.786	208044.5706	-2134781.048
31.90000167	7026746.652	40564.50983	-4755718.241	2451863.502	971926.3428	-1744627.339
32.00000146	7268116.193	41882.10215	-4740875.505	2596981.355	-136673.7678	-1799168.731
32.10000279	7515258.139	43558.79311	-4716994.224	2688285.927	-961549.6111	-1359610.651
32.20000254	7767310.302	44915.26199	-4684679.877	2811878.644	207749.8537	-1431844.436
32.30000273	8023013.658	49266.88483	-4641424.162	2255055.652	611862.2369	2130809.38
32.40000228	8281511.522	50408.40982	-4587519.952	2366479.077	1426395.565	1537911.724
32.50000194	8540827.438	50331.31152	-4518907.084	2869960.973	-1311460.743	-208314.0254
32.60000299	8801909.175	51558.33151	-4442655.912	3019735.485	821460.5069	-454312.9279
32.70000353	9062158.21	53803.22485	-4352528.953	2861440.873	1325926.045	232543.009
32.80000274	9320733.802	55788.85243	-4249176.941	2766459.803	1398048.701	626226.7838
32.90000137	9576656.121	58356.87651	-4132667.396	2453129.663	1427758.928	1394151.82
33.00000578	9827991.781	61706.73638	-4001240.081	1839341.355	144194.645	2568273.989
33.1000063	10074556.86	59925.89162	-3856766.508	3053805.445	-637414.0116	517663.6744
33.2000059	10315182.69	64532.03988	-3699149.556	1929772.995	-1000521.823	2296722.071
33.30000712	10548584.19	65233.93962	-3528016.341	2224098.054	-1229139.731	1882180.482
33.40000268	10776410.96	66692.00596	-3346804.258	2209309.899	1233613.853	1896614.518
33.50000398	10991984.79	68345.45968	-3148922.126	2108426.656	1200718.325	2028007.036
33.6000046	11193275.52	69507.46229	-2934921.394	2178463.909	-1109909.065	2005591.4
33.70000356	11385973.7	69654.77796	-2711846.911	2605193.172	-572537.8226	1698578.517
33.80000237	11563568.58	74160.72235	-2475374.821	1307150.958	-969404.0513	2711385.653
33.90000359	11730079.37	72858.25785	-2229744.358	2231357.884	746920.4379	2112617.299
34.0000073	11878087.02	76497.02181	-1971562.504	1190984.537	1052155.652	2733957.629
34.10000717	12008122.51	76704.85922	-1703126.112	1450431.707	1023415.729	2617034.22
34.20000555	12116546.35	76300.81793	-1424782.307	1906726.986	-405203.9986	2490020.466
34.30000323	12209676.19	82200.09932	-1140631.13	-158753.5077	52398.13293	3157855.564
34.40000641	12280296.37	78487.44154	-849648.6171	1494580.606	-453108.4632	2749712.991
34.50000759	12334830.76	81792.71256	-554902.5823	341855.3081	1010860.353	2976792.955
34.60000459	12361250.16	84908.91381	-256150.6545	-791236.0632	-199953.1776	3055153.715
34.70000555	12366997.22	82597.20694	43628.71979	147894.4377	-978409.1286	3003471.793
34.80000825	12355889.57	81043.89188	343288.6612	731911.6118	187139.9914	3070713.926
34.90000855	12321965.59	84924.90162	641270.8355	-872983.1557	919586.2063	2896940.044
35.00000938	12260425.62	85178.93903	934544.8007	-1113028.665	-907415.3476	2817403.872
35.10001162	12186649.88	82512.04556	1224682.612	-265081.4006	794174.5566	3049429.229
35.20000716	12084650.34	84005.62692	1505713.344	-1101971.822	-1037104.409	2776701.739
35.30000558	11969609.87	86032.27055	1781053.642	-2201911.151	-167137.5079	2263548.616
35.4000035	11834621.91	85548.30933	2046626.094	-2367849.774	-112161.0783	2093013.937
35.50000321	11680733.35	82450.01146	2300865.592	-1558732.23	-1093343.446	2524867.114
35.60000764	11516562.16	82355.15066	2547801.853	-1974102.653	1067938.855	2227650.179
35.70000416	11333704.96	79610.78646	2780184.98	-1397158.051	921176.6929	2683166.577
35.80000242	11137518.03	81593.32831	3000043.628	-2687291.309	705818.0613	1510061.682
35.90000621	10929353.02	76739.11789	3206909.63	-1376859.199	438152.3399	2812877.757
36.00000521	10711659.46	76876.13136	3401805.511	-2017794.59	1165113.029	2137993.597
36.10000482	10481721.4	74618.59542	3579631.224	-1763856.603	-875149.125	2474454.262
36.20000677	10247418.06	73476.46772	3748879.495	-1970895.473	1031172.272	2247722.131
36.30000374	10004052.93	71408.27642	3901456.416	-1846189.184	577313.6843	2501658.331
36.40000296	9754103.895	71801.38186	4038697.138	-2607273.423	-1387869.629	1129576.553
36.50000493	9502393.439	69106.57784	4167828.737	-2304349.87	1288357.049	1740720.48
36.6000049	9244912.571	69829.20855	4278890.617	-3137599.779	-260613.9488	-295885.1049
36.7000004	8985584.909	65417.69425	4377621.709	-2283882.394	-1265391.434	1784002.727
36.80000126	8726248.669	64649.57951	4467432.526	-2627319.581	1581344.044	772361.8536
36.90000114	8465028.933	61942.11453	4539375.127	-2352634.669	-1387450.677	1593766.211
37.00000198	8205469.156	61062.93166	4601942.23	-2591563.016	-1742635.268	497014.5441
37.10000171	7948267.723	57917.78291	4655369.576	-2286450.464	783486.0082	2039189.533
37.20000281	7693441.441	56037.20328	4695010.989	-2272223.206	-318038.7627	2176201.518
37.30000089	7442707.922	56706.65172	4724729.715	-2641601.516	-1061783.502	-1376429.158
37.40000216	7197204.404	52725.49191	4746600.521	-2317233.842	935270.6238	1937961.863
37.50000127	6957624.022	53103.50986	4756974.198	-2406310.825	-1231075.784	-1641377.662
37.6000016	6725345.749	50907.51828	4762275.451	-2296966.092	1980687.637	-894887.2862
37.70000054	6501333.3	49716.10851	4758117.95	-2144612.776	1309068.891	-1920149.651
37.80000068	6286810.709	46168.05557	4747446.855	-2241775.95	195853.7862	2221729.481
37.90000043	6082761.357	46118.62745	4732810.989	-1921420.861	2282604.21	-1047788.095
38.00000109	5890593.634	45201.98632	4712498.889	-1615162.197	1290430.662	-2392914.496
38.10000003	5711367.816	43916.0765	4689261.327	-1390998.351	1016152.86	-2651896.86
38.2000008	5546275.726	42670.70793	4664047.348	-1178056.89	1068979.561	-2733032.137
38.30000025	5396503.823	41491.56489	4637995.731	-985873.9475	1416225.623	-2649973.122
38.40000022	5263167.533	40077.4241	4612443.123	-1037434.239	2650491.071	-1377906.848
38.50000097	5147676.578	38021.70831	4587092.298	-1700041.567	-212839.5034	2657923.629
38.60000057	5050409.752	37923.21771	4565910.982	-1094374.161	2896468.173	642508.6155
38.7000007	4973173.878	38162.99439	4545977.642	-158457.0791	-2259204.557	-2207008.41
38.80000057	4915910.355	36705.84703	4531660.35	-900354.0868	-2536992.399	1659226.353
38.9000003	4879143.981	37440.0771	4523584.856	225820.0359	2428159.027	-2013218.58
39.00000006	4864204.41	37483.99856	4518581.22	617629.072	-1831665.832	-2502705.458
39.10000079	4870317.018	36100.95096	4520477.299	-602173.3023	-666864.0338	3031943.218
39.20000021	4897931.702	36615.68917	4527108.143	-79659.94955	-2470875.509	1971909.865
39.30000057	4946485.875	37822.91093	4539234.896	902936.2867	-2850814.278	-1028379.314
39.40000091	5015469.626	37295.36635	4556447.898	164645.6902	-1347422.768	2856106.385
39.50000092	5104174.452	38126.23655	4578055.741	495464.0582	2090211.925	2320674.358
39.60000039	5212333.008	38861.4202	4600576.402	685956.7294	-1651427.887	2608112.21
39.70000078	5338190.297	39664.35605	4626497.904	805939.2176	-7484.07123	3057843.352
39.80000101	5480946.319	41530.23143	4653577.807	1417547.599	2744819.823	675664.818
39.90000125	5639827.627	43856.87119	4678495.402	2060224.409	219630.6712	-2388982.577
40.00000114	5813367.706	44175.71928	4701582.982	1795092.562	-2564210.912	449961.211
40.10000133	6000052.466	44864.51564	4724478.469	1710701.717	1382898.689	2271803.436
40.20000173	6199252.19	48262.31679	4741002.124	2220392.274	-875248.1844	-2074559.897
40.30000052	6409393.068	49191.7215	4754980.708	2161280.46	2262349.954	-458954.7466
40.40000089	6629567.942	51672.98138	4760999.68	2267602.018	1055362.163	-1934991.42
40.50000029	6858528.232	51603.74158	4760936.341	2345084.101	1493879.117	1506288.732
40.60000071	7095071.894	55520.8389	4751595.95	2305754.624	-621383.1154	-2073011.972
40.70000207	7338203.776	55349.95337	4734367.039	2593839.611	-1354553.704	1198824.563
40.80000262	7587109.233	58399.31089	4710540.737	2473072.02	1908092.725	-493048.6184
40.90000263	7839911.564	59324.79426	4672164.113	2763842.976	-1283943.978	844191.8404
41.00000146	8096348.56	61524.57697	4625302.59	2793868.083	-1399896.116	484346.9816
41.10000057	8355745.823	65269.49703	4569820.666	2377743.152	1464665.509	-1483607.916
41.20000212	8615716.376	68154.26676	4499286.9	2159695.498	367756.0053	-2280454.095
41.30000443	8876492.357	69803.48076	4418397.5	2277319.481	1237527.072	-1811723.689
41.40000074	9136193.337	69761.69859	4323993.316	2965677.155	1097496.013	-16171.4728
41.50000511	9393058.132	71891.99014	4214499.526	2987989.844	-1015045.502	-203959.1149
41.60000533	9647610.552	75905.68436	4093695.423	2326096.68	-1305286.625	-1698676.267
41.70000588	9898283.598	78285.90338	3959917.227	2197048.079	-1203666.312	-1929810.133
41.80000168	10144007.39	78054.45544	3813016.908	3004188.042	-750103.291	-642027.4626
41.9000037	10384104.2	83599.60965	3653538.868	1664774.556	507589.1481	-2640242.212
42.00000057	10616099.62	85128.81547	3479474.975	1787688.818	997272.2114	-2410314.674
42.10000416	10836275.69	86346.79154	3288390.253	2021564.282	-1162947.303	-2135610.317
42.20000685	11049313.8	89842.95597	3087554.911	1340767.931	-547045.5711	-2811242.163
42.3000061	11250997.1	87683.15556	2873520.248	2808429.453	-13959.12879	-1453454.214
42.40000431	11439433.65	89533.25137	2646332.963	2695708.477	111920.6514	-1649433.107
42.50000465	11611757.02	94606.90904	2405616.502	1285587.473	-975031.1397	-2719665.26
42.60000301	11772952.46	93050.10621	2156255.537	2406997.359	278549.0595	-2031938.517
42.70000014	11916473.33	95341.84641	1895403.381	1977501.878	791336.1093	-2337364.645
42.80000205	12039615.38	96049.35823	1623657.114	2115333.629	-13225.31794	-2350572
42.90000054	12143663.05	101093.792	1343682.75	493390.1177	-885856.3298	-2995300.445
43.00000133	12234350.04	100212.6762	1058507.183	1129400.241	954635.1988	-2795197.083
43.10000341	12296685.69	104403.0797	765505.1003	-286273.1681	-524081.0761	-3105380.283
43.20000277	12341358.76	101123.4015	469195.6223	1158941.971	-565003.476	-2887494.516
43.30000484	12368252.78	102697.8906	170474.0521	629660.6677	869482.3789	-2974479.423
43.4000099	12368913.02	106733.4085	-129587.8228	-935723.7553	544917.061	-2971108.623
43.50000454	12345041.81	106271.7002	-428506.6017	-810283.6768	-865482.7622	-2931617.293
43.60000504	12304901.28	102729.5364	-725491.6156	451254.6918	-175400.772	-3124996.604
43.70000464	12244166.56	106819.3805	-1018876.582	-1352431.253	789857.204	-2747190.438
43.80001114	12156800.03	103494.5916	-1305135.201	-317914.536	-795689.7521	-3043979.002
43.90000528	12055059.67	107152.5461	-1586038.354	-2090161.26	-67871.37674	-2372049.616
44.00000627	11934686.62	105512.4842	-1859108.72	-1851699.683	861686.0948	-2414271.186
44.10000995	11793939.04	105359.743	-2121638.247	-2256181.067	593790.7561	-2134727.04
44.2000067	11634096.7	102828.6432	-2371994.186	-1786187.887	-1090695.077	-2370636.43
44.30000905	11465264.2	102680.6173	-2615443.606	-2308913.306	901097.0938	-1963910.225
44.40000336	11278926.45	100987.9415	-2844671.308	-2275458.692	1036341.058	-1936048.799
44.50000118	11076689.93	99714.27235	-3058438.764	-2440624.693	-1051295.09	-1714097.355
44.60000648	10867384.71	99234.61236	-3263524.779	-2960263.713	201168.2697	-1093787.035
44.70000196	10644603.23	95338.51059	-3451737.021	-2201086.664	-1251934.518	-1894169.332
44.80000598	10414895.31	95309.97157	-3628961.474	-2944781.863	-767408.0129	-859851.5688
44.90000392	10177821.06	89952.31854	-3793311.645	-1738421.328	376493.8759	-2614602.006
45.00000194	9933645.898	88961.04473	-3943532.754	-2171929.16	1183876.741	-1970065.884
45.10000225	9682973.244	86039.38919	-4078245.969	-1917911.576	396724.8123	-2482785.655
45.2000002	9427662.257	85663.14208	-4198405.422	-2551441.119	-1472734.036	-1149435.807
45.30000024	9171390.949	84616.35227	-4310205.438	-2961786.309	1103381.943	-101833.9112
45.40000397	8911424.827	79652.82941	-4404978.344	-2093501.863	-130603.5667	-2366472.62
45.50000366	8650599.457	79330.98076	-4487056.664	-2674581.086	-1613786.979	-492247.5008
45.60000297	8390425.878	77489.51787	-4558467.426	-2773195.585	-1516752.897	94057.94566
45.70000192	8131605.33	73103.82847	-4618953.73	-2230120.141	-363493.4765	-2212337.373
45.80000236	7874522.928	72421.24206	-4666046.696	-2568263.433	-1828143.186	-248828.1157
45.90000008	7621239.703	69004.81831	-4705755.344	-2342310.513	1183051.777	-1764644.427
46.00000254	7371895.324	67808.20585	-4733569.948	-2482393.832	1941078.755	-264450.6196
46.10000223	7127860.581	66042.71304	-4751411.518	-2461888.338	1923255.376	490096.4898
46.20000159	6890248.713	64627.32445	-4759978.46	-2390453.991	859860.1075	1883180.902
46.30000091	6660230.49	61040.87076	-4759775.606	-2248871.616	-2072003.283	-805840.4633
46.40000152	6438832.1	60361.30454	-4754507.5	-2079550.376	-1413577.275	1917620.797
46.50000114	6227203.022	56523.75959	-4743213	-2223807.054	-477381.3947	-2196995.491
46.60000006	6026449.425	54790.02105	-4726906.737	-2183407.013	831231.5145	-2131147.106
46.70000134	5837890.322	53058.56593	-4705588.959	-2135407.734	-200332.7924	-2323768.616
46.80000091	5662686.093	51850.94068	-4681102.959	-1910744.629	-2080740.127	-1421117.689
46.90000121	5501910.821	51204.07461	-4655352.518	-1403239.783	-2696937.929	870312.5423
47.00000023	5356653.938	50546.62337	-4629837.109	-847824.5945	-705983.8091	2963575.597
47.10000092	5228108.702	48519.76595	-4605298.564	-1214043.621	2905507.151	290045.3085
47.20000041	5118011.324	47863.36146	-4579787.17	-714011.4624	-2722104.063	1442337.376
47.30000013	5026351.929	47439.48841	-4559084.512	-164910.0816	-1251052.397	2899598.691
47.40000006	4954515.99	46804.10498	-4541743.098	94282.73315	-1031360.145	2987876.674
47.50000017	4902899.685	45302.22077	-4529849.596	-688058.9136	2958299.62	-880362.5891
47.60000062	4872733.514	44503.61274	-4521173.916	-976775.4825	-475675.8402	-2969788.234
47.7000002	4863412.074	45547.13302	-4519644.059	299783.3386	2915120.632	1188360.909
47.8000004	4876021.141	46003.38903	-4521637.414	869723.4236	-1937100.106	2343336.157
47.90000041	4909264.693	45692.66233	-4531516.662	411012.5483	3133342.528	-115036.0345
48.00000023	4964113.677	46591.24664	-4543634.425	1004233.927	-2754687.566	1184571.921
48.10000032	5038631.716	47524.87567	-4562951.712	1317677.558	2173197.609	1881738.028
48.2000004	5133333.33	47108.65175	-4583537.953	505330.6103	-1559066.55	-2704432.005
48.30000023	5246484.776	48082.65605	-4607927.874	675530.5506	-922450.8742	-2948345.784
48.40000093	5377180.196	50081.23019	-4634857.595	1323912.639	2828648.707	-495985.705
48.5000001	5525008.408	52241.30429	-4659519.485	1901964.602	-1858892.972	1710861.647
48.60000041	5687955.773	52166.26007	-4685707.834	1325944.271	451584.8732	-2835126.61
48.70000117	5865298.47	55755.53643	-4709298.829	2125783.392	775679.7747	2208928.667
48.80000038	6055870.394	55638.79949	-4729058.049	1753922.557	-732010.4559	-2527432.76
48.90000142	6258294.588	59333.81856	-4744792.512	2208578.695	-1620384.486	1580042.488
49.00000131	6471437.759	61536.62933	-4755836.591	2263364.981	-1218613.201	1841781.971
49.1000019	6694204.275	61583.43216	-4761192.064	2258429.444	177600.0901	-2206344.183
49.20000056	6925440.399	63803.72108	-4758934.724	2400726.477	580742.9228	-1974651.879
49.30000032	7163949.493	66518.41447	-4747103.764	2508989.202	-1600641.143	-1069074.888
49.40000004	7408763.893	70666.63866	-4727976.157	2341120.827	-1196505.358	1757136.363
49.5000015	7658924.794	73418.3021	-4700190.249	2274579.796	372989.6291	2164986.256
49.6000025	7912950.873	75733.34758	-4660103.867	2315222.783	-998820.9656	1908428.711
49.70000248	8170628.692	76110.41923	-4612106.459	2818012.169	1307443.818	-591099.0431
49.80000179	8430116.63	79355.20797	-4551297.534	2670054.987	1660394.895	337483.5675
49.90000385	8690071.269	80683.50981	-4476619.663	3070807.84	-170621.0535	-735545.8306
50.00000062	8950287.594	86462.06773	-4391115.654	2103487.7	-352677.072	2334728.759
50.10000116	9209707.748	85782.49317	-4293546.535	3142934.063	74307.5222	-341238.7252
50.20000144	9466811.281	91857.40006	-4182747.04	1956804.782	225241.5398	2473900.017
50.30000203	9720773.867	90986.2395	-4058774.716	3125423.928	462902.7314	132084.5543
50.40000062	9968954.906	94648.2637	-3919038.88	2719099.4	-1236674.473	1037851.002
50.50000016	10212673.26	96980.03825	-3767808.948	2749149.791	-1131659.159	1077739.754
50.60000434	10451714.93	99580.62782	-3605739.524	2640475.657	1175779.256	1282743.719
50.70000355	10679117.57	101021.1867	-3425012.152	2966458.362	-473804.1689	987742.0703
50.80000556	10900572.47	104062.158	-3234776.143	2633498.828	978536.7251	1451602.495
50.90000117	11107555.9	106165.1491	-3027050.978	2636116.101	-801363.3801	1552001.494
51.00000095	11307622.19	108942.2869	-2811025.528	2315548.988	1026475.373	1893299.023
51.1000084	11491430.07	110222.2451	-2579551.347	2537451.212	590073.4786	1792527.444
51.20000631	11658799.99	115536.5691	-2335025.107	1135534.029	-898707.2841	2811207.514
51.30000149	11814007.49	114043.857	-2081712.623	2324251.24	-388347.5174	2108801.172
51.40000598	11951773.39	115732.7081	-1817684.679	2208629.97	-235884.0822	2250847.03
51.5000066	12069540.17	119506.7942	-1543599.624	1208799.783	-1014793.398	2740254.996
51.60000783	12173786.92	123258.64	-1263475.553	140676.4482	649794.7893	3091597.786
51.70000267	12251174.74	120885.3834	-974342.1031	1400786.734	-705451.5422	2745930.561
51.80000722	12315314.85	123781.2216	-681639.2589	512339.4906	1017104.188	2950085.985
51.9000046	12350806.53	127251.5499	-383893.8299	-683262.0444	-256880.8422	3076875.885
52.0000108	12366071.59	124820.0165	-84455.93988	350317.1673	-951289.1427	2995384.258
52.10001103	12364389.65	123630.3454	215422.8038	809818.7989	258335.5797	3045891.699
52.20000123	12339582.52	127313.6451	514334.6669	-728773.906	939445.4921	2930244.147
52.30000063	12287386.16	128182.6395	809514.3097	-1250533.632	-749352.507	2806178.265
52.40000037	12220917.55	123947.9057	1101491.464	143092.7661	302854.5454	3144487.81
52.50000422	12129558.69	128053.5459	1386336.558	-1816145.877	-550867.4047	2529458.293
52.60001004	12024031.18	125939.661	1665870.966	-1420076.504	1003685.387	2641211.534
52.70001033	11896313.8	123556.9121	1935494.916	-995556.0114	964355.9988	2842338.076
52.80000206	11751216.32	124387.5098	2195427.47	-1900957.302	978754.1949	2329893.037
52.90000655	11586159.83	122667.4926	2442186.155	-1870937.397	-1090991.362	2304198.582
53.00000409	11412325.05	122821.3067	2681709.94	-2643229.368	437733.4882	1679799.96
53.10000753	11221271.33	121325.5837	2906553.997	-2822261.35	-80543.2654	1424202.814
53.20000222	11018497.76	115159.9173	3119256.353	-1258188.276	-112296.0131	2899026.021
53.30000054	10803949.3	113513.0652	3318271.887	-1485319.509	-600994.5287	2726285.299
53.40000229	10581596.94	114584.7929	3506518.316	-2788844.731	930110.0156	1165006.622
53.50000166	10348815.57	112392.13	3679149.884	-2872986.486	920463.672	947995.4007
53.6000059	10107912	106794.0726	3837008.544	-1732115.808	16637.58507	2645656.444
53.70000099	9862296.096	107252.9555	3983721.565	-2843650.312	1147616.017	772418.5268
53.80000039	9610393.658	105456.4743	4114745.515	-3121208.167	502472.5944	74705.21907
53.90000038	9355189.08	102577.7353	4233558.336	-3035992.938	882209.0709	66738.55839
54.00000085	9097207.28	98981.17178	4339366.661	-2732307.178	1449238.686	658942.1206
54.10000308	8837280.16	95597.37576	4431764.866	-2519285.097	1516220.748	1163734.18
54.20000365	8576710.78	93601.51944	4511629.685	-2726458.122	1559752.628	365510.4006
54.30000256	8316015.673	91663.38016	4577036.646	-2883052.554	-1132298.737	-637108.7356
54.40000242	8057924.941	88388.23629	4635467.692	-2725781.068	1593451.402	-176153.8998
54.50000263	7801559.042	86493.96455	4678997.975	-2820186.393	-335252.8881	-1390738.729
54.60000147	7549188.815	83492.53504	4714582.366	-2689502.157	1177265.777	-1174999.336
54.70000186	7301242.777	78632.93325	4738819.327	-2311246	706108.3852	2039498.192
54.80000175	7058889.304	77691.25668	4752580.805	-2404137.15	-1954243.76	-633289.7395
54.90000108	6823434.117	75859.73212	4761007.711	-2350852.233	638897.828	-2016259.741
55.00000073	6595758.099	73433.22644	4759876.369	-2190492.673	-70849.30918	-2279632.037
55.10000043	6377058.154	68856.22175	4752504.494	-2255608.632	217968.8715	2205610.861
55.20000065	6168371.935	67067.0844	4739904.363	-2166210.569	1909032.758	1289622.31
55.30000103	5971058.371	64586.77601	4721173.374	-2175519.939	564299.3155	2224562.716
55.40000112	5786285.519	63254.6166	4698168.501	-1868401.17	-2473772.434	624120.994
55.50000038	5614906.486	62663.11025	4674482.558	-1230123.024	-455228.0258	-2877423.29
55.60000001	5458295.296	59953.4445	4649652.235	-1559339.375	2751013.71	-19603.09855
55.70000059	5318119.474	57794.51065	4622100.502	-1749346.855	-1687771.13	2022675.01
55.8000002	5194594.876	57921.63516	4597820.682	-638575.4953	1531199.158	-2692146.073
55.90000106	5089644.305	56800.00249	4573784.646	-348952.0665	-1394222.713	-2816802.351
56.00000072	5003461.831	54458.20333	4554508.099	-1349949.843	1851509.074	2179346.134
56.10000046	4937667.815	55029.05644	4537300.02	31859.04337	-2046958.584	-2410175.42
56.20000077	4892285.833	54450.02506	4525722.717	178167.8563	-2407510.389	-2042584.133
56.30000071	4867971.401	54198.47061	4519449.084	402475.7595	-2410391.728	-2006994.017
56.40000009	4864831.519	52863.35437	4519395.626	-715005.642	484897.6907	3041979.81
56.50000042	4883080.198	53590.52325	4524777.872	-21112.93205	2942582.502	1157912.978
56.60000077	4922907.852	55121.70891	4533923.342	1243821.593	-834165.0867	-2785152.86
56.7000004	4983251.697	55838.45853	4548972.745	1430277.666	-447762.5036	-2784567.209
56.80000009	5063907.44	56452.07198	4567586.951	1353159.726	-2357566.895	-1615808.494
56.90000019	5163664.306	57913.92049	4590713.702	1721126.212	96387.46419	-2651119.39
57.00000064	5282227.718	58293.26011	4614611.41	1245648.384	-2854324.963	548806.9885
57.10000071	5417693.853	59822.32531	4642370.306	1363437.192	2805314.945	520813.8693
57.20000129	5570124.109	61499.15786	4666633.676	1572976.583	-2675721.873	605191.8138
57.30000137	5737127.274	63918.922	4693384.913	1872742.624	2390408.479	-882486.4687
57.40000142	5918573.667	64726.03171	4714621.051	1664378.538	-1460213.587	2257791.036
57.50000008	6112551.932	68652.53301	4733986.814	2197817.878	-1119461.104	-1978990.504
57.60000127	6318109.85	71103.05683	4749502.092	2234822.771	603316.5947	-2154431.774
57.7000004	6534191.283	72951.34043	4757425.625	2257091.094	-2045116.237	-850317.2191
57.80000121	6759462.464	76015.15797	4761835.103	2274987.378	1266724.746	-1794391.497
57.90000217	6992876.108	77462.38039	4755266.828	2409897.602	-2020861.145	329414.2993
58.00000112	7233405.342	79183.37154	4743398.341	2580417.57	-142856.7505	1822371.288
58.10000097	7479975.378	82728.95294	4722730.12	2554780.874	1790359.481	517404.6954
58.20000126	7731122.875	87498.31157	4689551.663	2277679.811	-349226.1796	-2165690.596
58.30000153	7986607.981	88556.59335	4649049.527	2671240.022	1681908.546	188839.581
58.40000046	8244651.846	92499.97522	4596097.416	2465588.255	1676308.638	-1053975.288
58.50000232	8504080.906	93563.55087	4530063.181	3034583.79	-77878.45004	886135.5263
58.60000297	8764831.93	99424.80166	4454582.677	2212363.29	997444.3543	-2027449.983
58.7000002	9024234.279	102344.8563	4363600.447	2248287.895	-1094099.194	-1936013.558
58.80000157	9282761.133	103722.7106	4261556.595	2776818.804	-1369106.69	-644068.4748
58.90000274	9539671.393	105565.1538	4148385.762	3159483.644	109813.1841	74861.00904
59.00000508	9792959.962	111379.7366	4021596.917	2143276.401	1197904.885	-1992834.704
59.1000043	10039425.83	112037.7145	3877486.614	2958372.244	-897863.1264	-664737.146
59.20000517	10280995.4	117000.7771	3721858.87	2170260.541	-1202827.187	-1960401.985
59.30000057	10516017.75	117892.7404	3553371.435	2851936.726	-864412.9352	-1057944.796
59.40000528	10743640.3	124228.1754	3372363.413	1441273.063	280383.1583	-2800735.126
59.50000294	10959915.49	127066.8533	3175739.895	1316327.436	-235088.69	-2865661.423
59.60000236	11167484.88	126224.957	2968014.057	2556242.144	897445.4961	-1631017.377
59.70000054	11361673.46	131194.8157	2746206.474	1509373.311	1057105.616	-2569887.142
59.80000096	11541818.94	131156.8036	2511510.657	2347715.094	824641.5532	-1951461.029
59.90000327	11704762.75	136857.9647	2263681.5	889600.6536	-691104.0368	-2954824.172
60.00000676	11853797.08	136313.2495	2006461.525	1793490.317	-953204.1542	-2423797.501
60.10000159	11985981.24	138956.7593	1739555.622	1373830.085	-1017562.135	-2660292.878
60.20000492	12101997.8	143589.5268	1464552.372	90449.04695	-136755.0371	-3158024.229
60.30000141	12198702.51	140819.8479	1181522.472	1622805.235	640169.1332	-2637553.156
60.40000831	12271181.21	146614.1323	891013.8696	-291959.3315	-310687.9613	-3133405.933
60.50001115	12324360.27	143391.5966	596166.5931	1233285.22	-586300.2681	-2852237.641
60.60001202	12360638.1	145302.6575	298489.4251	646115.2294	912124.2095	-2958135.314
60.70000812	12370278.03	149394.2815	-1375.77424	-895869.1649	452050.7691	-2998844.535
60.80000994	12355872.63	148736.54	-300936.7755	-677466.2865	-886675.4123	-2958858.926
60.90001123	12324719.39	145321.6248	-599051.9936	520803.1055	-279306.977	-3106565.908
61.00000763	12273665.73	148490.0768	-894385.1106	-964610.6562	955585.7269	-2855938.06
61.10000433	12194009.7	147336.4188	-1183008.266	-852681.1996	-1026312.089	-2866987.665
61.20000585	12103332.21	147935.0127	-1467986.032	-1527172.82	890673.2004	-2621916.175
61.30001095	11988089.68	143747.1628	-1743560.89	-417321.6105	523595.3046	-3090580.954
61.40000605	11854910.78	142409.5443	-2010220.518	-513112.0802	276952.6995	-3108056.177
61.50000833	11706526.51	143308.8207	-2268050.897	-1569368.252	1069061.377	-2528673.776
61.60000875	11536900.95	141950.7874	-2511406.013	-1809527.281	-1119609.301	-2339249.032
61.70000648	11357717.46	142071.1997	-2746546.034	-2704328.421	-369796.8032	-1596827.517
61.80000056	11162714.71	138117.6799	-2967369.94	-2075968.278	-1175429.402	-2075745.994
61.90000351	10959448.34	136847.3971	-3179234.524	-2560268.203	984367.3178	-1573546.222
62.00000446	10741909.99	135114.8447	-3374595.636	-2899524.259	615036.3819	-1102038.712
62.1000027	10514724.86	128791.5618	-3556208.228	-1549989.86	48067.93583	-2755942.835
62.2000044	10280757.38	127430.7528	-3726394.832	-2127810.05	1177718.309	-2021238.228
62.3000021	10037839.76	123486.3944	-3880147.777	-1764645.812	118013.6681	-2621468.66
62.40000118	9789453.671	124208.2015	-4020837.819	-3105267.506	-556299.3172	-218734.5128
62.50000432	9536704.992	118091.797	-4148466.649	-2038934.201	-864329.5899	-2257361.665
62.60000156	9281348.592	115212.3483	-4265086.466	-2156521.907	945947.0654	-2110591.722
62.70000277	9022704.331	113887.2602	-4367105.335	-2760134.179	1441192.075	-551928.1825
62.80000127	8761896.996	111846.9662	-4454023.652	-3065620.117	-431888.045	644551.0187
62.90000262	8501486.39	105658.9468	-4530414.746	-2181458.269	-460748.6117	-2242532.171
63.00000364	8241551.296	104755.5607	-4593998.398	-2767380.221	-1504983.377	276824.4002
63.10000058	7983638.814	100540.9541	-4646804.888	-2477765.121	-1775098.547	-842439.9996
63.20000245	7728774.287	99034.37885	-4690545.088	-2795529.085	488604.071	1395092.542
63.30000185	7477320.691	94059.63057	-4720585.191	-2381110.404	-1776683.353	-1083378.747
63.40000239	7231083.594	90340.7928	-4743934.603	-2302516.469	401086.1939	-2130152.055
63.50000067	6990675.078	88660.52776	-4757757.692	-2400415.901	2058605.434	12131.34789
63.60000146	6757246.388	86354.58521	-4760198.19	-2276310.678	-1839610.851	1197598.269
63.70000024	6532011.105	83801.8145	-4759078.521	-2174142.621	1333953.023	1869137.019
63.80000002	6316142.346	80876.94686	-4748273.135	-2002245.671	-1879472.886	1567990.416
63.90000073	6110604.903	78630.23287	-4733984.351	-1790427.066	-806683.5329	2478635.23
64.00000151	5916562.999	75248.73321	-4716009.974	-1899345.819	2510660.362	298445.9851
64.10000104	5735663.101	72321.2118	-4691565.372	-1949929.376	-2029327.827	-1442083.216
64.20000067	5568346.663	71721.48445	-4667665.2	-1209726.407	999450.4916	2745480.056
64.30000063	5416449.75	68035.64898	-4641248.989	-1942624.382	1080.233371	-2495237.332
64.40000054	5280778.137	68126.83923	-4615263.262	-703398.7499	63218.56041	3082407.113
64.50000024	5162764.779	65543.84456	-4589661.554	-1214926.366	-2877104.118	-496211.4662
64.60000089	5063001.391	64939.37589	-4567333.378	-522886.5552	-2614454.284	1700358.33
64.70000076	4982678.957	63232.29977	-4548179.426	-909313.8374	-2914379.883	-824341.0975
64.80000083	4922501.738	62509.92213	-4533269.695	-693475.3189	-2980686.781	-796616.7815
64.90000012	4882738.173	61836.46903	-4524639.902	-742482.7046	2651783.141	-1554594.998
65.00000097	4864503.616	62453.62089	-4519933.743	284655.9078	2749117.378	1536660.228
65.10000082	4868043.599	62274.23319	-4519312.725	334400.11	-3093341.026	565170.6488
65.20000006	4892546.484	62641.18418	-4525644.135	578491.6219	-3041303.677	644840.5931
65.30000094	4938143.217	63173.80914	-4537164.875	717877.6593	-3061452.403	334904.2388
65.40000038	5003971.639	63741.67811	-4554975.417	585337.5055	3012454.524	-763215.3995
65.50000079	5090513.682	65150.58104	-4573547.034	1092958.092	-2960487.607	202375.2462
65.60000037	5195767.707	65809.83708	-4596970.323	760862.5511	-2160994.656	-2179722.523
65.70000058	5318955.455	68535.64535	-4623538.817	1627920.31	2289605.387	1451751.576
65.80000069	5459704.904	68900.73755	-4648948.235	1008045.014	-115086.5119	-2995096.05
65.90000108	5616386.025	72277.48305	-4674030.385	1857850.852	-2377793.764	945773.2431
66.00000046	5787555.718	74747.41997	-4700002.086	1991774.78	1911900.792	1541904.209
66.10000019	5972622.239	75695.8881	-4721766.717	1691990.959	1627470.891	-2118609.236
66.20000049	6170166.816	78004.64459	-4739044.668	1852041.168	-352241.8054	-2538871.644
66.30000176	6378841.129	80811.24216	-4753025.291	2025096.871	1170523.96	-2128110.975
66.40000179	6597649.897	85646.46349	-4759440.223	2285218.575	-948701.2012	1969198.339
66.50000182	6825374.471	88541.59434	-4759894.227	2313155.675	-1275656.584	1738393.254
66.60000194	7061001.798	91366.85911	-4754659.238	2315991.611	1756182.908	1245794.707
66.70000029	7303241.148	92637.3801	-4737812.27	2614850.27	-517699.3335	-1701336.377
66.80000103	7551090.935	98183.64993	-4712650.106	2344739.276	-1156316.357	1779081.282
66.9000012	7803783.101	101816.163	-4679239.166	2265787.159	530579.0673	2141189.95
67.00000137	8059587.147	104693.4462	-4632535.957	2401030.756	-1420269.728	1489256.595
67.10000082	8318694.889	108151.4517	-4578641.423	2359327.51	1449232.665	1527513.793
67.20000306	8578105.278	111668.4271	-4508252.114	2373130.718	-1323579.739	1617525.045
67.30000363	8838435.779	114649.035	-4427972.022	2516551.278	-1503382.212	1186090.886
67.4000032	9098294.878	118922.4371	-4335761.812	2249409.538	-1109945.709	1925662.809
67.50000308	9356754.527	123058.5475	-4231342.565	1991034.019	-160230.4373	2451552.517
67.60000551	9612310.329	126599.6687	-4113326.72	1917928.431	317214.7951	2494178.283
67.70000574	9863167.491	130023.494	-3980434.443	1882327.447	-498967.2575	2491560.768
67.80000548	10109191.06	130265.7066	-3834516.018	2982058.592	-815041.0054	665608.5278
67.90000564	10349706.59	137095.0717	-3676256.217	1633610.885	-119130.5854	2705018.185
68.00000547	10582246.11	140466.1521	-3503451.347	1521254.201	-128804.1273	2769331.175
68.10000538	10805942.3	139643.5391	-3316840.144	2966384.458	-290086.3408	1056604.544
68.20000705	11019211.75	143172.238	-3116479.882	2718326.224	-741713.6777	1435466.252
68.30000303	11224082.34	149254.182	-2905760.305	1408813.005	910163.6741	2680829.723
68.40000706	11413655.03	152788.3767	-2679603.087	1027497.298	488880.3483	2950465.27
68.50000542	11590729.85	152058.8501	-2442281.915	2232374.214	901392.7943	2050364.944
68.6000006	11749774.05	158308.0152	-2191661.304	647398.2934	-282065.0973	3082420.272
68.70000375	11893293.98	159547.3731	-1931077.255	931062.5793	-917032.7853	2879613.402
68.80000363	12021587.88	162857.8077	-1662025.682	311201.9504	-410765.6178	3120003.999
68.90000105	12133589.87	162863.6814	-1385020.017	889651.4856	1042162.947	2849985.373
69.00000993	12218202.62	163485.6598	-1098017.285	1131126.035	-939895.6533	2799491.035
69.10000591	12291722.5	165369.0003	-807681.0038	766920.6052	1005451.934	2898430.471
69.20000636	12336386.79	169498.5635	-511248.2513	-586238.7914	-266536.8536	3096010.689
69.30000917	12361038.37	167024.3303	-212480.1187	536461.6104	-917108.4043	2978442.733
69.40001077	12368829.05	166256.9086	87318.75262	873608.8393	353337.8689	3018602.317
69.50000631	12353051.64	169933.2286	386903.6532	-648301.4923	933532.2029	2950969.807
69.6000054	12310277.76	171029.9217	683677.1891	-1275098.028	-625358.3102	2825429.525
69.7000025	12251388.04	166291.0606	977346.0938	271649.5915	-137977.9517	3147565.501
69.80000871	12171484.67	170637.0672	1265807.202	-1857095.122	235348.6901	2548687.643
69.90000355	12071450.2	165271.7536	1547526.266	-288109.8748	540750.7164	3102350.941
70.00000755	11949222.53	164265.068	1819790.98	-529241.0403	-646097.1232	3049993.841
70.10000077	11811909.72	162662.6918	2083968.554	-639238.0982	-519785.6834	3053063.625
70.20000368	11660261.07	162379.9509	2339593.44	-1363822.388	1024844.471	2662645.734
70.30000798	11486466.66	160665.9345	2579698.53	-1599992.787	-1114010.819	2489779.705
70.40000027	11302185.07	159653.9697	2810427.652	-2195328.287	-1097609.09	1993937.813
70.50000392	11106200.17	154311.7084	3030016.272	-1195158.548	-49884.12942	2927303.814
70.60000035	10895441.12	154160.4496	3233806.062	-2246509.213	-1215492.363	1864342.96
70.70000235	10676594.52	149130.8608	3426822.514	-1503227.839	-434028.9184	2748076.593
70.80000553	10446774.21	148688.976	3604298.542	-2533047.873	-1248486.413	1423007.432
70.90000462	10211292.42	143226.6261	3771319.611	-1750036.877	478119.7596	2590129.808
71.00000077	9967569.381	140192.9916	3922732.852	-1897394.764	683817.6303	2435628.576
71.10000139	9716999.248	137356.3493	4058166.586	-2117342.623	-1146540.765	2049952.315
71.20000463	9464139.592	136649.6125	4184248.481	-3114138.328	549211.7881	-22558.55457
71.30000202	9206488.27	130075.6967	4293636.86	-2092664.961	-798502.7102	2232296.303
71.40000102	8947896.931	129258.5805	4393318.796	-3007449.686	955540.934	-205396.9615
71.50000406	8687132.8	122877.6778	4477146.319	-2148000.467	-438448.5125	2279003.487
71.60000226	8426503.044	120968.9849	4548990.441	-2621421.024	-1697509.357	496602.2552
71.70000134	8167302.235	116491.6865	4610293.663	-2387256.744	-1551607.22	1376052.424
71.80000165	7910454.761	114653.2342	4662245.873	-2800880.733	1191142.173	-858048.6247
71.9000015	7656115.942	111404.9536	4700067.274	-2765561.793	-288238.026	-1506182.861
72.00000058	7406227.046	107603.3918	4729770.591	-2643425.325	1112050.7	-1332533.599
72.10000153	7161456.059	102515.5921	4749348.374	-2386446.259	1765283.406	1090251.692
72.20000088	6922890.413	98524.45206	4758691.181	-2293958.561	-1747.087688	2176637.56
72.30000189	6691738.07	95368.23129	4761491.501	-2293482.069	714802.8486	2056452.501
72.40000125	6469036.846	94414.13057	4756387.217	-2097237.084	9245.428415	-2366751.178
72.50000018	6255968.794	91343.36745	4745468.58	-1924035.821	110399.0407	-2507169.362
72.60000097	6053597.924	86990.75774	4730147.983	-2088226.448	2244444.002	775745.7226
72.7000002	5863427.98	84927.44106	4707848.352	-1730018.478	-2510361.678	-839714.4227
72.80000122	5685966.415	81659.70461	4686141.71	-1931177.729	2246373.13	1106508.175
72.9000011	5523239.937	80595.22307	4659386.031	-1160384.503	-1589014.764	-2475588.795
73.00000117	5375755.988	76826.96865	4633780.383	-1915926.802	113352.5689	2513240.077
73.10000108	5244826.05	76240.54706	4608747.74	-1002963.964	2602452.395	-1490404.247
73.20000023	5131837.59	74875.82071	4584334.357	-592412.6957	2010560.528	-2367845.764
73.30000026	5037778.348	72124.82566	4561892.449	-1478874.972	-1131535.195	2555886.719
73.40000055	4963206.889	72302.73691	4543539.866	-198603.8661	-2575444.187	-1824183.034
73.50000009	4908660.309	70402.24487	4531073.424	-1099328.887	1759453.756	2386587.204
73.60000079	4875596.773	70617.04855	4521283.827	-176912.8104	-3156332.806	-79152.24328
73.70000026	4863244.752	69673.41462	4519133.658	-794058.2321	846853.9174	2941480.914
73.80000015	4872427.17	71184.61953	4521875.74	741636.7167	2187133.495	-2160190.282
73.90000059	4903000.835	70581.46336	4529836.805	-79995.87906	2535079.585	1888642.941
74.00000081	4954907.394	71671.81743	4541363.77	520396.9248	-3032693.336	729354.6251
74.10000061	5026904.183	72890.70742	4558780.321	863065.7371	-3035666.081	199622.093
74.20000063	5118560.057	74880.86058	4580197.967	1531061.941	-1957221.953	-1955794.356
74.30000012	5229036.82	74999.08017	4604781.786	601759.0919	392086.8566	3079635.351
74.40000007	5357687.466	77992.56215	4629438.961	1549895.532	-2715875.458	-471003.5427
74.50000039	5502802.575	80814.73751	4656437.023	1996085.66	-96078.04296	-2450798.043
74.60000129	5663619.685	82742.40122	4682875.423	1849063.382	2319342.27	-1096182.487
74.70000059	5839058.597	84405.12285	4706748.315	1651534.221	2343106.352	1335023.348
74.80000085	6027826.746	86730.82067	4727249.435	1723416.04	1287947.917	2317547.695
74.90000031	6228611.189	89927.73844	4744392.968	1935338.851	1927825.017	1593095.803
75.00000192	6440357.953	94807.32998	4755339.19	2258618.222	200637.0266	-2204175.245
75.10000061	6661832.645	97032.65487	4762016.118	2228219.295	2242300.761	-84416.08231
75.20000093	6891904.842	101280.1811	4758635.864	2325592.644	-1380689.52	-1638693.169
75.30000148	7129463.871	104075.3069	4748866.994	2424746.124	-1989442.603	-403391.0835
75.4000006	7373433.546	107431.8994	4730782.742	2512800.377	-1918876.493	-61214.95719
75.5000003	7622812.293	110260.2287	4703707.826	2714283.406	-1225834.799	1063012.059
75.60000044	7876801.766	115011.5423	4668422.485	2538595.861	1850513.376	-362120.5606
75.70000173	8133488.657	117455.3387	4618710.793	2938363.562	234.7902956	1168768.378
75.80000249	8392943.466	123090.0012	4560631.117	2502902.903	1691163.639	-935650.8976
75.90000304	8653299.59	126465.1665	4489321.487	2668980.511	1627323.282	-477872.3346
76.00000457	8913074.82	129186.3122	4403715.319	3084041.129	-511262.8393	476760.5537
76.10000462	9172441.26	136274.1479	4307551.825	2072524.412	-477888.1876	-2340142.184
76.20000041	9430706.961	137719.3447	4200318.331	2856867.551	1275846.515	-458828.3601
76.30000354	9683733.996	141437.7374	4075319.284	2934522.875	-1057498.412	-519877.4923
76.4000036	9933463.098	146769.7065	3939184.293	2381607.661	-1299854.313	-1624291.757
76.50000555	10178146.64	149234.6189	3790032.774	2822724.705	-1055166.735	-958565.8045
76.60000371	10418160.06	154541.932	3629934.755	2160578.681	1277549.798	-1923477.652
76.70000469	10648127.68	156277.5261	3452744.875	2818033.84	884682.1427	-1129611.785
76.80000246	10869130.42	163122.6013	3262324.115	1484499.679	707876.1529	-2700957.618
76.90000765	11080647.58	164159.9332	3059298.633	2302836.774	1147521.385	-1838515.016
77.00000227	11277752.16	170266.8975	2840827.539	1117091.902	-347572.5368	-2937907.251
77.10000482	11464376.49	173603.7963	2612004.705	912447.7516	-97827.92523	-3026197.085
77.20000665	11638162.49	172824.9827	2371974.855	2229176.304	862889.1626	-2070312.851
77.30000377	11793828.43	179416.6657	2118944.351	589897.117	322048.0496	-3090033.405
77.40000874	11933025.75	182123.6751	1855699.69	368546.38	-59699.99306	-3140160.741
77.50000586	12057171.84	183464.5425	1584329.682	575512.0971	873655.4372	-2984210.449
77.60000706	12158503.29	181662.5115	1303072.747	1909045.424	-3398.426254	-2521018.449
77.70000497	12242037.81	188471.2486	1015772.301	-251729.3462	41708.81104	-3151966.483
77.80000047	12303148.78	185625.5675	722561.7401	1252343.498	-671079.3774	-2825117.384
77.90000265	12348847.49	187699.3029	426250.0639	699946.1067	932717.5125	-2939406.996
78.00000577	12367497.69	191978.752	126824.5797	-845221.3717	354911.3214	-3026489.516
78.10000628	12362567.28	191131.6936	-173036.3859	-511267.6877	-919554.5437	-2982117.502
78.20001135	12340669	187955.3789	-472027.3115	605145.7551	-309480.6432	-3088368.558
78.3000059	12298922.04	190482.0053	-768905.8421	-646619.8992	1001422.39	-2928999.13
78.40000265	12228264.46	191069.863	-1060005.225	-1265185.526	-881491.485	-2760847.397
78.50000621	12145939.86	188016.0082	-1347695.127	-584518.6629	935108.0595	-2963766.329
78.60001029	12035818.35	186282.4551	-1625495.155	-537699.7145	-809256.4029	-3009316.051
78.70000654	11910465.95	186750.0307	-1895977.023	-1470738.626	-1062717.033	-2589895.829
78.80000021	11768173.22	183620.2762	-2157216.686	-1105479.348	-988667.3764	-2792928.97
78.90000362	11612674.69	181644.4112	-2410226.671	-1304014.344	979253.5097	-2709355.856
79.00000831	11435127.38	178890.9207	-2647253.399	-1276439.965	-917623.636	-2743841.81
79.10000698	11247023.22	176114.7023	-2874554.408	-1337817.287	-840872.6585	-2739192.962
79.20000426	11048610.93	175441.2186	-3091668.265	-2301845.671	1103362.652	-1866573.697
79.3000028	10835841.21	170684.4059	-3293025.7	-1751201.22	985157.6599	-2441876.056
79.40000004	10611813.91	170622.0095	-3479615.274	-3036315.082	-228584.2385	-853545.5273
79.50000509	10380874.93	167083.9021	-3654971.603	-3064048.118	366598.4224	-690807.3034
79.60000518	10141380.91	159708.8256	-3815291.769	-1717479.605	-100718.0332	-2653322.386
79.70000305	9896798.156	157619.6079	-3964264.557	-2379595.736	1303579.016	-1624255.486
79.80000323	9645920.323	153718.579	-4097945.163	-2393632.374	1328521.415	-1582894.472
79.90000103	9390491.72	148578.4147	-4217065.855	-1997454.593	323893.4795	-2430075.753
80.00000261	9131916.915	145832.0222	-4322282.202	-2412561.117	-1487419.443	-1402544.922
80.10000403	8872586.635	143761.274	-4417315.492	-3040078.026	-744994.8336	450453.4356
80.20000288	8612450.477	139819.4941	-4499875.013	-3056026.264	193632.1579	789436.5483
80.30000184	8351997.78	135332.7402	-4568161.218	-2877183.107	-1175576.062	582956.5074
80.40000189	8093632.448	129089.7306	-4627885.465	-2338693.533	1138670.292	-1798316.581
80.5000016	7837114.851	125052.8543	-4674390.987	-2340626.55	1105871.141	-1816181.812
80.6000017	7583735.339	122316.6645	-4708171.364	-2508311.241	-1924053.169	-79963.25901
80.70000034	7335397.015	117380.0419	-4736422.16	-2372096.617	1446556.819	-1510175.821
80.80000175	7092193.903	115614.6105	-4752244.217	-2507469.03	210069.5922	1915324.994
80.90000181	6855707.276	109554.7164	-4759640.073	-2280431.152	-951751.6443	-1973272.047
81.0000021	6626873.503	107671.4336	-4759510.227	-2198131.908	-1832780.96	1345039.059
81.10000114	6406891.895	103112.924	-4752790.968	-2154029.869	-2206070.602	-702429.9424
81.20000148	6196751.891	101132.1826	-4740873.038	-1867474.246	-903162.2737	2386804.946
81.30000038	5997721.134	96000.41513	-4724069.718	-2182644.987	769669.3414	-2154917.624
81.40000128	5810932.065	94807.00589	-4702884.085	-1551045.691	1394161.086	2377093.211
81.50000114	5637895.183	91450.14547	-4677283.25	-1520923.041	-2621607.718	902200.6847
81.60000054	5479186.524	87755.19813	-4652439.097	-1981091.904	-41911.40248	-2464450.913
81.70000091	5336245.719	86403.60573	-4627144.215	-1381735.835	2827998.382	305337.8994
81.80000023	5210492.473	84982.11243	-4601447.548	-783185.7625	2092245.093	2238108.696
81.90000024	5102721.69	82278.68603	-4578020.976	-1318095.314	2671093.84	-1062018.098
82.00000088	5014016.162	81890.35041	-4557137.575	-262718.3744	1890308.859	2521450.272
82.10000039	4945418.215	80622.42494	-4539189.221	-108795.3574	-2521581.61	1905200.712
82.20000093	4896900.609	80185.83347	-4527672.319	395732.9551	136168.3133	3134462.254
82.30000066	4869476.547	79568.65975	-4521099.873	412175.3145	2019428.623	2398336.83
82.4000006	4863836.916	78826.90839	-4518266.195	54204.66144	-3156576.323	-181900.4451
82.50000045	4879058.756	78326.6188	-4523010.166	-524569.3532	-138020.9165	-3115409.639
82.60000091	4915645.877	80561.74193	-4532434.072	1235707.198	119822.7223	2908379.315
82.70000022	4973317.784	80957.21775	-4545952.45	953155.2629	-2915890.778	767512.8766
82.80000012	5050754.698	81321.20618	-4565826.929	308753.1893	1910721.098	-2500763.154
82.90000064	5147914.778	83845.88199	-4588157.631	1223252.593	2834498.347	685034.4622
83.00000043	5263985.599	84640.42135	-4611619.62	712196.5108	-865061.0552	-2957100.861
83.10000035	5397473.968	87264.96893	-4636987.226	1229271.521	-2493568.413	-1506986.429
83.20000015	5547349.359	89972.44147	-4663009.696	1544614.422	-2662181.315	-725917.9932
83.30000002	5712532.084	92854.19717	-4688153.383	1769654.121	-2610628.39	-230094.9872
83.4000012	5891852.027	95828.91929	-4711194.248	1910753.668	-2515894.314	-138910.8392
83.50000158	6084110.154	98486.74477	-4731087.986	1918595.728	-2151490.953	-1300029.658
83.60000053	6288032.963	101427.9347	-4748067.99	1952672.33	1350214.06	-2089017.177
83.70000113	6502700.821	106318.2674	-4756505.274	2258838.291	-2043558.719	849421.7685
83.80000074	6726722.719	109596.0952	-4760047.637	2319857.928	-2148338.701	53851.83837
83.90000017	6959062.029	114551.1268	-4758024.067	2286376.816	763670.2604	2046775.217
84.00000054	7198600.303	116196.7429	-4745434.407	2564584.764	-642688.7546	-1734893.701
84.10000254	7444311.973	122600.1875	-4725865.121	2297429.362	1024702.212	1916195.112
84.20000129	7694994.258	124283.8637	-4695038.058	2782565.371	223882.3113	-1485667.079
84.30000261	7949514.631	128741.562	-4653512.477	2837632.775	-998894.2754	-974705.3212
84.40000197	8207588.852	133922.4518	-4604277.893	2634627.019	1733779.851	229669.1118
84.50000121	8467066.201	137356.3238	-4540866.982	2924067.026	1045991.175	-596434.8156
84.60000062	8726768.595	143620.3271	-4463787.527	2435107.91	-1418361.487	1434747.421
84.70000069	8987710.454	145925.0855	-4378755.319	3048120.313	764979.4647	-351808.1588
84.80000477	9246782.154	153140.8739	-4279164.994	2122325.707	968227.9124	2135010.142
84.9000041	9502264.867	156418.4765	-4163684.153	2492821.233	-1380823.924	1370827.338
85.00000455	9756973.798	159758.7009	-4040541.495	2775697.278	1294136.825	787854.3639
85.10000001	10003907.09	164022.592	-3897942.429	2780145.147	-1160870.595	960818.6226
85.20000029	10246517.56	169212.8417	-3744487.036	2373783.748	-1258148.58	1667996.664
85.30000448	10483567.76	171254.7406	-3579172.4	3076625.84	75389.87846	727110.5871
85.40000246	10710028.85	178274.0125	-3397157.279	1884436.578	-1052515.888	2311083.965
85.50000598	10928198.14	180421.9403	-3203046.328	2463581.53	-1059060.28	1676054.107
85.60000465	11137341.36	187221.0543	-2997397.525	1179867.12	204825.3886	2926766.158
85.70000289	11331051.05	189167.8748	-2775537.284	1709143.302	-1072272.212	2434966.423
85.80000776	11514203.7	194154.8508	-2543675.913	961745.4704	-477654.9206	2974372.443
85.9000101	11684062.45	193497.201	-2300588.43	2319468.779	698659.6054	2032717.23
86.00000876	11836512	199681.5123	-2045316.086	911624.8736	914596.1184	2886599.042
86.10000659	11971615.5	202311.7386	-1779631.687	782582.2045	935514.1112	2917598.06
86.20000643	12087996.45	201685.4895	-1504587.311	1812478.555	687351.7752	2498493.351
86.30000298	12181837.73	206321.0134	-1220769.001	657336.9531	-975864.8317	2935233.545
86.40000094	12263972.67	206506.4679	-932879.6489	1109416.816	924974.4906	2813115.092
86.50000628	12318056.22	211623.9509	-638114.5664	-506036.1444	-211770.2461	3114334.726
86.60000895	12351881.02	209197.7989	-340288.351	694901.4998	-885784.2175	2955080.071
86.70000349	12369148.93	208879.5331	-40910.17936	924188.6415	453065.1992	2990084.829
86.80000806	12362371.93	212689.0321	259066.5207	-610747.2471	909434.9954	2966465.201
86.9000091	12329005.27	213796.5936	557111.3603	-1232450.99	-559050.1717	2858063.587
87.00000443	12278246.47	209101.2784	852363.0218	277254.1852	-438611.5457	3119415.014
87.10000948	12209109.53	212303.6978	1143764.364	-1453942.856	772025.0204	2700005.1
87.20000161	12113898.49	207459.6235	1427298.739	-165395.3732	-497752.2298	3118475.123
87.30000016	12001511.19	209680.4381	1703877.576	-1779484.469	-854654.3196	2470425.271
87.40000307	11872204.9	208588.5463	1972375.61	-2222494.596	-507601.095	2191542.585
87.50000014	11723745.53	204464.8435	2229986.6	-1595156.684	-1103125.338	2497716.886
87.60000369	11563912.53	201065.838	2479998.941	-1378219.64	995908.8762	2666210.07
87.70000498	11383182.61	197057.9399	2714284.153	-1011157.075	-347063.9594	2976089.377
87.80000396	11192384.55	194337.4349	2939104.771	-1254494.577	554760.8019	2849295.318
87.90000841	10985986.65	194506.8655	3148165.506	-2672295.633	-881221.2308	1443012.542
88.00000529	10770548.15	190968.1942	3345823.494	-2742382.819	-924844.9323	1274361.93
88.10000486	10547295.41	184669.6631	3532542.199	-1858149.515	975961.5612	2365328.606
88.20000533	10313603.46	181944.166	3703555.881	-2365558.852	1250473.952	1685362.338
88.30000197	10071295.89	176109.8938	3858694.516	-1750558.822	-236247.4954	2622924.119
88.4000035	9824705.432	175458.0421	4003165.231	-3077383.278	649953.1583	327525.6553
88.50000503	9571626.125	170759.4064	4130971.728	-2928219.997	-1126930.292	394405.5857
88.60000505	9315770.542	165538.047	4247123.258	-2648699.486	-1496331.044	863356.4976
88.70000373	9057436.644	160706.9139	4350513.498	-2531759.756	-1567028.433	1065182.814
88.80000119	8797660.287	155412.218	4441404.472	-2296555.203	-1324290.744	1723974.543
88.90000115	8537845.815	150584.758	4521612.537	-2256952.913	884057.7443	2030912.468
89.00000116	8277477.347	148497.3094	4585925.073	-2867886.495	-1153629.758	-666607.4057
89.10000028	8019398.323	144289.8241	4641175.492	-2893729.891	-325659.8293	-1232993.51
89.20000161	7763855.068	137058.3866	4684618.136	-2263865.855	-401941.6125	2171026.101
89.30000206	7512084.668	132872.0963	4718602.816	-2330845.815	948760.0555	1914944.423
89.40000242	7264901.358	128424.2805	4741382.768	-2302330.56	338252.608	2141228.425
89.50000221	7023561.01	124248.7206	4754944.359	-2288624.109	-546865.4763	2112613.983
89.60000049	6789165.492	120176.088	4761299.862	-2299494.275	530500.913	2104969.088
89.70000115	6562695.465	118383.7025	4759599.596	-2184361.466	741510.442	-2163036.581
89.80000048	6345364.128	113996.3462	4751751.129	-2101176.445	2028347.502	-1212791.804
89.90000144	6138467.502	109200.338	4735862.998	-2099644.954	-1986888.9	1282093.431
90.00000019	5942708.083	105785.9483	4718789.173	-2088167.007	2034665.175	1224620.831
90.10000051	5759687.296	103673.3219	4696461.088	-1604114.632	2128026.733	-1702444.852
90.20000135	5590617.781	101068.3868	4670918.141	-1196286.423	-64397.72292	-2926559.709
90.30000089	5436580.605	97951.996	4644225.948	-1122776.259	-2231644.737	-1938848.948
90.40000053	5298628.492	95043.71297	4617991.705	-1184118.969	-2878037.948	-561034.6144
90.50000077	5177870.446	93338.98126	4593183.066	-693380.3079	-2336992.888	-2014370.371
90.60000107	5075180.784	90590.72595	4571751.547	-1293462.883	2641164.096	1162413.863
90.70000008	4992211.068	88691.58361	4551465.49	-1456536.368	242121.4839	2796404.656
90.80000084	4929350.866	88277.28104	4535061.569	-595658.9425	-3085163.342	356311.0739
90.90000068	4886835.888	86862.11984	4524965.635	-1085456.92	-471752.3187	2932444.889
91.0000001	4865500.29	86567.91498	4519919.184	-850325.2694	1325613.365	2742206.437
91.10000001	4865656.447	88102.62432	4519809.053	868684.5147	757642.847	-2944718.073
91.20000025	4887270.884	88498.44534	4524960.368	1086550.176	-901054.844	-2829754.209
91.30000097	4930065.815	88596.079	4535236.016	667401.3393	-3085242.977	-189344.2013
91.40000014	4993156.012	90476.4725	4551782.289	1434657.268	583068.1291	-2757134.397
91.50000016	5076412.856	91354.16388	4572119.629	1022237.47	2964286.008	-409925.6294
91.60000077	5179433.22	92892.12452	4593344.585	1061749.061	-2881959.008	752994.8259
91.70000112	5300346.824	95749.38346	4618492.524	1660036.802	-2325538.66	-1355045.298
91.80000027	5438592.534	98029.63401	4644437.598	1662813.246	-2627571.753	-575255.4165
91.9000012	5592970.285	100240.6485	4670401.301	1526985.169	-2522483.434	1142538.236
92.0000002	5762267.698	102776.0791	4695516.606	1483717.2	-1240249.85	2502071.858
92.10000043	5945319.274	106047.5982	4718684.306	1631155.741	1131604.363	2461463.49
92.20000149	6141032.627	111056.0414	4737824.233	2080595.137	2124519.112	-1075891.455
92.30000038	6348355.159	113816.292	4749966.453	2108595.317	-2064875.088	1135833.025
92.40000166	6565739.784	118790.1541	4758277.179	2282289.245	-1944544.264	-1004939.505
92.50000145	6792281.013	121253.0108	4761260.395	2314749.625	586621.9503	2073115.738
92.60000105	7026815.04	125656.9061	4755780.578	2432817.34	1182025.975	1638357.222
92.70000193	7268183.085	129829.733	4740847.673	2597748.898	-17150.72856	1803165.693
92.80000069	7515297.623	134508.8948	4716852.934	2699085.845	-950883.6142	1345643.324
92.90000292	7767330.093	138899.7745	4684426.674	2812792.125	132736.6672	1438951.508
93.00000193	8023012.915	146293.456	4641341.918	2257790.742	812499.8886	-2059666.21
93.10000352	8281493.73	150434.2236	4587353.319	2395172.526	1579266.422	-1330062.457
93.20000154	8540719.992	153925.8544	4518441.926	2819131.555	-1432005.357	-43103.75945
93.30000082	8801710.493	157919.7928	4441970.416	3059504.184	541167.6333	588703.4407
93.40000009	9061917.508	163128.0621	4351851.413	2955298.83	1124193.952	48956.98086
93.50000431	9320457.753	168152.9459	4248471.71	2893112.095	1241137.153	-299133.7061
93.60000484	9576406.641	173701.8764	4132097.039	2621386.71	1450600.939	-1011972.645
93.70000164	9827924.566	180477.348	4001145.633	1884639.882	603182.9445	-2466637.966
93.80000278	10073907.26	182249.942	3855658.405	2912858.584	-959954.9832	-770546.1065
93.90000624	10315013.71	189828.0626	3698855.723	1758316.473	-627447.4083	-2552377.898
94.00000096	10548168.34	193622.8875	3527411.657	1953931.097	-1064697.106	-2246903.055
94.10000074	10775703.69	196270.5828	3345812.379	2505017.518	1162572.332	-1540556.006
94.2000042	10991179.99	200484.7554	3147859.354	2425009.468	1123991.528	-1689962.168
94.30000502	11192483.97	205873.4889	2933938.425	1831532.774	-1093822.087	-2334318.09
94.40000926	11384585.18	208086.6715	2710362.349	2355422.112	-893625.3384	-1911392.275
94.50000109	11563112.23	214868.3896	2474669.828	1006446.798	-645758.361	-2927466.649
94.60000105	11728255.63	214248.9343	2228124.287	2433110.582	352423.7574	-1988911.861
94.70000098	11876902.73	219108.768	1970375.169	1609286.017	1060527.07	-2507086.128
94.80000554	12006384.58	220988.763	1701680.746	1830996.978	817051.3222	-2445378.745
94.90000741	12114322.95	223589.9069	1423203.233	1640684.945	-768609.702	-2591793.209
95.00000375	12209253.41	229611.4156	1139643.451	-38759.95397	514549.3352	-3119893.692
95.10000465	12277825.71	227840.4727	848152.5728	1194544.783	-801945.4851	-2816016.016
95.20001024	12332921.26	229834.2916	553522.474	796069.714	934957.0645	-2914125.649
95.30001178	12360612.97	234436.2361	254856.7096	-780246.7019	266810.4244	-3052871.973
95.40000255	12365139.34	233439.5158	-44965.2011	-321128.062	-952638.4174	-2998225.611
95.50000259	12352675.87	230584.3942	-344514.7011	706255.1852	-285001.619	-3069198.216
95.60000966	12320056.92	232810.7634	-642644.7138	-420615.8277	1001721.113	-2969787.389
95.70000543	12258937.62	234428.7444	-936018.3455	-1466229.82	-614463.3502	-2733606.575
95.80000882	12183479.8	229216.988	-1225687.654	9216.364642	410601.5944	-3135493.803
95.90000558	12082534.27	231314.9415	-1507070.036	-1527762.892	-929610.0232	-2608019.508
96.00000022	11968149.83	230756.6295	-1782730.759	-2172249.873	292000.5994	-2279488.131
96.10000348	11833019.08	228584.1326	-2048319.907	-2318338.312	341540.1092	-2123360.032
96.20000629	11678299.67	224783.9633	-2302099.497	-1949487.75	-1030538.205	-2266602.859
96.30000877	11513964.25	220662.8612	-2548891.85	-1595825.39	1061073.255	-2515445.263
96.40000223	11330527.22	216050.8662	-2780742.429	-1149772.117	548286.3434	-2894374.918
96.50000344	11135240.78	215621.7257	-3001409.591	-2429847.831	988190.277	-1766159.533
96.60000735	10926081.64	208782.1876	-3207194.335	-1315117.676	-53433.8651	-2875345.253
96.70000298	10708713.03	205721.3235	-3402352.631	-1753988.889	921163.4871	-2464747.616
96.80000474	10478729.63	202018.0292	-3580054.849	-1978940.072	-1180183.825	-2165862.954
96.90000459	10244427.03	196945.5029	-3749165.936	-1800045.301	666876.3648	-2512988.824
97.00000351	10001037.13	192231.9261	-3901582.429	-1780059.44	117620.3668	-2611044.588
97.10000137	9751472.698	190343.5633	-4039457.02	-2789837.207	-1282341.311	-756577.2423
97.2000039	9499601.884	183605.288	-4168103.296	-2165368.657	1029971.051	-2061634.84
97.30000142	9242415.972	181667.2349	-4279795.071	-3145644.515	105398.4786	306287.0377
97.40000084	8982894.789	174448.5136	-4377861.544	-2374315.339	-1474263.006	-1479586.18
97.5000014	8723653.117	169867.4446	-4467770.302	-2547673.993	1524709.326	-1088401.901
97.60000182	8462450.494	164559.5994	-4539559.003	-2396612.479	-1557921.169	-1352453.421
97.70000318	8202963.719	160505.8032	-4602220.504	-2619709.458	-1749933.2	-273598.5276
97.8000032	7945808.415	154001.9402	-4655460.961	-2281495.273	608239.5256	-2103526.563
97.90000109	7691058.036	149103.1094	-4695105.069	-2268879.832	-433609.9733	-2159668.193
98.00000157	7440357.705	146722.4861	-4724836.986	-2627261.848	-1103718.995	1370875.474
98.10000153	7194952.579	139813.7612	-4746736.89	-2334276.574	1011011.053	-1878565.816
98.20000107	6955408.926	137165.4588	-4756894.646	-2381911.783	-1456538.476	1484921.522
98.30000096	6723208.208	132436.8464	-4762169.587	-2316016.025	1756953.493	1244662.284
98.40000072	6499273.675	128484.8034	-4757836.031	-2140868.491	775717.5694	2194298.147
98.50000088	6284826.519	122295.757	-4747728.272	-2246395.1	916500.5405	-2028234.655
98.60000021	6080879.809	120043.0489	-4732507.885	-1863017.485	1731851.106	1878791.526
98.70000035	5888831.128	116590.1338	-4711945.183	-1565890.839	101319.0065	2745490.911
98.80000056	5709716.681	113060.1485	-4688616.03	-1349764.99	-478662.5216	2819400.054
98.90000051	5544740.945	109804.922	-4663340.947	-1133338.164	-691564.1539	2870066.834
99.00000057	5395084.523	106872.8643	-4637242.397	-903480.3293	-602069.0637	2970056.588
99.10000073	5261829.087	104222.7213	-4611826.297	-720148.1945	958842.8082	2926090.745
99.20000092	5146207.065	100561.5866	-4587660.86	-1538987.574	2154945.324	-1728504.527
99.30000024	5049206.678	99779.51803	-4565676.384	-491359.5378	2367396.097	2038136.778
99.40000099	4972105.234	97539.23423	-4545717.339	-812334.5091	-2989080.368	-636797.6124
99.50000025	4914716.38	95839.58971	-4532340.924	-1237065.816	345417.6232	-2889698.052
99.60000073	4878411.198	96743.89512	-4522784.487	525480.2498	-661354.2742	3047372.808
99.70000093	4863472.827	95550.3713	-4518258.365	-107131.9499	-3125988.817	-465528.3728
99.80000018	4869394.646	95298.12699	-4521266.16	-380662.0335	2437466.265	-1978346.437
99.90000088	4897114.757	95571.24765	-4527907.806	-394315.188	534064.0657	-3091810.329
100.0000001	4945923.95	96861.3341	-4539393.949	193735.5691	-2491433.854	-1937840.005
