0	12370000	0	0	-1000000	0	100000000
0.100000718	5016734.409	129141.483	4562221.133	-98107768.63	14295931.96	-13095497.85
0.2000001296	3209815.407	89836.60237	3876649.569	69209284.03	2993755.93	72125671.08
0.3000002823	11907913.34	574118.7038	1921991.682	39631393.93	9859116.284	-91286091.17
0.400001345	6955873.024	560107.0882	-4762257.797	-99064599.47	1106787.819	-13637454
0.500000043	1734922.798	149835.0639	-2859044.305	98838541.98	12530256.7	-8656516.992
0.6000005174	10604856.22	1020884.86	-3438806.659	79551184.16	3749551.606	60485948.47
0.7000001837	8846938.751	1191051.957	4403583.08	-90470614.68	-8866794.09	41682704.34
0.8000000093	1051195.308	148963.3618	2159767.609	-71684434.7	-30042128.77	62927039.66
0.900000429	8825107.856	1329157.996	4407347.133	89211023.87	19505940.59	-40766548.8
1.00000014	10470553.47	1989009.427	-3438181.643	-78723236.56	-17696509.98	-59080331.41
1.100000033	1710447.664	343241.0397	-2859488.762	-55086813.8	-70800045.79	44201769.89
1.200001625	6832472.453	1405102.225	-4763928.412	94344200.77	31413748.79	10646509.64
1.300003709	11591653.32	2776933.566	1917738.266	-39927479.11	-3113029.03	91635721.54
1.400000216	3108918.424	811285.6677	3879643.328	-73992627.49	-877935.2736	-67270501.01
1.500000422	4850024.144	1276416.33	4562131.353	88169900.5	43114115.38	19189624.81
1.600000524	11875321.84	3462657.708	3749.976279	-409647.428	-178740.2843	-100004001.1
1.700000162	4783635.005	1529776.615	-4562980.066	-98214686.09	-14407030.16	12137253.32
1.800000084	3053404.535	984296.4953	-3874096.636	68613916.5	14216742.56	-71351346.83
1.900003754	11267839.13	3885211.535	-1924644.149	35351090.34	19955412.69	91395196.35
2.000001462	6524339.195	2487183.85	4762385.222	-95571052.13	-26269063.98	13308278.36
2.100000045	1620842.432	627222.7627	2858064.606	42717624.5	79310868.48	43427994.41
2.200003003	9892928.117	3947638.03	3441626.644	75648654.06	26423102.96	-59833943.28
2.300001878	8162947.438	3622587.517	-4403244.381	-84765656.49	-33027546.08	-41532694.12
2.400000014	966063.7727	438592.2428	-2160390.054	14838991.56	89217747.27	42673151.99
2.500003196	8096137.793	3746062.158	-4407573.993	80498252.06	42770562.56	41130407.16
2.600004051	9497118.391	4841301.236	3435204.898	-69901535.38	-39309055.77	59745907.7
2.70000005	1546676.397	810967.1098	2862235.858	-8817267.131	-37767414.31	-92178512.77
2.800000552	6161780.562	3260734.611	4763688.799	82049180.31	56012317.37	-11469625.69
2.900000922	10353318.26	5913990.952	-1914808.325	-37967359.1	-13462586.97	-91532717.62
3.000000153	2760251.561	1650595.564	-3881926.942	-75590982.27	-17997512.55	62953101.13
3.100000253	4295228.375	2581579.733	-4561203.009	72590085.74	66080120.68	-19107514.3
3.200001826	10431801.41	6647543.136	-7307.724891	479329.304	222180.6436	100003604.3
3.300000543	4166957.393	2810302.309	4563910.511	-90277861.84	-41242270.35	-12246746.44
3.400000197	2652952.498	1798517.112	3871691.623	66817350.7	27750264.43	69038862.03
3.500005737	9725954.075	6883444.844	1927161.516	28738925.22	28287482.22	-91514438.9
3.60000122	5569749.055	4217462.66	-4762698.159	-84861714.88	-51383007.29	-12620455.95
3.700000025	1380007.171	1053440.942	-2855325.24	1721907.738	38492173.59	-92284276.05
3.800000423	8390318.568	6557357.693	-3444897.519	65317891.39	47242399.89	59183855.2
3.900000429	6824950.981	5766487.512	4402821.804	-72773738.79	-54773031.61	41290409.91
4.000000018	806112.022	691917.0698	2159266.365	61018040.95	-79149666.08	3623401.591
4.100000914	6719845.895	5860750.818	4408169.907	65775324.35	62986858.51	-41319031.47
4.200005073	7764060.052	7307974.638	-3432279.681	-55495962.87	-57278788.89	-60335217.32
4.300000028	1258628.3	1212195.72	-2865871.704	-51244230.66	8063724.95	85498568.2
4.400001599	4999224.09	4853240.275	-4763639.483	63279044.48	76537327.23	11781344.16
4.500000242	8284806.137	8578949.99	1911723.184	-33116331	-23247545.09	91454142.98
4.600000131	2190256.18	2359288.837	3884148.789	-73484750.9	-37614071.76	-56446195.54
4.700000407	3398127.402	3678077.612	4560352.292	50795316.36	83689743.75	20417213.99
4.8000084	8153834.44	9302114.993	10473.64298	689424.7166	733327.3965	-99999934.62
4.900000258	3215956.828	3867548.043	-4564613.119	-74677608.65	-65571730.11	11162570.36
5.000000231	2040784.11	2467647.753	-3869167.626	64761935.72	42286819.08	-63393348.34
5.10000217	7407811.968	9329716.59	-1930794.819	19859602.6	35122540.57	91504116.45
5.200001242	4168301.476	5611530.887	4762458.677	-66926097.54	-73190155.7	12849069.12
5.300000007	1028915.787	1397219.325	2851628.617	57383317.91	-64544.82408	81903300.67
5.400001238	6216604.526	8642097.838	3447304.042	49513011.9	63651268.41	-59143703.65
5.500000426	4939179.698	7449990.655	-4401357.876	-54359931.15	-73017771.71	-41405348.69
5.60000001	579843.0773	888522.938	-2160450.974	-91585979.52	958099.8179	-40150845.57
5.700002336	4808067.379	7505068.63	-4409850.725	45160076.06	79180947.22	41133260.59
5.800002276	5408396.101	9192905.564	3429780.556	-37415554.94	-70546497.7	60201892.92
5.90000001	871803.9916	1516997.715	2868159.267	-83804128.96	-46521838.92	-28523437.26
6.00000119	3438783.642	6055266.847	4764281.229	38556490.38	91667243.54	-10559995.75
6.100001459	5551796.272	10556380.77	-1907969.568	-24870769.52	-31584816.33	-91568794.91
6.20000021	1444528.902	2880473.73	-3886182.807	-65482932.71	-60596239.64	45178327.38
6.300000017	2231501.808	4478607.696	-4559469.611	24784185.95	93729062.03	-24527679.43
6.400006355	5221567.289	11213681.47	-14758.57305	306795.8036	477490.1657	100003389.3
6.500000063	2006558.059	4616693.954	4564742.172	-50982875.32	-85638031.72	-8238564.64
6.600000035	1265690.141	2938221.051	3866749.877	59485649.42	61483185.74	51790688.2
6.700007124	4499226.813	11030595.47	1934568.202	8645426.038	39747354.78	-91358658.03
6.800001036	2432217.148	6557626.541	-4761353.017	-42188935.97	-89535424.96	-14300397.16
6.900000003	593460.4578	1627955.781	-2849654.99	68889155.06	69621575.36	-20201993.94
7.000003964	3545259.17	10034342.62	-3448864.018	30099466.57	74276533.73	59816541.6
7.100000925	2656663.122	8537904.565	4398627.85	-30302508.44	-85620095.64	41856387.87
7.200000014	306424.2253	1016460.312	2159955.855	25462067.35	71566448.35	-65045573.23
7.300002719	2513832.392	8548033.671	4412650.557	19749350.41	89310039.48	-40431176.16
7.400004033	2617032.193	10343623.68	-3428269.292	-16984609.16	-78596048.53	-59457415.08
7.500000001	413526.5624	1704071.93	-2868553.245	6764518.817	-98667803.04	14829225.49
7.600001219	1606046.761	6771906.17	-4765178.752	10062708.17	99176201.36	7988929.066
7.700005604	2374130.218	11687995.79	1903812.012	-13949401.27	-37200266.73	91774475.53
7.800000019	582341.8553	3172877.694	3887582.654	-43575456.63	-84449377.89	-31152562.55
7.900000105	888897.1137	4920470.014	4558227.609	-1397330.474	95390087.31	29996311.62
8.000004283	1869970.702	12227746.18	19192.20224	-41487.8005	-400066.4784	-100004191
8.100000274	634744.5501	4997773.655	-4564327.586	-20274536.29	-97783143.36	5329169.897
8.200000016	390141.181	3172045.207	-3865010.577	40791651.78	83463440.39	-37025602.81
8.300004032	1231403.22	11849341.59	-1939354.132	-3836819.037	41129228.5	91075053.57
8.400000645	499642.4088	6980144.641	4759724.379	-12893804.96	-97907274.6	15777052.12
8.500000027	113637.2678	1725116.359	2849326.198	-37573437.91	90030482.98	21994292.41
8.600004991	591330.278	10622151.52	3450610.526	8600379.622	78998511.61	-60714649.25
8.700000245	159726.1401	8943368.325	-4395521.616	-3317628.716	-90650466.7	-42100905.3
8.800000013	11230.84502	1062153.203	-2159536.028	72588429.72	-53848126.18	-42805363.88
8.900001548	20500.41429	8906693.757	-4415365.344	-7474279.53	91578027.15	39479109.53
9.000003149	-385785.6816	10666648.36	3426798.249	4867533.348	-80741414.5	58805876.45
9.100000048	-82574.97351	1754393.734	2870132.311	55392859.57	-40466493.99	-72767396.36
9.200000395	-353004.2801	6946844.559	4765708.829	-18815889.5	98061453.95	-5559995.675
9.300005888	-993537.0547	11885160.99	-1899435.571	-2104790.543	-39393909.3	-91894993.15
9.400000211	-328700.3162	3212885.239	-3888363.44	-7457460.553	-97452134.35	21177058.17
9.500000199	-523098.1195	4969064.579	-4556740.387	-25748601.53	90455780.76	-33996488.72
9.600007731	-1630611.939	12262282.47	-22969.63158	17961.61261	-994840.9252	100000049.8
9.700000399	-790493.1043	4979584.772	4564036.981	12273055.77	-99166282.45	-4052224.971
9.80000018	-514431.3793	3150611.128	3863875.591	8121170.735	96217862.93	26022479.49
9.900005342	-2135197.699	11719526.54	1943202.166	-15745111.72	38630960.9	-90888614.89
10.00000138	-1475495.436	6844560.685	-4758596.581	16682142.69	-97228771.31	-16409513.82
10.10000005	-371302.436	1686053.022	-2847291.541	-52813728.66	22817108.33	-81799080.88
10.20000182	-2406806.554	10359176.38	-3453099.905	-13651918.58	78032039.73	61037905.39
10.3000008	-2352004.558	8633544.866	4393485.645	22924776.26	-87747966.38	42139637.27
10.40000002	-286951.9424	1021351.413	2160703.481	-95536406.99	-29559738.64	129578.043
10.50000283	-2473212.392	8552829.811	4416946.275	-33192005.63	85830359.17	-39146394.56
10.60000005	-3358677.132	10135118.23	-3424367.155	27097790.28	-76273860.32	-58728255.5
10.70000003	-571768.194	1661787.38	-2873727.397	-7405932.595	-26067648.58	96263336.01
10.80000029	-2282593.053	6566454.445	-4765888.852	-45637658.26	88850752.05	4873192.903
10.90000747	-4282530.664	11133112.96	1896080.483	8955237.723	-38346170.52	91925920.85
11.00000021	-1216289.449	2996007.602	3889168.133	30372363.97	-93705460.83	-17257059.91
11.10000026	-1891910.335	4620484.237	4555520.961	-48855141.67	79725305.1	35469012.66
11.20000359	-4998484.015	11315207.45	27254.50547	214640.8002	-646366.3513	-100002680.7
11.30000036	-2154942.745	4562544.232	-4564451.509	41180267.63	-91053132.88	3809534.129
11.40000004	-1375110.753	2876870.071	-3862782.41	-27320113.79	93990158.32	-20505158.41
11.5000061	-5330768.221	10650298.15	-1946319.976	-25571359.03	32750580.67	90964306.53
11.60000047	-3335101.653	6161064.672	4758512.291	43139264.68	-88714194.91	16425451.72
11.70000004	-827728.5465	1513939.876	2843659.662	12095888.48	32740805.84	93716215.86
11.80000156	-5209108.054	9268746.841	3455815.277	-35315535.95	71358653.41	-60512440.91
11.90000025	-4677627.734	7632933.799	-4392793.523	46012511.68	-78117140.98	-42208542.43
12.00000001	-562805.8397	900977.5036	-2159595.444	40081693.57	81225462.46	42389646.01
12.10000312	-4767642.363	7514416.354	-4417559.381	-55266197.01	73340088.56	39596450.31
12.20000478	-6062827.272	8791291.377	3421408.261	47638902.02	-64996357.46	59220001.1
12.30000003	-1013874.973	1437363.907	2876804	-14777487.23	-81766330.28	-55649735.89
12.40000156	-4028306.162	5661078.366	4765897.04	-68544956.56	72590076.46	-5767991.752
12.50000593	-7230973.05	9491214.594	-1893213.319	18679423.66	-34776686.39	-91883955.16
12.60000009	-2008870.732	2538512.655	-3890240.313	61518254.07	-77092949.86	16528203.09
12.70000041	-3107752.94	3902836.169	-4554605.566	-69251470.84	62814842.55	-35489848.44
12.80000315	-7965127.932	9463983.352	-30993.86293	-117625.5105	232682.75	100004660
12.90000011	-3348941.938	3779408.154	4565376.887	64962891.1	-75937656.68	-3780883.297
13.0000001	-2123498.642	2373741.231	3861621.905	-58657605.09	78999942.69	17868811.37
13.10000335	-8097908.57	8728249.415	1949297.009	-32959782.15	24673388.25	-91136582.52
13.2000005	-4929914.576	4983315.25	-4758993.933	65491813.33	-73838257.99	-16116266.41
13.30000003	-1218601.098	1219060.922	-2840847.035	-4521055.563	88961165.31	-45458454.92
13.40000231	-7593321.438	7438545.53	-3458735.398	-54599743.72	58762149.86	59723343.25
13.50000048	-6631024.077	6020407.664	4392605.235	65278103.18	-62924950.31	42192651.9
13.60000001	-790960.3727	708055.4281	2160312.649	40944949.88	-67968116.64	60867447.79
13.70000015	-6678263.096	5875390.818	4418090.741	-72924662.61	55474655.15	-40069392.55
13.80000379	-8283204.937	6744267.484	-3418064.601	63938644.55	-48285030.42	-59844845.81
13.90000002	-1377220.123	1099187.399	-2878140.289	61716037.85	-77715087.39	12348921.58
14.00000007	-5449460.722	4303630.734	-4765902.482	-86004545.99	50620371.29	6464988.825
14.10000667	-9602285.361	7088333.189	1890458.504	27278269.13	-28781469.72	91806987.94
14.20000015	-2642477.814	1876454.909	3891285.013	84678398.44	-50255708.33	-17462319.93
14.30000015	-4073157.343	2874333.326	4553546.562	-83676294.07	41209627.94	36069992.74
14.40000673	-10295652.24	6856230.93	34398.06811	-749269.5037	594060.7725	-100000428.4
14.50000001	-4276578.594	2692437.295	-4566101.992	83970679.13	-54186475.07	3708229.385
14.6	-2700119.063	1681988.974	-3860694.54	-84017092.66	51594964.16	-16735824.29
14.7000053	-10215915.15	6109812.8	-1952189.801	-38275056.2	14821969.05	91193910.47
14.8000014	-6131570.899	3405217.518	4759002.92	83415296.66	-52773503.49	16057571.84
14.90000006	-1508892.765	826166.7817	2839937.084	-86708071.51	49179210.89	8007218.717
15.0000037	-9369847.147	5013668.768	3461293.797	-69114793.7	41099399.3	-59455737.06
15.10000067	-8055045.832	3924286.706	-4391531.146	80168419.67	-42330045.44	-42216012.85
15.2	-958302.6436	456472.3587	-2160536.623	-79879408.24	-13304812.24	58679315.87
15.30000119	-8053067.136	3768690.021	-4419368.545	-85588073.79	32806872.08	39992383.9
15.40000472	-9843044.225	4156146.433	3415561.212	74842616.07	-28385328.48	59948777.69
15.50000005	-1633621.641	670413.5491	2878729.828	95294717.8	12721648.86	-27533187.41
15.60000127	-6432890.768	2604437.731	4766131.077	-96842597.5	24321263.27	-5566638.255
15.7000056	-11204497.36	4116529.939	-1886733.31	34180722.72	-19858645.88	-91860287.27
15.80000024	-3066024.802	1062139.644	-3892054.761	96573381.02	-13951202.94	21907670.23
15.90000029	-4711512.571	1618120.049	-4551970.975	-90527358.25	18338576.82	-38333979.82
16.000004	-11803826.18	3698269.189	-38680.11704	-708512.3604	303457.5643	100002029.6
16.10000028	-4863264.441	1388166.188	4566095.832	96658770.14	-25370066.67	-3800246.464
16.20000019	-3059229.135	857824.201	3860157.657	-97251881.39	12400916.06	19730404.12
16.30000263	-11517086.11	3004829.127	1956398.449	-41231061.74	3097388.393	-91057156.41
16.40000092	-6843572.413	1553089.465	-4757917.729	95189057.58	-25757814.24	-16630644.1
16.50000004	-1676163.08	371316.9244	-2839118.215	-73934165.4	-45686027.69	-49472477.81
16.6000006	-10395522.91	2187248.444	-3463473.631	-77354468.67	20395676.26	60010853.75
16.70000061	-8834904.514	1512252.517	4389023.052	88978135.01	-17002069.49	42365329.25
16.80000001	-1048765.248	171189.9078	2159682.475	37052798.85	91676737.39	14948776.49
16.90000082	-8782818.587	1363131.381	4421817.678	-91803539.91	6384938.081	-39145148.17
17.00000423	-10617044.57	1232701.289	-3413875.446	80154924.84	-7016700.862	-59388163.24
17.10000006	-1758446.419	184080.5408	-2881009.475	35623643.87	36107983.17	86186829.33
17.20000072	-6900794.893	699909.0648	-4766413.319	-99880900.74	-4054524.311	2892490.188
17.30000561	-11908717.68	814725.04	1882284.176	38210909.19	-8530309.96	92022607.17
17.40000018	-3244632.858	159969.2739	3892876.687	91586596.6	23607195.4	-32489931.5
17.50000069	-4972723.643	234552.1738	4549794.162	-91176156.07	-2896512.187	40981932.38
17.60000787	-12367476.65	242491.8029	42502.36129	127984.7759	-31055.64415	-100004913.2
17.70000062	-5061459.888	-29686.88476	-4565552.612	99559324.53	7901930.631	5147853.161
17.80000005	-3173178.204	-32005.4206	-3859517.821	-91288495.82	-27886124.58	-29829089.62
17.90000114	-11898000.57	-339332.2325	-1960984.712	-40915657.82	-9600890.802	90745423.25
18.00000055	-7008532.904	-425479.3701	4756089.296	98416527.76	4761651.019	17103033.17
18.10000003	-1711925.426	-111046.5386	2835890.665	-18032131.96	-5586691.432	98207082.72
18.20000099	-10588382.45	-813184.8382	3465395.538	-79234475.14	-1591347.249	-60994799.47
18.3000024	-8907725.417	-1022806.533	-4385933.331	90020331.06	10426141.1	-42292263.8
18.40000001	-1053461.244	-128890.0124	-2160932.713	54587889.86	-76615838.4	-33928978.56
18.50000273	-8810306.672	-1149172.481	-4424303.864	-90157636.42	-20937010.94	37871389.85
18.6000027	-10541467.7	-1791825.848	3412586.44	79570501.08	14772432.28	58747856.15
18.70000005	-1740454.701	-315842.8483	2884854.937	38825804.98	-33970044.67	-85671424.25
18.80000133	-6817238.365	-1258305.195	4766377.408	-94872502.31	-31625953.75	-85755.74214
18.90000362	-11660133.24	-2552421.362	-1877526.889	38745887.01	3514033.378	-92127128.52
19.00000023	-3162571.384	-757432.7912	-3894342.343	73764158.59	49295927.89	46149327.21
19.10000016	-4836159.521	-1166252.854	-4547518.18	-87661724.23	-23214635.47	-42160441.23
19.20000774	-11940552.43	-3232589.662	-46689.52234	924264.5439	-13643.63746	100000727.7
19.30000069	-4854280.159	-1447738.132	4565245.979	91575262.77	39451574.81	-7651437.364
19.40000013	-3034330.101	-916890.4575	3858189.682	-71689414.49	-54946839.26	42924034.13
19.50000165	-11326924.05	-3656370.118	1965044.284	-36829168.11	-21456624.38	-90466710.16
19.60000076	-6612543.239	-2372440.256	-4754610.172	92399477.09	34245972.47	-17045527.37
19.70000003	-1610768.251	-586986.1714	-2832479.978	-71302502.15	38345778.04	-58707363.2
19.8000001	-9933453.017	-3745749.51	-3467754.054	-75244126.13	-23418576.57	61570218.08
19.90000053	-8268005.16	-3477944.594	4383423.685	83135460.51	36288217.53	42102974.64
20.00000001	-975375.9005	-420521.0447	2160361.285	-74343387.67	-13064511.25	-65600146.76
20.10000247	-8133063.897	-3568260.191	4426108.742	-80686396.11	-45949094.62	-37140088.67
20.20000202	-9621005.406	-4674101.723	-3410668.419	72605491.64	36077990.94	-58547597.33
20.30000006	-1585333.975	-789613.2789	-2887156.686	95327326.26	-7505928.141	29280743.01
20.40000034	-6188845.24	-3114590.806	-4766313.663	-82384283.61	-56678274.24	-1184501.242
20.50000023	-10480087.78	-5716062.187	1873413.196	36021539.94	14430168.75	92169511.72
20.60000016	-2826066.485	-1615415.835	3896396.092	54005349.75	62370274.43	-56518767.39
20.7000005	-4312981.854	-2472100.856	4545898.864	-78976623.11	-44478475.38	42253499.61
20.80000302	-10557616.77	-6446945.687	51106.3801	858529.3086	202647.6289	-100001109.3
20.90000074	-4257655.462	-2751706.526	-4565609.311	75529713.7	64883931.03	9291815.85
21.00000019	-2654054.099	-1727210.743	-3856302.029	-49622008.99	-68877477.22	-52863497.38
21.10000185	-9848095.992	-6680865.683	-1968427.969	-29417506.07	-30822009.45	90474383.5
21.20000103	-5686744.906	-4131568.438	4754229.98	78893252.88	59047373.61	17037086.6
21.30000004	-1378370.614	-1014179.746	2831222.708	-89710405.42	-43081108.15	9851968.341
21.40000002	-8485047.802	-6375269.11	3470269.522	-65854343.98	-43736053.77	-61248371.24
21.50000281	-6966145.589	-5656296.051	-4382476.657	69795008.56	57846048.51	-42231403.63
21.60000001	-820039.6572	-675591.9264	-2160242.691	21492315.21	81851922.3	-53285487.73
21.70000168	-6805131.164	-5700800.393	-4427079.899	-64711834.33	-66390922.29	37491651.54
21.80000472	-7929268.418	-7182430.137	3407721.383	59123288.54	55153439.19	58851804.53
21.90000001	-1303972.275	-1203944.566	2887853.944	61371593.93	78190639.99	-10988688.6
22.00000031	-5065912.812	-4720606.038	4766505.288	-63086598.36	-77592875.64	653266.2911
22.10000616	-8462268.883	-8424037.455	-1871085.47	30944439.64	23391614.67	-92175235.38
22.20000019	-2262296.862	-2344926.818	-3898574.421	35599891.71	69651807.15	62307892.52
22.30000033	-3445502.406	-3578243.422	-4544878.891	-63573957.58	-64578850.01	-42295674.12
22.40000284	-8330957.729	-9143707.814	-54850.75782	69875.54048	-26292.88722	100004972
22.50000008	-3319244.027	-3836874.054	4566462.617	54216366.12	83505353.54	-9404338.073
22.60000021	-2062666.733	-2398443.651	3854221.756	-28498514.98	-75245397.74	59388254.42
22.70000395	-7580426.445	-9169403.391	1971077.201	-19967419.8	-37112902.12	-90691425.41
22.80000004	-4304804.553	-5561919.784	-4754651.965	59984145.09	78145996.39	-17207718.79
22.90000005	-1037560.853	-1356290.049	-2830518.827	-7930441.497	-95427617.04	-28838828.06
23.00000002	-6359964.569	-8493044.441	-3472992.297	-51189569.96	-61082733.31	60411320.28
23.10000218	-5106100.643	-7384022.844	4382228.84	51644419.49	74352949.16	42491091.85
23.2	-596400.1703	-878094.9698	2161268.531	59508750.55	-75087478.22	-28663203.28
23.30000179	-4933491.499	-7375485.024	4427594.848	-44027022.1	-81238140.13	-38248998.85
23.40000261	-5602879.662	-9116916.237	-3404064.476	40430350.34	69537556	-59421503.5
23.50000003	-915042.1333	-1524502.734	-2889047.579	-16823719.33	85399882.16	49242487.7
23.60000062	-3538779.771	-5947273.986	-4766722.385	-38626478.16	-92243673.17	316140.0433
23.70000535	-5766429.39	-10459849.19	1868326.404	23899530.54	30673351.97	92135541.02
23.80000018	-1516130.681	-2887618.997	3900825.634	18385005.59	72518191.88	-66363419.26
23.9000004	-2303853.079	-4396591.607	4543882.284	-43150787.69	-79664485.84	42338861.8
24.00000459	-5438840.676	-11109564.01	58392.24369	-407940.7173	-715355.4953	-100001609.2
24.10000021	-2113550.053	-4616340.064	-4567318.898	28608279.59	95360049.27	9435430.141
24.20000003	-1307845.858	-2877014.782	-3851924.743	-10037191.54	-74854059.56	-65552456.5
24.30000601	-4707706.003	-10922723.16	-1973804.435	-9276906.752	-40808599.12	90827293.47
24.40000058	-2576508.255	-6548510.448	4754900.824	36348682.69	91546231.74	17293372.18
24.5	-617396.9429	-1589803.712	2828215.377	29005205.62	-42383082.36	85810094.84
24.60000299	-3727178.475	-9931441.163	3475496.604	-31999255.32	-73403554.64	-59907977.97
24.70000305	-2835358.549	-8522099.598	-4381530.898	29311202.37	85596491.03	-42603921.64
24.80000002	-327253.8577	-1011418.967	-2160158.735	-97170996.61	12714698.65	19928217.58
24.90000269	-2669375.605	-8458415.096	-4428575.254	-19739131.74	-90192512.56	38427559.84
25.00000238	-2826894.217	-10323648.39	3401174.621	19026455.38	77945153.47	59695452.48
25.10000005	-450241.4362	-1721866.726	2891971.934	-15353373.33	30068483.39	-94133735.9
25.20000125	-1730964.902	-6696507.708	4766785.397	-11300576.16	-99364448.64	57657.44254
25.30000729	-2607132.555	-11658131.56	-1865139.057	14524256.67	36045723.48	-92145275.45
25.40000017	-646958.0091	-3199595.372	-3903428.426	5897019.062	71040699.55	70138749.44
25.50000018	-979656.3436	-4862308.362	-4542272.318	-21690358.31	-88123526.12	-42009195.43
25.60000628	-2110341.756	-12188047.76	-62155.59877	-206135.558	-887641.0894	100000848
25.70000058	-736290.6639	-5027394.109	4567769.48	-779521.6301	99372622.57	-11201527.97
25.80000011	-450121.7025	-3125321.334	3849168.364	683912.7773	-69880450.04	71534991.2
25.90000055	-1460812.406	-11802339.59	1977989.206	2716986.452	-41972721.53	-90729866.26
26.00000084	-639920.4372	-7011866.804	-4754093.743	8183580.51	98163287.45	-17262618.76
26.1	-147451.2031	-1698296.224	-2824446.689	-43507456.62	-24578873.36	-86625517.04
26.20000376	-795896.1416	-10574647.85	-3477682.946	-10328067.46	-79139151.32	60260482.5
26.30000187	-335481.2711	-8978645.189	4379345.227	3355834.911	90430992.54	42567287.45
26.4	-32051.19235	-1061534.556	2161232.433	50774039.34	67962858.96	52953250.44
26.50000097	-194722.2048	-8863895.052	4430641.316	7085211.887	-92400951	-37588083.59
26.60000416	178011.9433	-10705730.96	-3399471.93	-3007729.545	80434296.5	-59348778.51
26.7	49306.02467	-1780068.511	-2895688.244	48481356.41	41769013.33	76849903.1
26.80000034	212163.8796	-6909373.907	-4766534.601	16360867.52	-98630614.15	-2307372.221
26.90000343	761500.8293	-11922083.12	1860492.57	3081212.584	38463054.46	92261040.37
27.00000025	275215.417	-3255346.468	3906499.752	6685.884933	70781104.5	-70647258.98
27.10000055	421343.864	-4938684.783	4540093.306	-985852.9956	-91515869.88	40309721.59
27.20000318	1389158.664	-12291446.6	66637.39165	109678.9882	-145617.122	-100004833.7
27.30000074	702770.1606	-5036118.891	-4567994.15	-30734168.95	93909394.43	15408974.58
27.40000001	442629.4272	-3123882.662	-3845930.346	3489477.462	-68702522.68	-72586410.05
27.50000363	1901475.627	-11739561.58	-1982037.393	15320710.11	-39885127.99	90418208.38
27.60000136	1350307.763	-6914154.669	4752392.1	-22181029.58	96065633.81	16745026.94
27.70000003	335920.8666	-1668975.364	2822313.871	-26212900.89	-94096585.07	21441000.55
27.8000036	2198541.447	-10370603.66	3479813.348	11804658.79	-78169744.48	-61246559.73
27.90000307	2193464.57	-8716097.568	-4376321.224	-23816476.57	87482477.5	-42197056.47
28.00000002	268340.8384	-1027786.756	-2161262.01	50311680.99	-58443414.75	63671830.73
28.1000026	2292896.387	-8561161.798	-4432881.949	33846685.24	-86917114.56	36066842.05
28.20000144	3171351.008	-10231485.01	3398237.876	-24449122.5	77123264.91	58781310.11
28.30000004	544445.465	-1698266.309	2897475.589	6207210.533	98016439.68	-18848026.15
28.40000121	2135941.056	-6570375.194	4765874.453	42081101.36	-90583756.29	4976344.49
28.50000148	4069384.69	-11231375.45	-1855646.217	-8860143.73	37367155.33	-92337389.8
28.60000014	1176071.15	-3050731.621	-3909572.596	-7665796.25	76040929.41	64498159.84
28.70000001	1787073.491	-4619514.387	-4537961.234	20652043.8	-90563562.4	-37050428.5
28.80000597	4777975.761	-11410457.37	-70568.0513	101039.764	810479.5629	100001664.6
28.90000061	2087873.744	-4640716.006	4568540.833	-56374074.96	80015727.23	-20504805.99
29.00000002	1299335.855	-2872299.068	3842862.113	10415361.19	-74353612.35	66061036.79
29.10000724	5111505.679	-10737988.65	1985896.849	26831283.96	-34203157.26	-90062346.38
29.20000024	3234856.924	-6262596.908	-4750799.589	-50341964.45	84964926.32	-15736832.94
29.3	788098.9896	-1504676.679	-2821967.237	78722608.69	-58264688.21	-20223179.51
29.4000007	5014580.533	-9336164.624	-3482395.039	32867475.74	-71212464.77	62044451.01
29.50000265	4548708.775	-7755604.17	4373635.378	-48612431.11	76811946.28	41686406.07
29.60000001	544820.1041	-913147.574	2160565.588	-95778669.91	-19030688.3	21570333.63
29.70000144	4595655.705	-7574095.443	4434705.772	57511858.51	-73994585.92	-34902541.25
29.80000415	5912130.327	-8936796.197	-3396899.258	-44515558.16	67783159.26	-58521862.61
29.90000002	1000500.33	-1481015.023	-2897884.807	-82909026.56	51654968.26	21420960.97
30.00000136	3887542.64	-5706601.715	-4765355.002	64894417.16	-75815461.03	-6459914.055
30.10000214	7052136.115	-9642905.749	1851616.912	-19401038.74	33079855.62	92359746.9
30.20000001	1984215.214	-2602356.805	3912057.974	-25301183.81	79545827.26	-55075506.92
30.3000004	3007602.013	-3930959.819	4536446.483	43749052.28	-83072963.64	34436944.36
30.40000608	7782725.133	-9615788.073	74575.38625	-151569.103	1043204.392	-99999443.76
30.50000054	3307074.725	-3872630.597	-4569418.851	-76006791.68	60513340.07	23708717.63
30.60000014	2050563.751	-2390628.49	-3840415.66	28134564.57	-77181216.29	-57030747.22
30.70000048	7912386.034	-8875837.703	-1990089.005	35555076.3	-25384640.42	89958082.35
30.80000023	4862071.558	-5108784.954	4750150.867	-72708593.2	66937118.61	15293221.61
30.90000003	1174673.285	-1223538.674	2819992.614	58547355.84	9929096.675	80465024.47
31.00000475	7426363.484	-7556478.042	3484588.343	51531542.06	-59206964.06	-61968020.62
31.10000045	6541388.944	-6174145.792	-4372109.408	-68250369.71	60044442.93	-41683952.63
31.20000001	777806.3277	-723067.4751	-2161923.705	44933588.8	87841594.84	-16304196.17
31.30000031	6529997.501	-5981406.185	-4435927.782	75876994.47	-54955604.84	34979468.38
31.4000003	8180392.217	-6925827.368	3393846.941	-61766081.34	52382974.84	58668348.74
31.50000002	1378569.106	-1141721.272	2899724.004	-67615684.64	-11984960.8	-72701306.08
31.6000015	5327053.525	-4387083.48	4765505.292	83595760.35	-54514920.41	6393145.074
31.7	9472255.807	-7284173.789	-1848318.446	-27505168.26	26567244.07	-92404801.08
31.80000007	2635644.5	-1945232.853	-3914031.045	-48247677.98	73567303.64	47550114.66
31.9000001	3985133.303	-2929044.38	-4535374.364	65093431.15	-67990936.48	-33779842.78
32.00000031	10162671.74	-7052541.981	-78927.14704	-49792.1314	421103.4779	100004100.9
32.10000033	4262536.258	-2793533.452	4570310.788	-89750345.94	36815656.11	-24299853.25
32.20000005	2635750.651	-1718287.354	3838385.125	50535927.66	-70633934.49	49577891.39
32.30000391	10079388.43	-6302649.685	1992786.435	40653915.51	-14708937.59	-90177083.06
32.40000074	6101426.899	-3545028.813	-4750370.581	-88176641.39	44469069.12	-15760133.43
32.50000002	1469200.707	-845576.2869	-2816393.768	5151942.619	-32479454.56	-94443329.67
32.60000351	9241833.816	-5174390.746	-3487136.323	66601995.83	-42678590.78	61185881.05
32.70000186	8011882.504	-4097576.061	4371740.426	-81740372.13	39265315.07	42163332.37
32.8	950861.3094	-475886.9399	2161072.413	27021225.82	-78161603.38	-56228259.01
32.90000069	7940634.802	-3910834.68	4436682.792	87756706.76	-31821624.37	-35876798.09
33.00000372	9793845.07	-4359456.864	-3390386.449	-74017176.74	32057954.93	-59116368.91
33.10000005	1644753.367	-709622.3071	-2903128.203	-19637240.33	12536961.77	97253294.97
33.20000032	6338889.99	-2717746.261	-4765971.272	95756919.76	-28289085.24	-5598211.775
33.3000053	11136165.83	-4341688.252	1846174.735	-33381126.85	18614405.98	92413225.57
33.40000025	3077831.052	-1131150.383	3915792.899	-69712763.71	58356008.05	-41661815.85
33.50000045	4642378.519	-1694587.611	4534442.18	81502164.99	-47032413.53	33857778.72
33.60000789	11729630.42	-3926429.585	81860.96189	621542.6987	-136444.017	-100002975.3
33.70000057	4877901.079	-1489270.675	-4571162.907	-96531217.26	10217098.16	24048596.61
33.80000007	3008542.199	-909677.1713	-3836564.698	72028330.73	-55065728.74	-42198164.55
33.90000595	11438199.67	-3226172.075	-1995456.863	42645631.91	-3320623.894	90395373.42
34.0000009	6853811.208	-1695817.174	4750705.315	-96857013.3	18840017.01	16271838.65
34.10000003	1645990.414	-398099.8183	2813600.911	51443981.99	-74346967.64	42743948.34
34.20000303	10317882.1	-2380033.834	3489747.814	76440875.8	-22326713.65	-60492233.92
34.30000031	8842802.275	-1691192.842	-4371158.364	-89171888.98	15576741.66	-42505756.49
34.40000002	1045469.872	-192334.4501	-2161587.303	-79219161.63	10622884.79	-60103899.62
34.50000033	8714312.963	-1529476.707	-4437589.385	92941408.72	-6295217.934	36376706.52
34.60000051	10625347.93	-1443480.316	3386962.525	-79833080.4	9497060.551	59476761.13
34.70000001	1778916.097	-222052.5237	2906445.701	-43127804.93	61565350.9	-65959836.34
34.80000101	6842493.368	-833348.1041	4766117.62	99853570.07	-221989.5468	5496841.416
34.90000508	11909073.51	-1049836.791	-1843041.47	-37146441.83	8958989.919	-92416872.7
35.00000016	3274843.791	-225142.9577	-3917355.263	-87314078.55	34887179.05	34060775.45
35.10000039	4927487.731	-326088.1601	-4533265.912	91721886.87	-23271683.01	-32350026.87
35.2000045	12359616.63	-485475.4334	-86056.52005	982219.8704	-20685.41646	100000174.1
35.30000022	5103611.295	-63300.92725	4572105.303	-95192433.61	-16944010.82	-25540185.59
35.40000004	3139457.027	-29611.76197	3835074.139	90073523.77	-29302814.75	32079672.11
35.50000479	11881962.58	105879.8412	1998992.361	41925732.8	8699570.028	-90374500.89
35.60000019	7058452.748	291637.09	-4750238.665	-98245263.55	-9502279.064	-16080263.76
35.70000004	1688025.869	79864.30819	-2812869.636	98813406.14	13380137.62	-7608066.996
35.80000328	10568412.62	604638.8394	-3492122.158	79551869.58	-80976.36474	60601101.39
35.90000189	8965995.44	853191.9703	4369510.567	-89956812.27	-10370225.44	42440904.21
36.00000001	1056882.239	109806.7465	2162249.332	42464368.79	76007951.17	-49199275.84
36.10000264	8790670.122	971019.6344	4439102.916	91146295.47	20367806.56	-35756192.16
36.20000271	10607614.77	1590550.696	-3385019.856	-79460671.84	-12900131.94	-59334544.97
36.30000002	1773165.926	283469.9137	-2907945.962	-97903436.35	13216130.85	15532257.94
36.40000032	6798298.361	1114689.123	-4765570.561	96137343.81	26648492.07	-6961967.86
36.50000022	11727408.84	2327058.771	1838522.565	-37966127.91	-2314617.413	92489003.01
36.60000025	3210705.783	700571.7645	3918394.165	-96992868.32	1106279.296	-24334330.51
36.70000049	4817854.541	1067174.14	4531922.696	95947121.75	2005897.366	28126965.79
36.80000753	12001000.48	2996547.865	89871.45894	379013.8738	268545.7274	-100003921.1
36.90000064	4920346.26	1370510.508	-4573329.265	-86156872.69	-41358002.26	29453504.67
37.00000021	3018192.288	850856.2252	-3834251.275	97238287.86	9175371.135	-21483201.32
37.10000323	11376868.98	3427693.836	-2003280.991	38075332.59	20929708.23	90073394.31
37.200001	6697699.679	2258505.281	4748911.455	-91102088.84	-38478123.78	14860800.74
37.30000005	1595708.641	546524.542	2811822.491	28170272.46	74070130.71	61000422.01
37.40000048	9972289.308	3540601.982	3494601.905	75767421.21	21838724.3	-61509088.79
37.50000106	8371067.784	3331730.93	-4366652.299	-83129044.07	-36601700.04	-41843489.18
37.6	985457.9593	401340.4532	-2161302.375	38879647.47	-91724670.99	8715374.031
37.70000171	8164470.35	3390911.397	-4441079.116	82000941.71	45969899.32	34111785.58
37.80000013	9741470.177	4500156.731	3383801.29	-73454301.06	-33730546.84	58887314.99
37.90000003	1626152.844	770777.6658	2908339.91	-56331676	-77968372.33	-27361929.66
38.00000156	6211226.762	2971222.226	4764405.719	85834070.4	50530379.42	8955060.816
38.10000547	10605777.17	5517775.003	-1834334.96	-35324656.05	-13847789.18	-92527873.69
38.20000008	2889975.103	1572819.92	-3918807.359	-90160076.62	-39653237.11	17314195.62
38.30000013	4322217.122	2373216.908	-4530861.5	93022699.79	29080306.89	-22407879.75
38.40000745	10681290	6239819.033	-94105.81906	-680247.5277	244462.7385	100002387.5
38.50000053	4342045.13	2696539.339	4575023.817	-71881934.25	-60714499.9	-33878267.82
38.60000016	2655460.023	1660310.006	3833914.327	84023335.13	51528910.59	16907114.7
38.70000173	9962647.606	6474826.247	2007612.505	30848011.81	31840193.74	-89641520.68
38.80000015	5799803.757	4046946.211	-4747533.776	-75625673.95	-64142928.06	-12939946.67
38.90000002	1378799.018	969905.4216	-2808280.713	22267227.33	-1452909.047	-97483637.82
39.00000387	8578336.906	6191483.07	-3496956.437	65981954.95	41806455.8	62446792.35
39.10000093	7105024.477	5545412.032	4363909.571	-68966932.09	-59706358	40984303.01
39.20000001	833303.4033	659875.06	2162533.537	-88482571.62	8760292.011	45772172.81
39.3000027	6886560.126	5538165.026	4442647.736	65985995.02	67708445.35	-32594706.48
39.40000086	8094267.583	7051162.507	-3382681.546	-61897989.38	-52269627.2	-58630410.06
39.50000001	1345457.927	1198563.485	-2910553.455	1378502.18	-54178861.88	84046122.2
39.60000119	5128174.105	4588575.869	-4763364.647	69607389.08	71080823.35	-10165035.09
39.70000242	8636279.851	8267364.866	1829716.352	-29567656.53	-23803632.87	92521028.69
39.80000022	2336784.644	2321973.445	3919158.838	-65795531.93	-73418231.53	-16784256.23
39.90000027	3481212.847	3486764.167	4530134.782	81312818.13	55289503.45	18228999.34
40.00000073	8506201.676	8982490.988	98864.57334	-1209897.401	-55293.28368	-99997665.43
40.10000001	3415045.486	3807797.322	-4576728.091	-53874208.48	-75945340.14	36481159.15
40.20000004	2081841.533	2334370.295	-3833343.328	54686957	81438417.09	-19445332.49
40.30000338	7750757.862	9004178.864	-2011181.799	20715446.61	39658990.24	89437323.11
40.40000168	4436266.544	5512524.768	4746845.979	-54016621.22	-83328098.06	11816628.35
40.50000005	1049646.894	1317244.702	2805272.47	88414696.43	12852314.05	44929494.54
40.60000449	6499076.434	8343886.432	3499426.095	51502319.21	58515661.47	-62645259.03
40.7000026	5269557.775	7316156.127	-4362230.247	-49239905.93	-76932746.09	-40715896.68
40.8	614024.2821	868346.4592	-2162356.485	35606440.34	63273470.6	68772445.97
40.90000161	5058209.381	7241738.447	-4443949.052	44407751.86	83587191.43	32282084.87
41.00000203	5797516.472	9038221.712	3380306.237	-44832653.64	-67441114.67	58674774.99
41.10000005	956273.0006	1528458.238	2914245.463	-37988607.55	-9340844.519	-92035940.37
41.20000048	3636001.56	5837598.917	4763243.69	47217707.7	87541784.04	10388653.77
41.30000283	5976855.116	10356670.55	-1826376.062	-21802173.89	-30937108.78	-92566519.4
41.4	1594583.458	2886994.465	-3919997.57	-33794113.19	-92021278.69	19774786.5
41.50000065	2363360.987	4318989.38	-4529325.983	62297585.38	76393565.29	-16853309.43
41.60000794	5651083.163	11004197.36	-101979.8451	-799768.639	-120953.9064	100001728.7
41.7000004	2213516.437	4615208.06	4577864.043	-31341240.17	-87418308.38	-37104797.86
41.8000001	1343729.963	2820394.988	3832256.867	20979589.75	94712551.23	24297931.07
41.90000391	4917417.658	10812314.6	2014322.514	8996082.752	43484715.45	-89605524.48
42.00000117	2716797.631	6537885.466	-4746776.422	-28719444.67	-95013369.25	-12192340.29
42.10000002	636229.3564	1555848.201	-2804352.862	37789011.32	92334648.1	-6877745.535
42.20000023	3902372.69	9826296.712	-3501971.517	33337248.88	71018393.72	62016252.63
42.30000156	3011864.527	8502679.364	4361436.271	-26220013.25	-87244305.2	41254601.15
42.40000001	348209.5903	1005664.207	2162066.885	42004069.94	-79766568.27	43289175.26
42.50000307	2825795.314	8365231.504	4444956.844	19308721.4	92357243.11	-33140804.5
42.6000014	3035672.481	10302023.06	-3376636.503	-23311563.34	-77330914.59	-58970337.15
42.70000006	492141.9315	1736409.233	-2917082.011	-73040628.85	-46980567.59	49587224.22
42.80000121	1854505.011	6618569.417	-4763846.078	19894946.99	97494500.61	-10000671.74
42.90000056	2838924.038	11619333.41	1823482.972	-13027265.48	-35354414.98	92635607.06
43.00000011	722707.1781	3221676.36	3921205.204	-1064337.31	-97275496.16	-23180703.88
43.10000032	1058506.618	4804267.233	4528363.257	38422952.84	90771534.49	16888020.07
43.20000117	2345432.654	12145006.98	106346.9994	-221169.8191	466604.3944	-100003666.8
43.30000045	833196.9235	5054197.914	-4578656.729	-5405876.967	-92788184.68	36907035.61
43.40000019	500187.9261	3080225.213	-3830905.894	-12204787.5	94655474.76	-29872801.34
43.50000424	1691197.476	11753665.17	-2017183.534	-2936199.022	43729666.85	89889348.49
43.60000051	778254.8291	7041049.257	4746973.214	-1631644.329	-99125499.17	13132903.41
43.70000005	176029.4692	1668257.84	2803427.771	-53813325.16	72010735.59	43813011.7
43.80000095	995913.9783	10522787.99	3504293.872	12210488.81	78147614.53	-61195214.74
43.90000033	511271.3517	9010004.099	-4360899.467	-1586094.558	-90798416.5	-41882357.44
44	51615.62526	1061884.895	-2163342.967	-96720327.7	16882964.48	19003781.72
44.10000151	369135.5718	8817852.242	-4445978.309	-7075778.569	93805017.11	33934527.01
44.20000055	29986.46748	10742142.95	3373018.144	45761.08449	-80505186.6	59328853.33
44.30000003	-12314.95581	1808034.133	2918301.73	-16584769.72	-97868414.17	-12153967.35
44.40000159	-73246.06699	6869169.434	4764222.247	-8750505.091	99142098.57	9760786.454
44.50000406	-528303.0435	11952402.9	-1820909.918	-3282330.454	-37478633.14	-92658396.09
44.60000001	-209248.5406	3298752.779	-3922456.338	30984592.69	-90796817.44	28229292.56
44.70000046	-329225.0166	4904655.857	-4527526.134	11013606.87	98112891.2	-15923600.22
44.80000193	-1147975.871	12315526.85	-110059.6424	-241229.668	966489.3281	100000038.5
44.90000014	-616075.678	5089061.887	4579719.785	20048796.46	-90603049.97	-37284488.68
45.00000015	-380997.2683	3093696.124	3829469.996	-41961426.94	82070413.41	38790280.9
45.10000412	-1667840.559	11754510.88	2020420.763	-14779072.08	41103052.26	-89961759.23
45.20000142	-1225252.08	6981067.394	-4746798.191	26151146.92	-95615465.21	-13221207.52
45.30000005	-296066.5666	1649635.96	-2800501.348	-20747250.61	13960423.49	-96827982.36
45.40000438	-1989849.894	10377944.99	-3506512.098	-10184979.2	78564243.09	61032171.07
45.50000048	-2033073.373	8796303.521	4359572.443	23866304.15	-87586656.22	41952081.93
45.6	-248456.6481	1035372.262	2162344.081	77711901.61	51591201.53	-36058400.87
45.7000022	-2113760.968	8564951.382	4447264.303	-33175636.37	88148253.37	-33619378.03
45.80000457	-2980148.668	10323431.21	-3370825.615	22502741.59	-77278397.6	-59352134.63
45.90000005	-519884.6731	1735639.29	-2918921.882	69462760.55	-65688387.6	29342130.65
46.00000153	-1992458.087	6570160.442	-4763680.48	-35119471.86	93056137.11	-10400867.44
46.10000706	-3854487.892	11327289.46	1817379.916	7555065.051	-36764090.56	92694782.15
46.20000018	-1126952.988	3111126.421	3923722.733	57749766.32	-72457760.65	-37627615.02
46.30000058	-1689037.224	4612283.84	4527096.271	-19101495.65	97344867.06	12653446.99
46.40000695	-4551663.981	11501209.11	113607.7947	-504855.297	531290.9308	-100002314.2
46.5000004	-2018328.314	4716030.279	-4581455.709	41541203.74	-82340596.3	38669815.02
46.60000019	-1229430.561	2860828.687	-3827674.696	-60190532.32	60182099.62	-52499663.86
46.70000099	-4891404.512	10816724.73	-2024631.783	-26341244.22	35500891.5	89704099.99
46.80000155	-3133698.668	6361703.133	4745952.614	52883287.09	-84061262.17	11749985.05
46.90000001	-746816.3965	1499415.524	2796919.555	33063385.01	69139660.82	64245777.09
47.00000292	-4816324.02	9401865.988	3509066.25	-31520548.47	72052097.01	-61773378.9
47.10000016	-4417367.241	7877511.853	-4357098.623	48518439.54	-77101812.88	-41258592.74
47.2	-526833.2274	924493.183	-2163302.703	17110735.82	-80706564.21	-56521440.3
47.30000016	-4424351.346	7627940.286	-4448886.869	-57104829.15	75589160.45	32036187.51
47.40000458	-5754606.535	9079022.563	3369635.162	42473308.71	-68631574.11	59048497.72
47.5	-988263.9984	1521277.642	2921215.859	52080227.85	-7479149.146	-85045353.75
47.60000096	-3749995.649	5746311.598	4762252.564	-57543411.41	80993836.42	11390972.93
47.70000196	-6872336.442	9794379.08	-1812313.48	18438066.08	-32639839.65	-92712882.53
47.80000024	-1956361.419	2672753.008	-3925472.119	71288528.42	-48268731	50882957.1
47.90000024	-2911548.662	3950864.498	-4527207.758	-49599554.51	86406303.28	-8650719.37
48.00000175	-7592640.46	9765826.83	-118349.63	-453960.4229	-569995.6737	100002345.1
48.1000001	-3260649.459	3964622.416	4583781.344	58707565.05	-70598640.52	-39626427.58
48.20000016	-1978425.976	2400849.046	3825125.751	-62883130.47	40945192.43	66107511.82
48.30000554	-7723281.168	9015450.937	2028375.668	-36323485.25	26774252.12	-89245413.57
48.40000007	-4793678.953	5231525.224	-4745025.789	75287189.66	-65177198.96	-9207160.751
48.50000001	-1136173.612	1226617.586	-2795816.767	-59770887.75	79850138.35	-7238534.651
48.60000474	-7256088.126	7673430.694	-3511702.178	-50050384.58	59612065.28	62788220.84
48.70000198	-6449762.882	6326472.369	4354532.736	69358684.94	-59846930.58	40108823.51
48.80000001	-765884.7142	738615.3086	2163718.672	-80626428.81	1193791.718	-59151955.5
48.90000085	-6379550.671	6082675.345	4450156.578	-76467481.97	56902373.91	-30262915.36
49.00000401	-8070394.408	7106895.128	-3368682.059	59261417.77	-55015714.64	-58841783.69
49.10000003	-1375514.551	1184163.028	-2925049.205	1517883.4	-47266936.06	88116586.33
49.2000007	-5205998.871	4463872.82	-4760825.414	-76193849.5	63689795.26	-11794374.88
49.30000524	-9340221.889	7477379.11	1808096.471	27570586.93	-25582874.69	92662717.74
49.40000025	-2629750.741	2018665.364	3927891.815	72937032.79	-28745222.44	-62087852.55
49.50000022	-3898627.638	2974498.163	4527400.194	-75036235.53	65808698.28	6307026.934
49.60000646	-10025302.49	7248238.798	122023.3292	-59468.99514	-1353698.175	-99995819.74
49.70000001	-4243243.425	2894950.341	-4585918.637	73584339.76	-55198967.88	39235428.98
49.80000022	-2569009.223	1749908.531	-3822167.382	-60901186.74	31050442.88	-72992571.2
49.90000485	-9937268.472	6492586.759	-2032231.122	-43067845.33	15496021.15	88915881.75
50.00000075	-6070757.559	3680824.797	4744541.712	90857050.34	-41131424.65	7362221.818
50.10000002	-1430490.749	858703.1654	2795119.396	-86823497.17	-20007314.21	45413519.1
50.20000361	-9112455.649	5332089.521	3514457.414	-64533963.32	42870517.81	-63233585.07
50.3000021	-7966784.171	4268144.411	-4352618.413	83814905.39	-37667314.62	-39461817.55
50.40000001	-942804.9873	496175.3012	-2162939.53	64341102.29	76142663.47	-7969777.695
50.50000201	-7824107.859	4051790.59	-4451280.818	-89523370.07	33360224.2	29557768.06
50.60000335	-9740847.687	4564054.779	3366626.461	72100344.86	-36590812.66	58852805.37
50.70000003	-1653111.576	754341.1447	2927593.552	47269077	-79857739.41	-37274331.86
50.80000004	-6244102.385	2825772.729	4760347.005	-90577206.25	40698573.21	11848875.33
50.90000463	-11061807.36	4563257.124	-1804369.783	33632995.53	-16726599.8	-92682482.01
51.0000001	-3092815.916	1201885.42	-3930478.085	72220346.1	-14394089.71	67661154.22
51.10000007	-4572007.441	1762142.44	-4527019.867	-91457552.33	40058952.59	-5638833.203
51.20000319	-11653571.1	4151096.908	-126257.2595	176032.4819	-1210832.41	99997514.46
51.30000041	-4887577.678	1592131.068	4587293.96	85619065.58	-34249359.39	-38695697.31
51.40000021	-2953596.844	959713.6869	3819397.405	-63145571.36	23452530.75	73916274.39
51.50000197	-11355641.83	3449033.543	2035835.781	-45533353.84	2934266.445	-88989346.38
51.60000083	-6862422.839	1834511.97	-4744326.213	98741932.32	-14040049.52	-7342193.967
51.70000002	-1611806.09	425128.0496	-2792167.341	-20463210.51	-12381501.82	-97102808.55
51.80000475	-10237775.54	2567019.626	-3516596.917	-74247303.41	23318945.05	62805769.95
51.90000072	-8847003.127	1867671.16	4351472.912	90792472.84	-12925986.56	39882900.43
52	-1042741.799	212259.0142	2164406.153	18981582.15	-95860662.97	21246948.82
52.10000065	-8641989.308	1697242.689	4452590.467	-95102611.73	6864969.592	-30155686.61
52.20000266	-10631476.49	1654280.193	-3363145.186	79466009.64	-14274570.33	-59011778.09
52.30000002	-1801555.149	262826.1928	-2928500.094	98363935.96	-14735175.52	10412046.17
52.40000105	-6781777.286	963616.4798	-4760858.177	-98448926	12907228.85	-11925284.61
52.50000224	-11900220.78	1284105.765	1801322.661	36576649.29	-7300294.821	92789301.23
52.60000015	-3308708.176	287717.1804	3932852.43	71822060.21	-106042.2908	-69588651.53
52.70000045	-4878785.545	410988.0809	4526103.824	-99038807.9	12672863.53	5631434.983
52.80000026	-12348445.43	723494.6268	130260.7774	-247046.3406	-645356.1061	-100002612.4
52.90000034	-5141722.266	159847.6417	-4588118.403	91808025.09	-8810059.619	38660954.18
53.00000003	-3101243.844	93927.45801	-3816858.565	-67815070.48	13319966.08	-72282049.78
53.10000442	-11864136.84	129625.8723	-2038618.827	-44001274.5	-9362173.26	89315382.52
53.20000025	-7105605.574	-160028.2682	4744245.396	98666752.34	13931324.78	8472908.196
53.30000002	-1665334.836	-44069.32489	2788661.937	-40289366.42	55383031.13	72873087.05
53.400001	-10543524.19	-400778.4997	3518940.926	-78471163.03	1788893.113	-61968350.27
53.50000278	-9019887.546	-683791.8553	-4350914.088	90493925.6	12251736.92	-40764498.91
53.60000002	-1061645.542	-89666.16047	-2163738.962	-65015631.8	43817700.58	62080405.43
53.70000014	-8767542.758	-791452.4535	-4453807.133	-92903963.36	-19998292.21	31143569.17
53.80000326	-10671322.18	-1388841.61	3359370.288	79976469.28	9459324.115	59289843.56
53.90000005	-1806438.93	-253690.3862	2929420.915	70196200.3	61957347.33	-35139444.73
54.00000024	-6776289.619	-973517.2632	4761424.406	-97979264.91	-16071225.29	11949031.98
54.10000563	-11786959.26	-2099721.838	-1798886.656	37049498.06	2393862.44	-92857978.21
54.20000005	-3259894.051	-651024.9567	-3935237.796	70025726.35	13449601.59	70117799.93
54.30000023	-4794897.839	-970956.9126	-4525274.971	-98537497.17	-16144971.84	-5540896.631
54.40000688	-12056549.98	-2761499.449	-133333.9827	-823132.1108	-557979.0498	100000055.6
54.50000022	-4984473.539	-1287345.799	4589033.804	90700996.36	17032822.53	-38525474.89
54.60000015	-3000550.924	-778025.6846	3814311.97	-73320266.47	1738392.941	67986149.43
54.70000227	-11422778.88	-3197841.334	2041914.248	-39481281.99	-20840308.61	-89486925.91
54.80000032	-6780339.292	-2144335.953	-4744112.076	90832587.57	40856469.39	-9010546.311
54.90000003	-1583172.353	-509820.8565	-2787010.151	-99062666.31	3109596.272	-13338611.4
55.00000014	-10006649.98	-3335529.798	-3521325.611	-76146083.43	-20298912.12	61568889.43
55.10000315	-8471178.126	-3183290.028	4349851.07	83422796.6	36774569.37	41100706.25
55.2	-994701.5828	-381598.1302	2164215.189	69525695.47	44101417.71	56764800.94
55.30000243	-8191759.209	-3213815.31	4454934.563	-83563944.15	-45195598.62	-31231796.37
55.40000353	-9858035.585	-4322518.569	-3356542.638	73962899.72	31629076.37	-59414568.86
55.5	-1664340.807	-752172.5081	-2931817.111	16123584.32	51714442.55	84063347.9
55.60000104	-6229056.416	-2830540.979	-4761124.288	-89825063	-42276542.82	-12047903.75
55.70000296	-10729118.36	-5317120.051	1795107.77	34827628.71	12605511.08	92893150.28
55.80000009	-2949788.942	-1539015.308	3937926.637	68776013.52	24140063.38	-68469827.69
55.90000044	-4327615.844	-2273109.372	4525107.535	-88678072.2	-45936192.92	5202469.771
56.00000636	-10800789.96	-6027404.6	137359.1747	-567397.406	-795522.4823	-100000226
56.10000044	-4427801.815	-2633260.821	-4590571.953	83777303.5	39719679.65	37479467.27
56.2000001	-2659613.071	-1586636.08	-3811744.881	-80292694.49	-13788001.02	-57999777.93
56.30000159	-10069481.73	-6267318.975	-2045679.092	-32177919.05	-31454329.28	89309611.44
56.40000067	-5911352.33	-3960074.448	4743713.216	75642485.02	64952950.43	7767154.581
56.50000005	-1374245.92	-930194.9519	2786597.825	-34643651.64	-89132163.34	29262174.56
56.60000355	-8669308.508	-6003572.589	3523668.768	-67041719.05	-40662991.47	-62071966.55
56.70000246	-7243149.742	-5430877.003	-4347763.145	69577640.09	59350632.46	-40465472.02
56.80000002	-846641.4343	-645832.4618	-2165118.225	17916610.41	-87922112.38	44155375.97
56.90000156	-6961900.253	-5375809.169	-4456181.383	-67883707.28	-67071596.64	29903230.77
57.00000463	-8255910.737	-6912901.803	3355168.176	62777696.9	50482387.1	59257821.13
57.10000005	-1387705.252	-1188998.416	2935602.684	43005573.93	-3047969.518	-90234308.85
57.20000068	-5184148.256	-4459118.99	4759776.345	-76056696.15	-63823687.77	11954741.78
57.30000346	-8810569.131	-8109053.133	-1790715.737	29406108.43	22557485.3	-92884017.16
57.40000005	-2403364.92	-2304769.177	-3940786.876	69913954.07	36388688.27	61554060.74
57.50000031	-3515067.463	-3391099.928	-4525555.884	-68228651.24	-72884638.03	-5803506.726
57.60000631	-8680068.634	-8812888.124	-141560.1194	506094.88	-701604.8059	100001258.1
57.70000016	-3516242.959	-3769860.961	4592587.243	72771951.5	59182373	-34679818.35
57.80000004	-2105528.569	-2266814.718	3809701.85	-81269572.97	-39906183.15	42470614.03
57.90000575	-7912866.17	-8834892.84	2049359.929	-22079888.19	-40252839.44	-88843612.35
58.0000005	-4567130.295	-5461071.933	-4743373.348	54355573	83787775.5	-5106893.462
58.10000001	-1059425.99	-1275021.083	-2783990.238	8042910.644	-30061053.7	-95040226.43
58.20000182	-6637720.884	-8190108.534	-3526701.157	-52186072.33	-57432114.76	63080631.33
58.30000164	-5433249.265	-7245614.488	4345323.221	49672193.25	77485675.16	39110655.36
58.40000001	-633178.346	-858159.0491	2164209.279	-84446772.84	49570662.62	-20309898.18
58.5000012	-5177312.917	-7106088.708	4457115.34	-46959497.43	-83725178.48	-28033909.65
58.60000146	-5992199.318	-8952299.362	-3354181.562	47285522.27	65326560.61	-59139833.13
58.70000001	-1002140.001	-1530490.821	-2938237.547	85881706.6	35200754.79	37232235.15
58.8000014	-3725592.076	-5729452.617	-4758256.193	-57529470.16	-81023852.58	-11247016.31
58.90000227	-6186386.015	-10251959.92	1785977.368	21195018.47	30664926.1	92797809.78
59.00000004	-1664527.597	-2887426.079	3943192.744	66127306.1	56028649.27	-49889576.55
59.10000026	-2423264.38	-4235961.084	4525914.649	-40211469.69	-91218399.8	7952436.272
59.20000685	-5863917.41	-10892982.63	145695.1723	1498548.877	-204227.2079	-99993563.01
59.30000066	-2322434.224	-4606328.273	-4594326.577	56573489.1	76454790.93	30904777.54
59.40000007	-1383549.339	-2763260.392	-3808436.942	-64644745.59	-70788466.95	-28478936.32
59.50000122	-5123488.682	-10695486.44	-2053578.269	-9817691.808	-45726462.26	88395155.85
59.60000173	-2855339.588	-6525568.476	4743336.317	29020524.56	95659754.67	2832047.3
59.70000002	-658823.0644	-1520337.554	2780332.016	-71386490.19	-15439593.56	68312429.1
59.8000013	-4076289.042	-9719130.17	3529667.829	-33461901.88	-69439275.97	-63714112.07
59.90000166	-3186905.012	-8480928.607	-4343401.169	25626932.59	88850576.39	-38076704.18
60	-368201.7957	-999864.1514	-2165473.869	74800516.86	47067802.38	-46802827.45
60.10000027	-2979955.211	-8267559.514	-4458021.618	-22055865.27	-93743828.44	26956139.15
60.20000199	-3246719.978	-10275683.57	3352607.755	27778873.27	75678723.82	59178247.36
60.30000006	-535564.0316	-1753108.409	2938902.63	21133829.46	97113063.19	-11109194.85
60.40000008	-1970579.313	-6539731.055	4757512.171	-33925364.4	-93470459.85	10646256.89
60.50000497	-3067912.452	-11575075.82	-1782283.209	11452091.48	35553201.16	-92767556.23
60.6000001	-791415.3083	-3240932.276	-3944957.06	49726272.54	77352777.15	39304525.02
60.70000039	-1139652.86	-4741159.826	-4525618.798	-10311450.37	-98983089.04	-9849978.499
60.8000033	-2578788.611	-12099442.56	-150029.4584	1626115.884	234326.2944	99991503.83
60.9000004	-940964.2619	-5075930.057	4595541.378	34306144.02	89523700.07	-28453393.64
61.00000013	-552903.8336	-3036632.72	3807435.232	-33431443.52	-91900003.19	20921950.13
61.10000545	-1923223.918	-11700586.52	2056664.63	3362335.507	-46704662.81	-88364977.07
61.20000137	-913866.5972	-7068052.402	-4743201.848	1224977.039	99971354.47	-2286420.043
61.3	-204346.2328	-1641411.666	-2778891.366	-36542352.14	-92577095.9	-9753861.521
61.40000415	-1191528.674	-10468769.23	-3531776.259	-12790255.87	-76171094.11	63524591.9
61.50000087	-684875.1679	-9037805.585	4342027.289	-239504.7358	92411113.34	38224714.12
61.60000001	-71641.27458	-1063671.27	2165462.112	5412789.425	-70283553.69	-70936054.24
61.7000005	-544974.3293	-8767560.442	4459331.472	5205644.215	-96087283.04	-27223800.36
61.80000393	-239394.7279	-10776141.87	-3349605.08	5065749.533	80406393.49	-59246519.45
61.90000001	-21895.84512	-1836410.012	-2939916.848	-54215780.53	71914335.43	43473871.47
62.00000041	-60456.10808	-6825995.563	-4757761.376	-6044412.608	-99226230.26	-10891294.93
62.10000542	295554.729	-11973767.04	1779286.091	1545028.706	37031322.08	92883228.15
62.20000011	147157.4983	-3336409.643	3946469.883	23901746.59	91436633.19	-32696309
62.30000003	233334.752	-4866763.32	4524756.538	18347726.67	-97763020.16	10332125.4
62.40000441	911030.1762	-12336386.73	153669.8384	1115568.147	35368.18113	-99998771.28
62.50000021	518431.4714	-5140175.515	-4596416.334	7958917.721	95632934.2	28142450.59
62.60000005	319532.1773	-3066248.889	-3806319.283	2392572.16	-98364641.29	-17879399.96
62.70000092	1431243.29	-11767819.24	-2060217.002	15834810.42	-43451508.47	88669189.64
62.80000049	1102064.397	-7045233.383	4742846.27	-26998863.63	96236794.69	3246646.088
62.90000002	262276.8559	-1629477.597	2778262.081	65969490.65	-69633840.76	28287002.75
63.00000345	1785624.078	-10380397.22	3533707.144	8772264.805	-77368094.67	-62755281.03
63.10000114	1873109.273	-8871969.431	-4341110.487	-25577197.97	88373484.68	-39203751.73
63.20000001	227523.8238	-1042372.711	-2165258.064	-77075641.81	48643052.28	-41160647.52
63.30000107	1932307.438	-8565537.543	-4460800.927	32121333.43	-90403579.89	28220784.58
63.40000018	2788231.731	-10414200.42	3345473.086	-18577418.36	78276660.85	59402389.63
63.50000005	495541.846	-1770621.215	2942505.786	-44426926.45	23240745.57	-86528122.32
63.60000004	1852159.343	-6566046.372	4758357.951	22924810.68	-96672421.48	11397191.75
63.70000111	3636978.524	-11415612.62	-1776187.846	-7976473.636	35862686.25	-93012061.6
63.80000001	1076158.678	-3165274.068	-3947901.415	-6222849.061	95845319.42	27855895.16
63.90000058	1585615.226	-4603167.509	-4523814.733	45110785.51	-88634808.47	-10482736.22
64.00000556	4326909.905	-11587198.64	-157256.1713	923848.1933	-542740.5721	99999259.68
64.10000001	1938602.47	-4792903.226	4597241.722	-19203462.12	93999945.09	-28217678.25
64.2	1164077.45	-2850592.197	3805273.799	38799871.06	-90572707.94	17092530
64.30000158	4669320.03	-10893045.49	2063230.517	26759173.5	-37059700.4	-88946755.08
64.4000008	3032055.676	-6458498.501	-4742538.71	-52954764.43	84731797.47	-4161180.375
64.50000001	705338.4917	-1489929.215	-2775882.755	44677899.64	-3915330.016	-89384313.36
64.60000108	4618474.214	-9462436.59	-3535974.771	30100928.59	-72316901.12	62170731.94
64.70000023	4283812.924	-7996265.273	4340064.914	-48848901.6	77629820.96	39854682.4
64.80000001	510712.5431	-935581.2024	2166631.335	90165553.92	37475346.12	-21604891.12
64.90000056	4252202.933	-7678144.78	4462098.479	56166475.48	-77629897.78	-28634350.07
65.00000011	5594064.375	-9218925.431	-3342211.656	-40135813.73	69598950.55	-59549160.69
65.10000003	972394.7045	-1561915.066	-2946137.012	5903111.603	38532790.57	92094393.56
65.20000086	3614740.819	-5781394.375	-4758358.989	48999981.14	-86426082.04	-11425156.13
65.30000375	6689153.154	-9942418.229	1773166.793	-17353588.66	32234464.08	93063377.79
65.40000007	1921016.671	-2740687.931	3949019.466	-39255902.41	89273607.84	-22140394.53
65.50000015	2808601.064	-3972031.231	4523240.735	69248010.91	-71107995.5	12221536.74
65.60000694	7398044.737	-9911958.055	161011.772	1112713.006	-460803.06	-99997747.63
65.70000009	3205146.575	-4061529.123	-4598258.799	-44478486.4	85571858.01	26459806.58
65.80000002	1913113.165	-2407728.164	-3804542.144	71841617.95	-66590570.6	-20136480.28
65.90000358	7531614.796	-9148498.519	-2066555.317	36187255.82	-28149187.61	88876913.5
66.00000143	4722241.729	-5353612.411	4742385.01	-74501809.14	66622020.23	3462203.982
66.10000005	1094123.361	-1232060.718	2772152.856	-17475683.49	-57141284.89	80190236.62
66.20000024	7081809.739	-7787839.195	3538568.803	49093455.73	-60782194.95	-62420808.88
66.30000316	6354329.911	-6478722.765	-4338480.927	-68946894.4	60755155.77	-39447899.83
66.40000001	753679.0192	-756132.1921	-2165730.644	-38905041.62	-83124802.28	39719831.1
66.50000032	6228834.19	-6178203.391	-4463110.228	75744439.78	-59139025.99	27683125.7
66.60000139	7954527.484	-7285885.115	3340490.831	-57624696.94	56018826.98	59517101.14
66.70000005	1370955.772	-1229792.126	2948984.315	-14684186.94	87729651.53	-45704298.45
66.80000022	5086471.942	-4534801.363	4757360.313	69975200.59	-70664683.39	10534411.43
66.90000061	9206284.858	-7671498.443	-1768652.682	-26172412.31	25660451.27	-93045935.29
67.00000026	2614295.958	-2096036.502	-3949546.827	-71885344.11	67431492.73	16926047.71
67.10000023	3804797.16	-3025048.224	-4522969.026	87272674.04	-45962692.66	-16489731.62
67.20000289	9879315.519	-7442993.662	-165567.3602	989186.2558	532302.5825	99998690.82
67.30000068	4216513.617	-3004636.103	4599308.837	-66920644.37	70936887.96	-22149159.91
67.40000015	2507056.303	-1774353.032	3803824.109	90449070.28	-29780244.8	30546729.87
67.50000258	9790487.329	-6674508.926	2070556.523	43565071.83	-16838323.36	-88428249.92
67.60000139	6036594.416	-3817907.708	-4742568.689	-89932416.79	43724597.46	-1148907.305
67.70000003	1394442.588	-873016.2118	-2770470.273	63575119.05	-76315139.83	-11627711.38
67.80000089	8978039.989	-5490075.701	-3541579.463	63801194.62	-43821508.04	63325216.13
67.90000013	7918439.382	-4440404.319	4336275.613	-84015188.21	38679887.78	38030440.85
68.00000001	934022.8357	-515851.2545	2166759.56	-59910179.07	58775645.82	54380087.37
68.10000279	7705681.344	-4186601.485	4463612.195	89470771.28	-36373152.71	-25941758.79
68.20000242	9680479.298	-4768778.517	-3339734.516	-70387339.78	38817785.31	-59496234.69
68.30000003	1663106.8	-799545.8426	-2949751.052	-89549420.6	43158306.67	10920706.76
68.40000108	6149841.757	-2926429.985	-4756072.566	85919140.85	-50423983.11	-8736312.871
68.50000554	10986036.1	-4785331.77	1764458.844	-33054798.38	16528189.37	92925772.85
68.60000016	3100451.438	-1281645.424	3949725.167	-93615828.84	30878440.19	-16840383.65
68.70000022	4495591.146	-1838461.26	4522429.335	95934451.79	-17508167.57	22159535.84
68.80000786	11570431.77	-4377432.819	169286.6976	363175.8303	1656481.804	-99990620.42
68.90000032	4892299.362	-1706367.139	-4600023.657	-85288624.29	49396582.07	16936004.44
69.00000002	2899811.905	-1001712.467	-3802435.168	88740567.15	4324792.633	-45906512.73
69.10000597	11266532.01	-3667693.551	-2074048.852	47521517.54	-3771816.216	87911766.98
69.20000064	6868476.095	-1974425.05	4743082.343	-98366609.57	17990436.95	-1163744.385
69.30000002	1579298.984	-447328.9438	2770067.386	86205089.88	36882869.35	34775514.76
69.40000337	10154336.5	-2754096.07	3544627.59	73112007.99	-23462924.74	-64071252.92
69.50000184	8848770.402	-2044491.141	-4334567.189	-92069568.56	13363462.06	-36682590.26
69.6	1041530.409	-231843.769	-2167277.719	67529281.85	39963049.85	61997989.81
69.70000236	8565630.567	-1861710.022	-4464116.895	96331541.35	-10643522.52	24656633.4
69.80000333	10632465.16	-1868090.387	3338527.203	-78136023.09	18505505.96	59609631.31
69.90000004	1824248.461	-301051.1657	2950527.26	-79380929.47	-42354475.82	-43655084.63
70.00000066	6719515.935	-1085698.876	4755339.526	96366135.57	-25740882.56	7209360.68
70.10000336	11887222.81	-1516807.99	-1760077.851	-36679050.29	6088752.916	-92836277.17
70.20000025	3339282.764	-361908.4077	-3950246.645	-97234749.73	-8200760.219	21889517.52
70.30000026	4826725.918	-506652.1236	-4521485.84	95939804.74	10315249.75	-26270696.39
70.40000822	12334031.82	-961630.2928	-173298.4339	-304406.8125	2030352.105	99983923.74
70.50000059	5178164.847	-269259.0167	4600530.785	-96479313.6	22521744.43	-13620318.5
70.60000008	3061138.003	-150762.4292	3800357.49	76849058.62	26109040.5	58425509.78
70.70000349	11841009.03	-366665.8811	2077778.96	47002049.66	9785496.877	-87727141.63
70.80000012	7150566.192	28571.51321	-4743267.672	-99523079.45	-9587537.38	2058102.053
70.9	1639756.671	10736.36156	-2767339.495	16017428.67	23684936.96	-95830400.92
71.00000068	10516040.89	199732.5528	-3547308.555	76718630.16	-1957529.861	64120354.51
71.1000003	9071050.681	515787.0526	4333070.139	-92212938.14	-12996690	36453533.28
71.20000001	1066291.845	68028.0928	2166614.429	-23708974.77	-96544332.83	10866292.59
71.30000189	8740454.736	611108.5873	4465289.821	95488216.69	16736008.07	-24554154.59
71.4000034	10733057.68	1184359.826	-3335815.364	-80147048.17	-4199380.363	-59664192.57
71.5	1837340.589	223989.4027	-2953210.574	-28717073.99	-35753402.94	88870826.71
71.60000088	6750811.389	838994.4849	-4755345.368	99722481.85	2200817.011	-7182131.899
71.70000204	11838667.17	1872481.666	1756663.01	-36713321.9	-4131308.055	92930427.14
71.80000012	3310541.928	589039.751	3951357.624	-87289881.31	-40347418.17	-27451092.3
71.90000043	4771857.579	864278.8346	4520462.765	88892540.31	36585278.99	27579587.35
72.00000313	12109039.11	2529554.438	177616.0143	-373401.471	1625348.58	-99991093.67
72.10000007	5050233.402	1192252.735	-4601264.228	-99011994.04	-5789168.438	12810564.56
72.20000019	2978130.623	711031.3287	-3798052.152	63773854.93	39951573.72	-65861727.77
72.30000349	11467189.55	2964382.46	-2081075.362	42028475.26	22199281.72	87987494.33
72.40000171	6860177.48	2030583.165	4742795.216	-92721612.79	-37437289.12	-1466937.176
72.50000002	1570070.757	469954.873	2763781.987	51080398.31	-43789757.87	73988174.83
72.6000028	10036498.72	3134388.209	3548939.666	74808016.9	19290354.62	-63503093.04
72.70000182	8567419.59	3035563.704	-4331888.439	-84611465.22	-38018287.4	-37369904.68
72.80000002	1003436.296	363498.6202	-2168204.233	-60226736.08	79157133.79	-10386935.59
72.90000008	8215707.526	3033775.476	-4467040.161	86553534.88	43212813.55	25340448.8
73.00000033	9973977.97	4143513.698	3331788.55	-75439793.25	-27328916.46	59690601.61
73.10000002	1702242.819	730159.1609	2956787.69	-38620889.68	12247685.01	-91429869.8
73.20000003	6242242.354	2693869.238	4755754.876	94851688.8	30642571.74	8074028.073
73.30000136	10844130.89	5113112.545	-1753858.457	-33978751.62	-13326274.48	-93106685.3
73.40000016	3016058.482	1494649.507	-3952768.788	-69178239.02	-64721187.09	32039650.25
73.50000025	4335510.232	2164266.333	-4519454.349	75052153.41	59999404.22	-27717246.66
73.60000653	10915687.27	5816861.939	-180965.6946	124946.8919	1314325.401	99996284.62
73.70000044	4517557.621	2560751.274	4602127.723	-93444451.8	-33131989.04	-13092201.11
73.80000008	2657541.449	1514629.313	3795616.691	51160487.23	48492254.23	70937337.32
73.90000343	10174964.22	6056814.885	2084209.53	33859605.36	32407250.58	-88341933.62
74.00000147	6020692.613	3872084.799	-4742191.878	-78178264.9	-62361127.48	498674.9929
74.1	1372328.848	891136.7157	-2762082.769	96903267.32	20898633.31	-13191054.11
74.20000361	8755118.361	5816490.658	-3550727.226	67094937.9	39418168.1	62813034.74
74.3000026	7378217.176	5314563.662	4330787.06	-70447921.18	-59751598.42	38312359.46
74.4	862067.191	631747.3545	2167518.554	78548760.24	-18197761.4	-59160237.87
74.50000223	7034170.918	5211586.023	4468505.729	70598531.76	65881008.56	-26010383.02
74.60000429	8416062.754	6771868.948	-3328418.82	-64260278.23	-47940744.94	-59777099.43
74.70000001	1432178.567	1177554.364	-2959663.107	-85219453.64	2532459.966	52270750.59
74.80000117	5235273.091	4331560.239	-4755941.52	82302721.07	56178971.75	-8437134.425
74.90000323	8980834.263	7946510.604	1750983.436	-29019047.86	-21731726.82	93202075.68
75.00000004	2478867.643	2282437.151	3954260.327	-44558825.14	-80881516.24	-38388688.86
75.10000043	3553510.251	3288937.805	4518390.877	55127729.56	78120530.46	29310683.28
75.20000825	8850218.323	8639683.351	184614.3947	194383.9613	1427206.525	-99994626.34
75.3000003	3622614.784	3725937.793	-4602809.432	-80223939.16	-58474288.58	12077961.79
75.40000012	2125436.974	2196004.629	-3792837.548	42568610.96	51213061.91	-74606538.93
75.50000549	8070147.78	8662440.873	-2087383.085	23468007.66	40459626.94	88392710.14
75.60000173	4697972.328	5406180.594	4742020.287	-57682843.66	-81690289.71	-621381.4123
75.70000003	1065783.574	1236661.117	2761630.11	11540855.31	95666449.99	26753298.97
75.80000082	6773844.074	8032964.794	3553313.994	53360849.06	56650327.84	-62804141.13
75.90000067	5596988.936	7171210.095	-4329251.858	-50880306.63	-77154813.4	-38201167.1
76.00000002	652018.1334	846644.8787	-2168254.49	-48032839.52	-68312920.08	-55019917.11
76.10000036	5291329.365	6969376.253	-4469518.301	49605609.26	83016135.44	25467720.48
76.20000155	6185055.914	8860537.133	3326025.307	-48477642.18	-63809240.99	59827242.73
76.30000006	1048363.961	1533301.734	2960818.753	-68846865.15	-71343519.83	-13084775.07
76.40000038	3810030.504	5621373.977	4755416.597	64124766.58	76395863.95	7258531.737
76.50000456	6396489.492	10144317.22	-1747142.45	-21497426.35	-29234546.86	-93189065.51
76.60000025	1741121.867	2888821.136	-3955973.193	-17842131.13	-85556403.52	48608231.55
76.70000032	2489379.159	4148774.361	-4517033.795	31765842.54	88698526.99	-33533603.42
76.80000338	6076187.967	10773380.31	-189188.8085	-668733.6216	1275384.549	99994630.81
76.90000053	2436923.424	4594320.407	4603004.406	-59102283.59	-80173448.49	-8951996.015
77.00000015	1424128.398	2701240.409	3789656.543	41978687.35	53973803.46	72976834.33
77.10000033	5322384.431	10573867.8	2091591.891	11125905.08	46188879.06	-87998873.22
77.2000003	2996864.115	6509624.741	-4742537.61	-33663802.05	-94141631.55	2258681.135
77.30000003	678188.9915	1483086.481	-2759102.304	-17997914.05	26525281.38	-94728477.97
77.40000081	4250813.111	9606654.237	-3556411.481	34638779.98	69020562.8	63539883.8
77.50000028	3364743.247	8455568.246	4327486.859	-27110545.2	-88902949.92	36909129.44
77.6	387131.2857	995695.4345	2169120.811	-52490876.43	67244761.21	-52190516.2
77.7000009	3128019.326	8168092.13	4469802.623	25383313.39	93712976.01	-23970096.57
77.80000366	3457875.487	10241911.86	-3325175.665	-29778176.74	-74337281.06	-59901826.64
77.90000001	577444.165	1769445.755	-2961325.835	20806073.06	-92274526.82	32457957.8
78.00000128	2080914.586	6460197.692	-4754631.773	41581186.98	90827551.57	-4728717.136
78.10000764	3298653.257	11529547.63	1742833.016	-11653578.68	-34736441.8	93051457.35
78.20000013	861829.6586	3264115.254	3958323.952	1908223.435	-79904635.94	-60104973.49
78.30000027	1228332.649	4676203.992	4515194.372	8731913.316	91885602.28	38494022.71
78.40000197	2814775.981	12045886.03	193553.5294	-1858224.42	531669.2333	-99986320.72
78.50000074	1054682.03	5096608.505	-4602671.034	-30635609.46	-95041604.65	5436250.36
78.60000008	609139.7413	2989675.769	-3786648.008	40917718.65	66132511.79	-62874726.12
78.7000005	2150664.369	11639920.78	-2095302.027	-2525430.929	48499141.61	87421138.53
78.80000011	1053485.906	7092515.226	4743552.717	-7976648.542	-99602170.54	-4096425.419
78.90000002	234644.6364	1613113.463	2755445.088	67479816.24	34847223.87	65062626.66
79.00000226	1388584.958	10410608.17	3559773.573	13035122.29	75453231.58	-64326475.36
79.10000091	860736.3489	9063271.968	-4325997.531	-1083427.678	-93542740.12	-35349426.51
79.20000002	93580.65263	1065866.107	-2168332.712	98428598.22	-11861275.78	13119496.54
79.30000296	716551.3118	8713320.244	-4469828.663	-724620.6953	97398306.78	22672555.25
79.40000278	452176.423	10804748.98	3324097.729	-8936155.603	-79413264.04	60122197.38
79.50000002	56668.79145	1862685.346	2963681.041	37146789.37	-38016267.72	-84710562.68
79.60000134	187152.5002	6780588.261	4754217.309	15293950.04	98800912.06	2339843.57
79.70000647	-63079.20949	11992228.53	-1738370.847	-757555.3918	-37015424.68	-92899324.25
79.80000015	-87698.61827	3377629.304	-3961121.082	13147079.87	-72963455.82	67115485.59
79.90000011	-129420.3855	4829623.525	-4513256.881	-13437013.05	89936542.92	-41615681.29
80.00000432	-672093.492	12353272.16	-197427.5917	-2439534.481	-381891.4401	99974510.91
80.10000072	-414492.3806	5192079.335	4602397.502	923393.1989	-99939874.84	-3488375.171
80.20000016	-253592.8769	3037560.166	3784360.703	26049110.08	82771351.83	49712646.08
80.30000289	-1193473.921	11775156.76	2098595.684	-16216122.21	46371586.91	-87107481.36
80.40000044	-975892.5261	7107572.362	-4744179.998	18848389.05	-98087790.37	4952132.039
80.50000001	-228013.3474	1610997.602	-2754261.208	-1042644.85	99812746.03	-6109715.375
80.60000184	-1582373.109	10380025.08	-3562629.946	-8930890.675	75855402.63	64553830.9
80.70000036	-1713175.77	8945237.514	4324618.96	25145816.38	-90341984.9	34742102.46
80.80000001	-207679.9738	1048562.422	2169823.532	-57540364.87	-73766545.66	35335579.13
80.90000151	-1750977.328	8561519.379	4470691.354	-27639946.07	93490265.79	-22284604.2
81.00000046	-2592202.704	10502436.48	-3321659.022	13401326.67	-78693896.68	-60238484.95
81.10000001	-467803.8002	1805074.062	-2967379.65	-16480345.28	-36166746.23	91767993.8
81.20000094	-1718483.034	6557773.182	-4754170.085	-12840913.85	99162474.96	-1707188.246
81.30000068	-3419115.558	11496644.93	1734280.597	9588754.275	-35650202.82	92941480.68
81.40000002	-1031179.863	3220636.353	3963770.24	23896719.8	-68293371.18	-69035948.87
81.50000032	-1475354.471	4596777.669	4511813.348	-36243527.94	82869205.94	42662646.29
81.60000357	-4103793.389	11670374.67	201375.5752	-2141362.022	-765248.0191	-99979142.65
81.70000004	-1853147.274	4872037.621	-4602793.325	30280827.12	-95264460.41	2958731.542
81.8000001	-1093887.579	2841536.67	-3782571.114	-752383.6778	91842994.91	-39563849.73
81.90000029	-4442939.941	10967358.13	-2102221.879	-28350521.52	39779310.01	87263133.25
82.0000011	-2928720.102	6553471.73	4743819.027	45727868.82	-88809359.83	-4781173.429
82.10000002	-667543.6408	1479979.281	2753529.275	-84368244.26	35320069.71	40441217.06
82.2000005	-4423537.236	9518640.308	3564515.997	-29554909.86	70804245.31	-64142545.55
82.30000266	-4150472.547	8111006.861	-4323235.277	49352642.71	-79434989.26	-35431612.13
82.40000001	-495006.9139	948557.4439	-2169608.041	-14604097.34	67378393.06	72442201.03
82.50000261	-4077307.018	7725244.974	-4472429.609	-53185863.65	81564320.67	22793102.09
82.60000258	-5430784.765	9357897.01	3318160.359	35611425.2	-71507758.56	60162005.13
82.70000006	-954148.9021	1604274.61	2970289.366	-15800801.68	-82437545.04	-54363460.47
82.80000104	-3483682.517	5811039.17	4754303.13	-40248141.03	91509533.44	2663162.26
82.90000301	-6502215.023	10082331.63	-1731626.647	18341493.63	-31442957.24	-93144672.7
83.00000011	-1893530.191	2805588.932	-3966091.306	37099405.21	-62370719.87	68807902.43
83.10000038	-2701458.23	3996596.019	-4510766.522	-57844587.31	69450315.19	-42797867.22
83.20000517	-7205312.78	10053758.2	-204918.8979	-1717138.134	-424779.2303	99989354.43
83.30000056	-3145643.091	4161155.84	4603686.49	55485428.82	-83146018.84	-3017737.609
83.40000003	-1844401.229	2418288.924	3780993.797	-31688377.62	89299754.64	31974998.77
83.50000299	-7336179.665	9281232.979	2105234.114	-37676754.31	29936733.04	-87665581.62
83.60000115	-4648968.826	5474356.236	-4742966.632	69481228.17	-71809700.22	4089729.33
83.70000005	-1052848.167	1233868.585	-2750714.26	-25739550.77	-3094498.296	-96586228.87
83.8000019	-6908689.032	7897265.458	-3565986.038	-48081913.17	60516368.02	63457850.8
83.90000322	-6257330.943	6627719.169	4321861.874	69304935	-62155552.7	36530990.32
84	-739762.1184	773686.9932	2169863.357	81844465.57	-29889969.73	49082310.11
84.10000128	-6075434.32	6271144.519	4474280.848	-74223347.76	62778435.69	-23468333.12
84.20000504	-7835445.061	7463765.895	-3314473.712	54894338.32	-58060659.48	-60137936.8
84.30000005	-1366419.793	1276213.271	-2971727.68	50809649.08	-84485383.33	16780928.59
84.40000042	-4968382.628	4600557.445	-4754438.722	-64389588.04	76440301.67	-3444014.097
84.50000138	-9067040.348	7860869.926	1728568.589	25663511.58	-25247740.81	93300245.22
84.6000002	-2605699.617	2165190.134	3968423.888	49681624.98	-54697841.71	-67386068.68
84.70000056	-3709649.09	3077902.253	4509547.76	-74315292.21	51072463.14	43241656.45
84.80000749	-9730658.079	7634102.262	208445.875	-1713636.861	-241188.9282	-99990025.89
84.90000018	-4188159.145	3116136.184	-4604373.906	76835301.21	-63946932.43	2850670.244
85.00000012	-2445409.215	1802243.693	-3779741.08	-63233294.34	73591398.85	-24225121.31
85.10000574	-9640292.431	6853529.445	-2108278.979	-44193334.26	18200690.6	87844658.74
85.20000115	-5999187.512	3955712.508	4742567.947	86930379.66	-49287335.95	-3855853.662
85.30000001	-1356067.963	888399.4111	2747174.111	-1016847.089	73405103.51	67909180.54
85.40000364	-8840874.222	5645321.617	3568043.557	-63177866.85	44869530.6	-63216155.88
85.50000057	-7866216.461	4612497.501	-4320366.135	83839039.59	-40235427.76	-36784858.22
85.60000001	-926990.1414	533987.3954	-2171091.626	-68335024.29	-59918792.61	41726044.01
85.70000014	-7585043.216	4317080.017	-4475412.631	-88838085	39559460.71	23320457.15
85.80000249	-9614776.77	4972457.449	3311632.743	68933106.96	-40308239.79	60203592.66
85.90000005	-1672622.548	844080.1376	2972321.671	97300423.11	-10585483.49	-20532296.56
86.00000002	-6054600.865	3022928.637	4754318.47	-83093927.04	55588517.25	2513172.966
86.10000228	-10906821.31	5007885.275	-1724956.815	31717874.97	-16950560.61	-93314816.09
86.2000002	-3110237.272	1350572.89	-3971011.805	61598210.87	-47516667.57	62839690.65
86.30000039	-4419807.506	1914787.158	-4507663.981	-83913331.12	31444775.95	-44393455.9
86.40000244	-11479530.52	4603497.269	-212964.5238	-1531660.773	-939761.5757	99988853.7
86.50000016	-4896888.321	1820178.832	4604307.942	92820526.03	-37153752.94	-2224542.898
86.60000018	-2848846.126	1043367.261	3779075.176	-89638635.02	40572523.69	17882545.51
86.70000729	-11172131.58	3880364.741	2111742.884	-48042831.01	5029471.424	-87564780.63
86.80000094	-6870855.406	2118136.323	-4743140.387	96906374.77	-24256748.52	4665263.153
86.90000004	-1548347.315	470262.0351	-2745971.992	-90750718.3	41603593.33	-5869254.663
87.00000349	-10065737.79	2941885.16	-3571090.96	-72971712.5	24780952.31	63734084.9
87.10000317	-8846778.645	2224768.509	4318990.353	92144850.7	-15198308.62	35767833.39
87.2	-1041103.264	253711.6693	2170278.66	13787903.11	95780927.89	-25237027.98
87.30000234	-8486548.937	2020509.716	4475537.135	-96472595.56	14161170.57	-22214849.86
87.40000136	-10626557.89	2082234.818	-3310302.931	77093275.42	-20352852.61	-60360486.05
87.50000001	-1845271.196	340315.8386	-2974016.252	58010010.44	41207119.02	70269566.89
87.60000084	-6655380.831	1204355.496	-4754152.614	-95265166.41	30422340.89	171008.6483
87.70000294	-11872884.14	1752168.984	1720552.92	35712344.25	-6644893.667	93174427.05
87.80000027	-3366745.853	427185.839	3973528.297	76245450.7	-37147606.56	-52987607.74
87.9000003	-4775867.265	600146.8842	4505210.971	-88519261.33	12683282.49	44771360.47
88.00000198	-12311129.9	1203216.277	217220.2073	-674675.5061	-2104416.761	-99980579.33
88.1000001	-5214754.424	376311.197	-4603617.234	99871495.47	-4637708.936	2275093.221
88.20000018	-3022973.859	203685.1946	-3778780.399	-98029513.59	-5260753.958	-19066696.98
88.3000057	-11810503.2	599012.9972	-2115520.45	-48548294.61	-8962936.464	86969700.82
88.40000169	-7193025.921	108714.6462	4744449.412	99833309.56	1350994.832	-5699571.453
88.50000002	-1614595.471	19330.06131	2745315.902	-56809660.76	-64116989.28	51601105.9
88.60000168	-10484423.86	3827.897351	3574843.309	-76399065.96	2373300.395	-64486821.64
88.70000124	-9119716.126	-343767.78	-4317716.997	93348168.38	11030382.41	-34138689.56
88.8	-1069722.702	-46828.6795	-2171659.197	76037765.44	-47306379.39	-44512522.91
88.90000227	-8708744.934	-435435.6703	-4475248.406	-97035379.03	-11933870.6	21040863.78
89.0000011	-10788889.14	-976447.3586	3309369.199	79480655.05	768883.1466	60689655.55
89.10000004	-1867827.319	-191256.4915	2977635.931	28977176.11	-6059863.778	-95522779.04
89.20000115	-6722347.275	-708710.4011	4754298.576	-99933483.48	2282283.363	-3014973.169
89.30000142	-11888402.26	-1644185.365	-1715952.304	36580267.51	4468034.336	-92967309.84
89.40000015	-3355117.598	-531640.8588	-3975442.77	90032854.02	-15714017.92	40597473.29
89.50000051	-4749498.091	-761069.7986	-4502896.709	-89735432.37	-7228426.69	-43546550.1
89.60000364	-12156869.73	-2293865.755	-221212.0005	486910.1925	-2829267.005	99963784.28
89.70000035	-5115344.868	-1100295.261	4603083.931	95986533.9	27843281.22	-3512406.842
89.80000007	-2955480.089	-649250.2785	3778091.328	-84523774.84	-45415990.81	28180121.81
89.90000732	-11504725.26	-2730106.038	2118825.421	-44793898.23	-22531428.26	-86526535.94
90.00000143	-6939463.774	-1911254.767	-4745488.922	96026192.74	27251674.77	6108725.78
90.10000001	-1554882.007	-431813.6528	-2741975.443	-13347450.2	4821460.712	-98992924.45
90.2000013	-10063312.38	-2932323.445	-3578064.583	-73564171.11	-19658340.92	64829486.82
90.30000033	-8661898.916	-2886156.83	4316563.088	86955061.26	36564317.88	33209456.17
90.40000001	-1013758.63	-346494.9898	2171854.722	-55767482.21	-39221315.59	-73161986.93
90.5000021	-8234765.866	-2854988.54	4475645.82	-90223889.49	-37928710.47	-20544164.34
90.60000036	-10087299.71	-3959456.492	-3307401.867	76070906.65	22435559.37	-60916851.83
90.70000005	-1741513.54	-705846.1394	-2980910.887	73818719.51	-28942187.81	60943797.18
90.80000046	-6250972.745	-2561963.82	-4754481.205	-96452510.71	-26075523.64	4240311.882
90.90000062	-10953392.43	-4908332.597	1712089.436	33875208.13	14723046.93	92933859.08
91.00000006	-3075696.798	-1450344.392	3976848.214	93861116.77	14434226.39	-31348745.87
91.10000008	-4342939.044	-2059398.237	4501218.264	-85602641.08	-29715094.61	42310766.87
91.20000748	-11028057.22	-5606245.337	224769.2244	1206477.03	-2633329.059	-99963043.13
91.30000034	-4605871.245	-2490891.867	-4603286.792	83223285.94	55270884.82	4473697.369
91.40000007	-2652832.311	-1448289.784	-3776727.747	-60421868.46	-69801992.94	-38443199.58
91.50000595	-10277981.21	-5841683.048	-2122379.187	-36666595.62	-34130325.24	86554501.13
91.60000021	-6130047.653	-3780216.994	4745423.542	84726741.82	52776575.56	-6083772.9
91.70000004	-1369723.605	-850784.0285	2738919.756	-86223092.29	22183768.67	45546226.68
91.80000176	-8836900.387	-5630899.533	3580029.483	-65419569.64	-39323732.64	-64613651.5
91.90000337	-7510090.408	-5197889.962	-4315135.543	73070777.79	59452225.18	-33572225.95
92.00000002	-878027.3923	-615738.4637	-2171663.481	8595752.854	93974948.85	-33103202.6
92.1000026	-7102711.623	-5044883.838	-4477253.888	-75651228.85	-62032943.9	20731749.67
92.20000077	-8576619.757	-6627548.112	3304123.106	66533913.21	43303039.3	60820105.08
92.30000004	-1477629.929	-1165748.092	2982506.023	92837938.53	31375966.69	-19941561.71
92.40000011	-5280513.981	-4207227.404	4754415.389	-85397036.78	-51915160.97	-3627970.587
92.50000687	-9143240.662	-7779825.99	-1709610.511	28320239.89	22918663.91	-93132694.89
92.60000023	-2549601.969	-2255499.523	-3978175.991	85702380.83	44341205.18	26267079.09
92.70000017	-3589632.719	-3190742.976	-4500097.051	-74194777.3	-52182824.86	-42108049.25
92.80000404	-9016483.689	-8467998.462	-228850.3642	1092976.789	-2108520.242	99976795.03
92.90000073	-3726763.512	-3683702.121	4604088.689	64463394.24	76328588.27	-4406519.729
93.00000014	-2139380.321	-2130259.76	3774974.423	-34134180.52	-81438428.07	46942945.73
93.10000202	-8227819.907	-8485386.344	2126106.164	-25344001.25	-42442401.09	-86932871.75
93.2000001	-4828899.548	-5348435.396	-4744506.762	65787569.57	75091462.46	5853883.906
93.30000003	-1073423.95	-1198714.758	-2738055.929	-62888148.92	-77615599.28	-4679687.473
93.40000268	-6904886.475	-7876611.925	-3581333.065	-52682096.93	-55909480.97	64029107.45
93.50000327	-5757245.098	-7094981.585	4313431.668	53049141.91	77367856.16	34655495.62
93.60000001	-669152.6807	-836784.3415	2173225.894	72486911.73	-64875957.24	-23189605.45
93.70000167	-5403055.771	-6829555.901	4479339.92	-54396779.74	-81179344.78	-21258041.66
93.80000354	-6378120.95	-8765813.307	-3300386.019	51092868.05	60917216.81	-60659801.6
93.90000004	-1094388.556	-1535809.921	-2983264.126	38128942.15	91204327.85	15131237.65
94.00000139	-3889321.632	-5514179.508	-4754314.943	-67631292.49	-73623828.82	2557363.216
94.10000486	-6601689.933	-10030757.09	1706570.162	21016559.18	29073989.8	93348847.65
94.20000008	-1818327.965	-2882053.924	3979462.838	67545264.09	70241161.57	-22468122.3
94.30000026	-2550445.535	-4065171.838	4498980.739	-57004533.78	-70677948.4	41905974.97
94.40000701	-6284848.665	-10651937.47	232270.2587	842308.6578	-1943541.31	-99982564.3
94.50000004	-2547992.751	-4583355.197	-4604900.935	40536379.33	91317165.42	4356288.618
94.60000001	-1456533.264	-2640870.605	-3772963.146	-9090518.454	-82185443.77	-56248691.6
94.70000426	-5520159.105	-10448422.88	-2129215.947	-12426437.93	-47307721.38	87227078.01
94.80000144	-3139692.103	-6490062.249	4743804.041	41489028.21	90818470.81	-5627246.159
94.9	-694914.0434	-1447756.899	2737034.475	36047415.2	-75120874.39	55303147.18
95.00000416	-4422163.206	-9491669.37	3583083.761	-35411423.49	-68534200.4	-63640352.47
95.10000341	-3542095.512	-8426406.478	-4311915.886	29104860.1	88942036.95	-35259341.77
95.20000001	-408556.8295	-992496.2509	-2172414.931	-91765779.98	14875845.89	36861237.56
95.3000023	-3272835.991	-8066016.126	-4480714.471	-29233791.48	-93216435.23	21379467.72
95.40000363	-3669001.477	-10203610.89	3297279.275	31662050.17	72925086.21	60666682.62
95.50000003	-620065.9738	-1784434.563	2984557.623	-30464178.8	79850736.32	-51930662.62
95.60000019	-2188011.566	-6378947.925	4754370.669	-44235514.7	-89640819.17	-2956819.061
95.70000686	-3529508.864	-11479758.62	-1703311.564	12127461.05	33589325.9	-93411358.38
95.80000026	-940063.5257	-3279404.334	-3980370.878	38799226.12	90355419.53	18207641.66
95.90000049	-1308606.788	-4613423.409	-4497410.438	-37338893.14	-83602945.37	-40216347.22
96.00000742	-3050596.014	-11985502.57	-236163.3044	1344838.344	-1712100.112	99981298.87
96.10000028	-1163056.416	-5117387.009	4605149.764	11540607.85	99184958.91	-5491657.07
96.20000003	-659214.8411	-2940038.801	3770485.196	7674748.99	-73463496.31	67418194.41
96.30000497	-2373660.075	-11574369.59	2132629.533	1349012.974	-49173104.32	-87070006.18
96.40000051	-1197182.667	-7113630.128	-4744178.583	15417339.84	98639924.7	5785402.964
96.50000003	-262936.6433	-1583310.758	-2733635.984	-14389382.32	-9182954.605	-98537399.1
96.60000131	-1586164.364	-10347362.5	-3586129.967	-14373986.81	-75550300.77	63926055.38
96.70000047	-1040290.766	-9085252.69	4310505.748	3192942.27	93786789.24	34566505.22
96.80000001	-115537.8884	-1066380.7	2173749.682	50292507.45	72934346.39	46392292.58
96.90000147	-883429.8054	-8655664.343	4480960.56	-2945911.354	-97802122.21	-20665587.31
97.00000126	-665557.9492	-10826716.08	-3295490.808	10699931.85	78626439.15	-60863737.35
97.1	-93831.5045	-1888521.217	-2987587.71	-17985150.37	31703908.52	93125702.96
97.20000139	-312751.8238	-6732718.41	-4754736.672	-16686631.73	-98466742.21	5182374.041
97.30000749	-172640.9476	-12009133.01	1699092.684	1617999.379	35999307.15	93286826.31
97.40000016	15605.33621	-3415471.915	3980718.22	-510685.5793	98754414.3	-15757691.99
97.50000058	36713.56245	-4791819.896	4495529.153	-16114896.96	-91866681.83	36080782.51
97.60000173	429111.7518	-12361614.88	240905.9191	2419392.463	-773246.6093	-99972739.44
97.70000023	317744.5525	-5242259.113	-4604951.553	-19952240.47	97615573.97	8608589.879
97.80000005	189526.2501	-3004606.476	-3767346.819	10842149.95	-65048014.38	-75181138.66
97.90000397	960030.4609	-11774850.06	-2136250.671	15429637.6	-47747174.21	86505107.59
98.00000102	843326.3139	-7168166.188	4745508.89	-10299527.53	99297658.81	-5907172.66
98.10000001	192945.0463	-1591948.991	2730787.592	-50444935.69	-79976532.62	32558604
98.20000287	1375998.79	-10375294.45	3589748.786	8332958.915	-75911743.43	-64567553.82
98.30000037	1547989.291	-9016605.588	-4309589.955	-22805222.21	91587752.34	-33054583.08
98.4	189658.9505	-1056177.689	-2174133.975	43244660.66	-54862057.76	71561539.56
98.50000042	1574118.959	-8552673.407	-4480451.002	22876599.18	-95323592.89	19775587.21
98.60000382	2392817.391	-10584134.52	3294699.942	-10459482.99	78335788.25	61278899.27
98.70000004	438395.4421	-1840462.038	2991348.924	33537050.95	52581683.27	-78175653.49
98.8000007	1585653.423	-6546723.774	4755521.675	12981253.56	-98845091.23	-7882575.523
98.90000702	3198857.125	-11576540.93	-1694554.192	-9461793.93	35422019.95	-93041683.99
99.0000001	972990.446	-3278237.809	-3980922.3	-40834342.25	89324294.19	18834196.56
99.1000001	1377427.183	-4585970.93	-4493921.79	8306955.918	-94829444.62	-30649158.51
99.20000537	3875366.311	-11748317.6	-244735.2995	3199320.621	628004.6189	99951838.19
99.30000021	1775610.344	-4946798.826	4604972.957	-48596979.97	86462261.92	-12791043.82
99.40000012	1022672.159	-2829033.535	3764059.643	11213200.66	-66543958.03	73804917.05
99.5000009	4216117.677	-11034108.68	2139867.193	28637014.18	-42353947.12	-85948034.2
99.60000096	2818272.437	-6648964.395	-4746774.02	-35429662	93354482.85	5538915.341
99.70000002	630144.3199	-1470521.142	-2730434.311	70686079.2	-69558597.91	-12887189.92
99.80000495	4226294.032	-9572543.883	-3593166.259	29979062.73	-69882268.66	64951707.64
99.9000007	4013958.456	-8225269.32	4308810.889	-47173158.66	82194674.19	31933190.21
100	477130.3377	-962647.2006	2173777.094	-98276856.54	1948901.512	18408184.38
